%YAML:1.0
---
CalibrationFramePatternImage: [ 3.46950226e+02, 1.55699585e+02,
    3.52737823e+02, 1.69839355e+02, 3.58350494e+02, 1.83271423e+02,
    3.64019104e+02, 1.96856247e+02, 3.42654694e+02, 1.65435226e+02,
    3.48459015e+02, 1.79399765e+02, 3.54048981e+02, 1.93131012e+02,
    3.59807831e+02, 2.06862640e+02, 3.32760193e+02, 1.61649307e+02,
    3.38441223e+02, 1.75654465e+02, 3.44192993e+02, 1.89295654e+02,
    3.49993866e+02, 2.03063492e+02, 3.28564606e+02, 1.71616653e+02,
    3.34447235e+02, 1.85397400e+02, 3.40274170e+02, 1.99179825e+02,
    3.46136688e+02, 2.12785934e+02, 3.18521881e+02, 1.67663925e+02,
    3.24362854e+02, 1.81604553e+02, 3.30202606e+02, 1.95452408e+02,
    3.36270416e+02, 2.08977478e+02, 3.14367126e+02, 1.77877106e+02,
    3.20325104e+02, 1.91386780e+02, 3.26170502e+02, 2.05191391e+02,
    3.32219879e+02, 2.18963791e+02, 3.04448029e+02, 1.73703278e+02,
    3.10310669e+02, 1.87725891e+02, 3.16446655e+02, 2.01386963e+02,
    3.22356934e+02, 2.15011490e+02, 3.00165192e+02, 1.83974396e+02,
    3.06306458e+02, 1.97403687e+02, 3.12395996e+02, 2.11397583e+02,
    3.18361267e+02, 2.25117630e+02, 2.90222931e+02, 1.79883041e+02,
    2.96219910e+02, 1.93784683e+02, 3.02307587e+02, 2.07567886e+02,
    3.08413208e+02, 2.21080475e+02, 2.86130035e+02, 1.89918350e+02,
    2.92291809e+02, 2.03658371e+02, 2.98413666e+02, 2.17459152e+02,
    3.04557739e+02, 2.31104980e+02, 2.75848267e+02, 1.85932663e+02,
    2.82123291e+02, 2.00059509e+02, 2.88294464e+02, 2.13696686e+02,
    2.94475281e+02, 2.27443176e+02 ]
CalibrationFramePatternWorld: [ 0., 0., 0., 0., 7.00000003e-02, 0., 0.,
    1.40000001e-01, 0., 0., 2.10000008e-01, 0., 3.50000001e-02,
    3.50000001e-02, 0., 3.50000001e-02, 1.05000004e-01, 0.,
    3.50000001e-02, 1.74999997e-01, 0., 3.50000001e-02, 2.45000005e-01,
    0., 7.00000003e-02, 0., 0., 7.00000003e-02, 7.00000003e-02, 0.,
    7.00000003e-02, 1.40000001e-01, 0., 7.00000003e-02, 2.10000008e-01,
    0., 1.05000004e-01, 3.50000001e-02, 0., 1.05000004e-01,
    1.05000004e-01, 0., 1.05000004e-01, 1.74999997e-01, 0.,
    1.05000004e-01, 2.45000005e-01, 0., 1.40000001e-01, 0., 0.,
    1.40000001e-01, 7.00000003e-02, 0., 1.40000001e-01, 1.40000001e-01,
    0., 1.40000001e-01, 2.10000008e-01, 0., 1.74999997e-01,
    3.50000001e-02, 0., 1.74999997e-01, 1.05000004e-01, 0.,
    1.74999997e-01, 1.74999997e-01, 0., 1.74999997e-01, 2.45000005e-01,
    0., 2.10000008e-01, 0., 0., 2.10000008e-01, 7.00000003e-02, 0.,
    2.10000008e-01, 1.40000001e-01, 0., 2.10000008e-01, 2.10000008e-01,
    0., 2.45000005e-01, 3.50000001e-02, 0., 2.45000005e-01,
    1.05000004e-01, 0., 2.45000005e-01, 1.74999997e-01, 0.,
    2.45000005e-01, 2.45000005e-01, 0., 2.80000001e-01, 0., 0.,
    2.80000001e-01, 7.00000003e-02, 0., 2.80000001e-01, 1.40000001e-01,
    0., 2.80000001e-01, 2.10000008e-01, 0., 3.14999998e-01,
    3.50000001e-02, 0., 3.14999998e-01, 1.05000004e-01, 0.,
    3.14999998e-01, 1.74999997e-01, 0., 3.14999998e-01, 2.45000005e-01,
    0., 3.49999994e-01, 0., 0., 3.49999994e-01, 7.00000003e-02, 0.,
    3.49999994e-01, 1.40000001e-01, 0., 3.49999994e-01, 2.10000008e-01,
    0. ]
CalibrationFrameExtRotation: !!opencv-matrix
   rows: 3
   cols: 1
   dt: d
   data: [ 6.0584631170020986e-01, 2.9388013223315879e+00,
       3.8729367053694991e-01 ]
CalibrationFrameExtTranslation: !!opencv-matrix
   rows: 3
   cols: 1
   dt: d
   data: [ -9.6942664717197313e-02, -4.1973313181852184e-01,
       2.9579016211131388e+00 ]
CalibrationFrameRMSerror: 1.4863488078117371e-01
