%YAML:1.0
---
CalibrationFramePatternImage: [ 1.53095306e+02, 5.53447495e+01,
    1.48243256e+02, 7.83961716e+01, 1.43344757e+02, 1.01212830e+02,
    1.38687943e+02, 1.24108040e+02, 1.41796402e+02, 6.52648010e+01,
    1.36807892e+02, 8.80334320e+01, 1.32144653e+02, 1.10887451e+02,
    1.27415695e+02, 1.33685883e+02, 1.34972702e+02, 5.24009933e+01,
    1.30186371e+02, 7.50237198e+01, 1.25577782e+02, 9.77502136e+01,
    1.21088875e+02, 1.20385941e+02, 1.23996262e+02, 6.22117348e+01,
    1.19114456e+02, 8.47128906e+01, 1.14544960e+02, 1.07209503e+02,
    1.09745407e+02, 1.29685959e+02, 1.17458549e+02, 4.95512581e+01,
    1.12632034e+02, 7.19221115e+01, 1.08149307e+02, 9.43298798e+01,
    1.03506485e+02, 1.16569061e+02, 1.06463608e+02, 5.92211761e+01,
    1.01883911e+02, 8.14248657e+01, 9.73302994e+01, 1.03669426e+02,
    9.23869019e+01, 1.25912788e+02, 1.00347137e+02, 4.67461662e+01,
    9.55224457e+01, 6.88994370e+01, 9.12782364e+01, 9.09440231e+01,
    8.63976822e+01, 1.12938171e+02, 8.95548019e+01, 5.63494682e+01,
    8.52966919e+01, 7.82592239e+01, 8.04988785e+01, 1.00251282e+02,
    7.57860184e+01, 1.22186142e+02, 8.34733810e+01, 4.41211586e+01,
    7.91379852e+01, 6.58309479e+01, 7.44890900e+01, 8.76169968e+01,
    7.00124054e+01, 1.09405899e+02, 7.29782410e+01, 5.33911057e+01,
    6.84867325e+01, 7.49694748e+01, 6.40642090e+01, 9.67970657e+01,
    5.93163147e+01, 1.18440727e+02, 6.68977890e+01, 4.11261101e+01,
    6.22149315e+01, 6.26578789e+01, 5.80696526e+01, 8.42715759e+01,
    5.33455925e+01, 1.05861847e+02 ]
CalibrationFramePatternWorld: [ 0., 0., 0., 0., 7.00000003e-02, 0., 0.,
    1.40000001e-01, 0., 0., 2.10000008e-01, 0., 3.50000001e-02,
    3.50000001e-02, 0., 3.50000001e-02, 1.05000004e-01, 0.,
    3.50000001e-02, 1.74999997e-01, 0., 3.50000001e-02, 2.45000005e-01,
    0., 7.00000003e-02, 0., 0., 7.00000003e-02, 7.00000003e-02, 0.,
    7.00000003e-02, 1.40000001e-01, 0., 7.00000003e-02, 2.10000008e-01,
    0., 1.05000004e-01, 3.50000001e-02, 0., 1.05000004e-01,
    1.05000004e-01, 0., 1.05000004e-01, 1.74999997e-01, 0.,
    1.05000004e-01, 2.45000005e-01, 0., 1.40000001e-01, 0., 0.,
    1.40000001e-01, 7.00000003e-02, 0., 1.40000001e-01, 1.40000001e-01,
    0., 1.40000001e-01, 2.10000008e-01, 0., 1.74999997e-01,
    3.50000001e-02, 0., 1.74999997e-01, 1.05000004e-01, 0.,
    1.74999997e-01, 1.74999997e-01, 0., 1.74999997e-01, 2.45000005e-01,
    0., 2.10000008e-01, 0., 0., 2.10000008e-01, 7.00000003e-02, 0.,
    2.10000008e-01, 1.40000001e-01, 0., 2.10000008e-01, 2.10000008e-01,
    0., 2.45000005e-01, 3.50000001e-02, 0., 2.45000005e-01,
    1.05000004e-01, 0., 2.45000005e-01, 1.74999997e-01, 0.,
    2.45000005e-01, 2.45000005e-01, 0., 2.80000001e-01, 0., 0.,
    2.80000001e-01, 7.00000003e-02, 0., 2.80000001e-01, 1.40000001e-01,
    0., 2.80000001e-01, 2.10000008e-01, 0., 3.14999998e-01,
    3.50000001e-02, 0., 3.14999998e-01, 1.05000004e-01, 0.,
    3.14999998e-01, 1.74999997e-01, 0., 3.14999998e-01, 2.45000005e-01,
    0., 3.49999994e-01, 0., 0., 3.49999994e-01, 7.00000003e-02, 0.,
    3.49999994e-01, 1.40000001e-01, 0., 3.49999994e-01, 2.10000008e-01,
    0. ]
CalibrationFrameExtRotation: !!opencv-matrix
   rows: 3
   cols: 1
   dt: d
   data: [ 3.4148894867221524e-01, -2.7708286974651735e+00,
       -5.3621051484888813e-02 ]
CalibrationFrameExtTranslation: !!opencv-matrix
   rows: 3
   cols: 1
   dt: d
   data: [ -6.4465245376079094e-01, -5.7855574877649918e-01,
       1.9216946903435408e+00 ]
CalibrationFrameRMSerror: 1.8973933160305023e-01
