%YAML:1.0
---
CalibrationFramePatternImage: [ 5.47474670e+02, 3.25223114e+02,
    5.47836548e+02, 3.41185730e+02, 5.48110413e+02, 3.57073425e+02,
    5.48462524e+02, 3.73439178e+02, 5.39193604e+02, 3.32651978e+02,
    5.39528687e+02, 3.48703979e+02, 5.39790894e+02, 3.64629944e+02,
    5.40039673e+02, 3.80662842e+02, 5.30517944e+02, 3.24743866e+02,
    5.30843445e+02, 3.40490417e+02, 5.31310913e+02, 3.56300446e+02,
    5.31621033e+02, 3.72304840e+02, 5.22644653e+02, 3.32180328e+02,
    5.23041321e+02, 3.47750854e+02, 5.23306702e+02, 3.63878021e+02,
    5.23557556e+02, 3.79712646e+02, 5.14250183e+02, 3.24035309e+02,
    5.14499756e+02, 3.39900330e+02, 5.14824524e+02, 3.55497772e+02,
    5.15066833e+02, 3.71313354e+02, 5.06283966e+02, 3.31601685e+02,
    5.06481598e+02, 3.47202179e+02, 5.06711029e+02, 3.62679321e+02,
    5.06965485e+02, 3.78763123e+02, 4.97933075e+02, 3.23630646e+02,
    4.98235260e+02, 3.39040466e+02, 4.98707825e+02, 3.54696503e+02,
    4.98836182e+02, 3.70418671e+02, 4.90395630e+02, 3.31206512e+02,
    4.90582489e+02, 3.46463257e+02, 4.90788849e+02, 3.62003937e+02,
    4.90989655e+02, 3.77593719e+02, 4.82077789e+02, 3.23269958e+02,
    4.82400513e+02, 3.38466797e+02, 4.82549835e+02, 3.53745728e+02,
    4.82775604e+02, 3.69438080e+02, 4.74563110e+02, 3.30593140e+02,
    4.74833191e+02, 3.45848206e+02, 4.75013184e+02, 3.61106873e+02,
    4.75196686e+02, 3.76771606e+02, 4.66562408e+02, 3.22863342e+02,
    4.66756836e+02, 3.38017242e+02, 4.66995941e+02, 3.53137726e+02,
    4.67201111e+02, 3.68567719e+02 ]
CalibrationFramePatternWorld: [ 0., 0., 0., 0., 7.00000003e-02, 0., 0.,
    1.40000001e-01, 0., 0., 2.10000008e-01, 0., 3.50000001e-02,
    3.50000001e-02, 0., 3.50000001e-02, 1.05000004e-01, 0.,
    3.50000001e-02, 1.74999997e-01, 0., 3.50000001e-02, 2.45000005e-01,
    0., 7.00000003e-02, 0., 0., 7.00000003e-02, 7.00000003e-02, 0.,
    7.00000003e-02, 1.40000001e-01, 0., 7.00000003e-02, 2.10000008e-01,
    0., 1.05000004e-01, 3.50000001e-02, 0., 1.05000004e-01,
    1.05000004e-01, 0., 1.05000004e-01, 1.74999997e-01, 0.,
    1.05000004e-01, 2.45000005e-01, 0., 1.40000001e-01, 0., 0.,
    1.40000001e-01, 7.00000003e-02, 0., 1.40000001e-01, 1.40000001e-01,
    0., 1.40000001e-01, 2.10000008e-01, 0., 1.74999997e-01,
    3.50000001e-02, 0., 1.74999997e-01, 1.05000004e-01, 0.,
    1.74999997e-01, 1.74999997e-01, 0., 1.74999997e-01, 2.45000005e-01,
    0., 2.10000008e-01, 0., 0., 2.10000008e-01, 7.00000003e-02, 0.,
    2.10000008e-01, 1.40000001e-01, 0., 2.10000008e-01, 2.10000008e-01,
    0., 2.45000005e-01, 3.50000001e-02, 0., 2.45000005e-01,
    1.05000004e-01, 0., 2.45000005e-01, 1.74999997e-01, 0.,
    2.45000005e-01, 2.45000005e-01, 0., 2.80000001e-01, 0., 0.,
    2.80000001e-01, 7.00000003e-02, 0., 2.80000001e-01, 1.40000001e-01,
    0., 2.80000001e-01, 2.10000008e-01, 0., 3.14999998e-01,
    3.50000001e-02, 0., 3.14999998e-01, 1.05000004e-01, 0.,
    3.14999998e-01, 1.74999997e-01, 0., 3.14999998e-01, 2.45000005e-01,
    0., 3.49999994e-01, 0., 0., 3.49999994e-01, 7.00000003e-02, 0.,
    3.49999994e-01, 1.40000001e-01, 0., 3.49999994e-01, 2.10000008e-01,
    0. ]
CalibrationFrameExtRotation: !!opencv-matrix
   rows: 3
   cols: 1
   dt: d
   data: [ -8.1771467703307676e-03, -2.8533345930023217e+00,
       2.3001259380105887e-02 ]
CalibrationFrameExtTranslation: !!opencv-matrix
   rows: 3
   cols: 1
   dt: d
   data: [ 7.8460346818027682e-01, 3.4367286559056537e-01,
       2.9195104455715932e+00 ]
CalibrationFrameRMSerror: 1.5932604670524597e-01
