%YAML:1.0
---
CalibrationFramePatternImage: [ 4.08954529e+02, 3.67811920e+02,
    4.04290558e+02, 3.83939514e+02, 3.99910797e+02, 4.00338745e+02,
    3.95299164e+02, 4.16833740e+02, 3.98770966e+02, 3.73170624e+02,
    3.94450989e+02, 3.89400238e+02, 3.89553986e+02, 4.05879089e+02,
    3.85035675e+02, 4.22740265e+02, 3.93504364e+02, 3.62381531e+02,
    3.88863403e+02, 3.78404938e+02, 3.84075104e+02, 3.94842041e+02,
    3.79434631e+02, 4.11699310e+02, 3.83435364e+02, 3.67690125e+02,
    3.78719879e+02, 3.83751312e+02, 3.73870575e+02, 4.00538147e+02,
    3.69294830e+02, 4.17436218e+02, 3.78038818e+02, 3.56755127e+02,
    3.73404633e+02, 3.73182648e+02, 3.68353333e+02, 3.89339966e+02,
    3.63761566e+02, 4.06314667e+02, 3.67992889e+02, 3.62101501e+02,
    3.62931610e+02, 3.78447601e+02, 3.58256317e+02, 3.94952576e+02,
    3.53222626e+02, 4.12164917e+02, 3.62678406e+02, 3.51320160e+02,
    3.57721039e+02, 3.67505524e+02, 3.52805695e+02, 3.83819946e+02,
    3.47641846e+02, 4.00730103e+02, 3.52549316e+02, 3.56589630e+02,
    3.47327637e+02, 3.73008759e+02, 3.42268829e+02, 3.89522522e+02,
    3.37378479e+02, 4.06705017e+02, 3.47194885e+02, 3.45949677e+02,
    3.41965759e+02, 3.61884979e+02, 3.36961060e+02, 3.78373962e+02,
    3.31839539e+02, 3.95312195e+02, 3.36991852e+02, 3.50901306e+02,
    3.31668152e+02, 3.67406891e+02, 3.26359467e+02, 3.83918762e+02,
    3.21163544e+02, 4.01141693e+02, 3.31708527e+02, 3.40252502e+02,
    3.26475586e+02, 3.56330811e+02, 3.21112976e+02, 3.72815033e+02,
    3.15881439e+02, 3.89694916e+02 ]
CalibrationFramePatternWorld: [ 0., 0., 0., 0., 7.00000003e-02, 0., 0.,
    1.40000001e-01, 0., 0., 2.10000008e-01, 0., 3.50000001e-02,
    3.50000001e-02, 0., 3.50000001e-02, 1.05000004e-01, 0.,
    3.50000001e-02, 1.74999997e-01, 0., 3.50000001e-02, 2.45000005e-01,
    0., 7.00000003e-02, 0., 0., 7.00000003e-02, 7.00000003e-02, 0.,
    7.00000003e-02, 1.40000001e-01, 0., 7.00000003e-02, 2.10000008e-01,
    0., 1.05000004e-01, 3.50000001e-02, 0., 1.05000004e-01,
    1.05000004e-01, 0., 1.05000004e-01, 1.74999997e-01, 0.,
    1.05000004e-01, 2.45000005e-01, 0., 1.40000001e-01, 0., 0.,
    1.40000001e-01, 7.00000003e-02, 0., 1.40000001e-01, 1.40000001e-01,
    0., 1.40000001e-01, 2.10000008e-01, 0., 1.74999997e-01,
    3.50000001e-02, 0., 1.74999997e-01, 1.05000004e-01, 0.,
    1.74999997e-01, 1.74999997e-01, 0., 1.74999997e-01, 2.45000005e-01,
    0., 2.10000008e-01, 0., 0., 2.10000008e-01, 7.00000003e-02, 0.,
    2.10000008e-01, 1.40000001e-01, 0., 2.10000008e-01, 2.10000008e-01,
    0., 2.45000005e-01, 3.50000001e-02, 0., 2.45000005e-01,
    1.05000004e-01, 0., 2.45000005e-01, 1.74999997e-01, 0.,
    2.45000005e-01, 2.45000005e-01, 0., 2.80000001e-01, 0., 0.,
    2.80000001e-01, 7.00000003e-02, 0., 2.80000001e-01, 1.40000001e-01,
    0., 2.80000001e-01, 2.10000008e-01, 0., 3.14999998e-01,
    3.50000001e-02, 0., 3.14999998e-01, 1.05000004e-01, 0.,
    3.14999998e-01, 1.74999997e-01, 0., 3.14999998e-01, 2.45000005e-01,
    0., 3.49999994e-01, 0., 0., 3.49999994e-01, 7.00000003e-02, 0.,
    3.49999994e-01, 1.40000001e-01, 0., 3.49999994e-01, 2.10000008e-01,
    0. ]
CalibrationFrameExtRotation: !!opencv-matrix
   rows: 3
   cols: 1
   dt: d
   data: [ -4.8668175360821253e-01, 2.8467139860827224e+00,
       -3.8573721602858940e-01 ]
CalibrationFrameExtTranslation: !!opencv-matrix
   rows: 3
   cols: 1
   dt: d
   data: [ 1.6993063868075400e-01, 5.1062937506665074e-01,
       2.7736651338596410e+00 ]
CalibrationFrameRMSerror: 1.5341489017009735e-01
