%YAML:1.0
---
CalibrationFramePatternImage: [ 5.44209839e+02, 2.50386063e+02,
    5.48507507e+02, 2.77616486e+02, 5.52475525e+02, 3.04817902e+02,
    5.56601807e+02, 3.32252167e+02, 5.31893250e+02, 2.66006134e+02,
    5.36163818e+02, 2.93053558e+02, 5.40155090e+02, 3.20322998e+02,
    5.44030823e+02, 3.47704132e+02, 5.15557800e+02, 2.54817825e+02,
    5.19872375e+02, 2.81754150e+02, 5.23897095e+02, 3.08465118e+02,
    5.27903381e+02, 3.35782318e+02, 5.03687469e+02, 2.70296051e+02,
    5.07686737e+02, 2.97062500e+02, 5.11744781e+02, 3.24061401e+02,
    5.15834534e+02, 3.51211823e+02, 4.87470947e+02, 2.58868042e+02,
    4.91710297e+02, 2.85688965e+02, 4.95628632e+02, 3.12395050e+02,
    4.99839508e+02, 3.39306274e+02, 4.75628998e+02, 2.74272797e+02,
    4.79815857e+02, 3.00868683e+02, 4.83807678e+02, 3.27471039e+02,
    4.87693115e+02, 3.54531464e+02, 4.59750763e+02, 2.63183472e+02,
    4.63930450e+02, 2.89737946e+02, 4.68198700e+02, 3.16129120e+02,
    4.71822266e+02, 3.42627197e+02, 4.48092834e+02, 2.78486298e+02,
    4.52287354e+02, 3.04697144e+02, 4.56310547e+02, 3.31117615e+02,
    4.60175720e+02, 3.57894257e+02, 4.32530273e+02, 2.67378540e+02,
    4.36600708e+02, 2.93542877e+02, 4.40661285e+02, 3.19827179e+02,
    4.44695496e+02, 3.46242767e+02, 4.21134216e+02, 2.82464417e+02,
    4.25119232e+02, 3.08511780e+02, 4.29080231e+02, 3.34707550e+02,
    4.33058197e+02, 3.61141754e+02, 4.05550903e+02, 2.71361542e+02,
    4.09718048e+02, 2.97666656e+02, 4.13767059e+02, 3.23614075e+02,
    4.17642578e+02, 3.49773865e+02 ]
CalibrationFramePatternWorld: [ 0., 0., 0., 0., 7.00000003e-02, 0., 0.,
    1.40000001e-01, 0., 0., 2.10000008e-01, 0., 3.50000001e-02,
    3.50000001e-02, 0., 3.50000001e-02, 1.05000004e-01, 0.,
    3.50000001e-02, 1.74999997e-01, 0., 3.50000001e-02, 2.45000005e-01,
    0., 7.00000003e-02, 0., 0., 7.00000003e-02, 7.00000003e-02, 0.,
    7.00000003e-02, 1.40000001e-01, 0., 7.00000003e-02, 2.10000008e-01,
    0., 1.05000004e-01, 3.50000001e-02, 0., 1.05000004e-01,
    1.05000004e-01, 0., 1.05000004e-01, 1.74999997e-01, 0.,
    1.05000004e-01, 2.45000005e-01, 0., 1.40000001e-01, 0., 0.,
    1.40000001e-01, 7.00000003e-02, 0., 1.40000001e-01, 1.40000001e-01,
    0., 1.40000001e-01, 2.10000008e-01, 0., 1.74999997e-01,
    3.50000001e-02, 0., 1.74999997e-01, 1.05000004e-01, 0.,
    1.74999997e-01, 1.74999997e-01, 0., 1.74999997e-01, 2.45000005e-01,
    0., 2.10000008e-01, 0., 0., 2.10000008e-01, 7.00000003e-02, 0.,
    2.10000008e-01, 1.40000001e-01, 0., 2.10000008e-01, 2.10000008e-01,
    0., 2.45000005e-01, 3.50000001e-02, 0., 2.45000005e-01,
    1.05000004e-01, 0., 2.45000005e-01, 1.74999997e-01, 0.,
    2.45000005e-01, 2.45000005e-01, 0., 2.80000001e-01, 0., 0.,
    2.80000001e-01, 7.00000003e-02, 0., 2.80000001e-01, 1.40000001e-01,
    0., 2.80000001e-01, 2.10000008e-01, 0., 3.14999998e-01,
    3.50000001e-02, 0., 3.14999998e-01, 1.05000004e-01, 0.,
    3.14999998e-01, 1.74999997e-01, 0., 3.14999998e-01, 2.45000005e-01,
    0., 3.49999994e-01, 0., 0., 3.49999994e-01, 7.00000003e-02, 0.,
    3.49999994e-01, 1.40000001e-01, 0., 3.49999994e-01, 2.10000008e-01,
    0. ]
CalibrationFrameExtRotation: !!opencv-matrix
   rows: 3
   cols: 1
   dt: d
   data: [ -2.3885011631398886e-01, -3.0634568944808533e+00,
       -1.4991019039563383e-01 ]
CalibrationFrameExtTranslation: !!opencv-matrix
   rows: 3
   cols: 1
   dt: d
   data: [ 4.4020144890821139e-01, 8.2264722305964069e-03,
       1.6610890424632287e+00 ]
CalibrationFrameRMSerror: 3.5402536392211914e-01
