%YAML:1.0
---
CalibrationFramePatternImage: [ 2.15587616e+02, 5.28432541e+01,
    2.24106247e+02, 6.76381531e+01, 2.32578339e+02, 8.23003006e+01,
    2.41081238e+02, 9.70988312e+01, 2.12000534e+02, 6.31106987e+01,
    2.20513702e+02, 7.79611282e+01, 2.29102676e+02, 9.28928757e+01,
    2.37674118e+02, 1.07835503e+02, 2.00068680e+02, 5.89295959e+01,
    2.08555771e+02, 7.37894974e+01, 2.17105118e+02, 8.88101654e+01,
    2.25681992e+02, 1.03781830e+02, 1.96407928e+02, 6.93752747e+01,
    2.04882401e+02, 8.44011307e+01, 2.13508667e+02, 9.95039062e+01,
    2.22158539e+02, 1.14640419e+02, 1.84227097e+02, 6.50464325e+01,
    1.92818405e+02, 8.01659393e+01, 2.01225830e+02, 9.51454544e+01,
    2.09909576e+02, 1.10269386e+02, 1.80322556e+02, 7.57884827e+01,
    1.88827072e+02, 9.09537048e+01, 1.97586853e+02, 1.06113037e+02,
    2.06476807e+02, 1.21462975e+02, 1.67848404e+02, 7.13227539e+01,
    1.76517990e+02, 8.65511780e+01, 1.85265762e+02, 1.01898468e+02,
    1.93959396e+02, 1.17123688e+02, 1.64056458e+02, 8.22401199e+01,
    1.72782608e+02, 9.76211090e+01, 1.81572968e+02, 1.13047142e+02,
    1.90475327e+02, 1.28363861e+02, 1.51550949e+02, 7.77596893e+01,
    1.60223328e+02, 9.32008514e+01, 1.68955521e+02, 1.08657860e+02,
    1.77849335e+02, 1.24214233e+02, 1.47456909e+02, 8.85605240e+01,
    1.55978104e+02, 1.04135651e+02, 1.64934937e+02, 1.19723709e+02,
    1.73864578e+02, 1.35408203e+02, 1.34522018e+02, 8.39940338e+01,
    1.43338379e+02, 9.97517548e+01, 1.52159302e+02, 1.15448029e+02,
    1.61140289e+02, 1.31071548e+02 ]
CalibrationFramePatternWorld: [ 0., 0., 0., 0., 7.00000003e-02, 0., 0.,
    1.40000001e-01, 0., 0., 2.10000008e-01, 0., 3.50000001e-02,
    3.50000001e-02, 0., 3.50000001e-02, 1.05000004e-01, 0.,
    3.50000001e-02, 1.74999997e-01, 0., 3.50000001e-02, 2.45000005e-01,
    0., 7.00000003e-02, 0., 0., 7.00000003e-02, 7.00000003e-02, 0.,
    7.00000003e-02, 1.40000001e-01, 0., 7.00000003e-02, 2.10000008e-01,
    0., 1.05000004e-01, 3.50000001e-02, 0., 1.05000004e-01,
    1.05000004e-01, 0., 1.05000004e-01, 1.74999997e-01, 0.,
    1.05000004e-01, 2.45000005e-01, 0., 1.40000001e-01, 0., 0.,
    1.40000001e-01, 7.00000003e-02, 0., 1.40000001e-01, 1.40000001e-01,
    0., 1.40000001e-01, 2.10000008e-01, 0., 1.74999997e-01,
    3.50000001e-02, 0., 1.74999997e-01, 1.05000004e-01, 0.,
    1.74999997e-01, 1.74999997e-01, 0., 1.74999997e-01, 2.45000005e-01,
    0., 2.10000008e-01, 0., 0., 2.10000008e-01, 7.00000003e-02, 0.,
    2.10000008e-01, 1.40000001e-01, 0., 2.10000008e-01, 2.10000008e-01,
    0., 2.45000005e-01, 3.50000001e-02, 0., 2.45000005e-01,
    1.05000004e-01, 0., 2.45000005e-01, 1.74999997e-01, 0.,
    2.45000005e-01, 2.45000005e-01, 0., 2.80000001e-01, 0., 0.,
    2.80000001e-01, 7.00000003e-02, 0., 2.80000001e-01, 1.40000001e-01,
    0., 2.80000001e-01, 2.10000008e-01, 0., 3.14999998e-01,
    3.50000001e-02, 0., 3.14999998e-01, 1.05000004e-01, 0.,
    3.14999998e-01, 1.74999997e-01, 0., 3.14999998e-01, 2.45000005e-01,
    0., 3.49999994e-01, 0., 0., 3.49999994e-01, 7.00000003e-02, 0.,
    3.49999994e-01, 1.40000001e-01, 0., 3.49999994e-01, 2.10000008e-01,
    0. ]
CalibrationFrameExtRotation: !!opencv-matrix
   rows: 3
   cols: 1
   dt: d
   data: [ 7.0890722680787588e-01, 2.6465542422727091e+00,
       -1.5585103347523818e-01 ]
CalibrationFrameExtTranslation: !!opencv-matrix
   rows: 3
   cols: 1
   dt: d
   data: [ -6.1628660880949970e-01, -7.8761648382480198e-01,
       2.5924604406347318e+00 ]
CalibrationFrameRMSerror: 1.2886784970760345e-01
