%YAML:1.0
---
CalibrationFramePatternImage: [ 4.00276642e+02, 2.25213531e+02,
    3.95373505e+02, 2.51433197e+02, 3.90440216e+02, 2.77388733e+02,
    3.85633087e+02, 3.03855713e+02, 3.84703949e+02, 2.35418381e+02,
    3.79761597e+02, 2.61547455e+02, 3.74757965e+02, 2.88112122e+02,
    3.69994049e+02, 3.14917786e+02, 3.74390717e+02, 2.19695602e+02,
    3.69292786e+02, 2.45824554e+02, 3.64157379e+02, 2.72195343e+02,
    3.59154205e+02, 2.98888947e+02, 3.58605438e+02, 2.29845505e+02,
    3.53401978e+02, 2.56167053e+02, 3.48213654e+02, 2.82995483e+02,
    3.43775970e+02, 3.09869324e+02, 3.48089081e+02, 2.13786835e+02,
    3.42716949e+02, 2.40375656e+02, 3.37421967e+02, 2.66857147e+02,
    3.32681061e+02, 2.93882080e+02, 3.32144470e+02, 2.24183121e+02,
    3.26768341e+02, 2.50809372e+02, 3.21612915e+02, 2.77672638e+02,
    3.16573730e+02, 3.04927002e+02, 3.21481598e+02, 2.07983978e+02,
    3.16023895e+02, 2.34625244e+02, 3.10708496e+02, 2.61478546e+02,
    3.05401917e+02, 2.88650482e+02, 3.05424713e+02, 2.18385635e+02,
    3.00030121e+02, 2.45082611e+02, 2.94472229e+02, 2.72486053e+02,
    2.89223389e+02, 2.99986450e+02, 2.94523987e+02, 2.02151550e+02,
    2.89030731e+02, 2.28832642e+02, 2.83564941e+02, 2.55954483e+02,
    2.78210083e+02, 2.83560547e+02, 2.78324982e+02, 2.12586655e+02,
    2.72565704e+02, 2.39443420e+02, 2.67072418e+02, 2.66988159e+02,
    2.61860931e+02, 2.94640137e+02, 2.67407196e+02, 1.95919769e+02,
    2.61696991e+02, 2.23088989e+02, 2.56085663e+02, 2.50408447e+02,
    2.50459030e+02, 2.78083069e+02 ]
CalibrationFramePatternWorld: [ 0., 0., 0., 0., 7.00000003e-02, 0., 0.,
    1.40000001e-01, 0., 0., 2.10000008e-01, 0., 3.50000001e-02,
    3.50000001e-02, 0., 3.50000001e-02, 1.05000004e-01, 0.,
    3.50000001e-02, 1.74999997e-01, 0., 3.50000001e-02, 2.45000005e-01,
    0., 7.00000003e-02, 0., 0., 7.00000003e-02, 7.00000003e-02, 0.,
    7.00000003e-02, 1.40000001e-01, 0., 7.00000003e-02, 2.10000008e-01,
    0., 1.05000004e-01, 3.50000001e-02, 0., 1.05000004e-01,
    1.05000004e-01, 0., 1.05000004e-01, 1.74999997e-01, 0.,
    1.05000004e-01, 2.45000005e-01, 0., 1.40000001e-01, 0., 0.,
    1.40000001e-01, 7.00000003e-02, 0., 1.40000001e-01, 1.40000001e-01,
    0., 1.40000001e-01, 2.10000008e-01, 0., 1.74999997e-01,
    3.50000001e-02, 0., 1.74999997e-01, 1.05000004e-01, 0.,
    1.74999997e-01, 1.74999997e-01, 0., 1.74999997e-01, 2.45000005e-01,
    0., 2.10000008e-01, 0., 0., 2.10000008e-01, 7.00000003e-02, 0.,
    2.10000008e-01, 1.40000001e-01, 0., 2.10000008e-01, 2.10000008e-01,
    0., 2.45000005e-01, 3.50000001e-02, 0., 2.45000005e-01,
    1.05000004e-01, 0., 2.45000005e-01, 1.74999997e-01, 0.,
    2.45000005e-01, 2.45000005e-01, 0., 2.80000001e-01, 0., 0.,
    2.80000001e-01, 7.00000003e-02, 0., 2.80000001e-01, 1.40000001e-01,
    0., 2.80000001e-01, 2.10000008e-01, 0., 3.14999998e-01,
    3.50000001e-02, 0., 3.14999998e-01, 1.05000004e-01, 0.,
    3.14999998e-01, 1.74999997e-01, 0., 3.14999998e-01, 2.45000005e-01,
    0., 3.49999994e-01, 0., 0., 3.49999994e-01, 7.00000003e-02, 0.,
    3.49999994e-01, 1.40000001e-01, 0., 3.49999994e-01, 2.10000008e-01,
    0. ]
CalibrationFrameExtRotation: !!opencv-matrix
   rows: 3
   cols: 1
   dt: d
   data: [ -2.8636554636878969e-01, 2.9132032923855005e+00,
       -1.4026850791265785e-01 ]
CalibrationFrameExtTranslation: !!opencv-matrix
   rows: 3
   cols: 1
   dt: d
   data: [ 8.3032616825421096e-02, -5.8150195917504068e-02,
       1.7003850602798127e+00 ]
CalibrationFrameRMSerror: 2.3290874063968658e-01
