%YAML:1.0
---
CalibrationFramePatternImage: [ 4.08193420e+02, 2.65465118e+02,
    3.89188995e+02, 2.99301514e+02, 3.69789032e+02, 3.33538513e+02,
    3.49430054e+02, 3.68951508e+02, 3.84060181e+02, 2.71661804e+02,
    3.64444916e+02, 3.05903442e+02, 3.43951660e+02, 3.41043549e+02,
    3.22812408e+02, 3.77564514e+02, 3.79076660e+02, 2.44281677e+02,
    3.59160522e+02, 2.78267792e+02, 3.38593719e+02, 3.13086823e+02,
    3.17483124e+02, 3.49331146e+02, 3.53906982e+02, 2.50154556e+02,
    3.33152496e+02, 2.84908112e+02, 3.11827515e+02, 3.20790710e+02,
    2.90314484e+02, 3.57779327e+02, 3.48800568e+02, 2.21734665e+02,
    3.27803223e+02, 2.56554382e+02, 3.06169891e+02, 2.91922882e+02,
    2.84507477e+02, 3.28897308e+02, 3.22278809e+02, 2.27371735e+02,
    3.00562469e+02, 2.62826385e+02, 2.78309601e+02, 2.99410034e+02,
    2.55556030e+02, 3.37279877e+02, 3.16602478e+02, 1.98339722e+02,
    2.94772888e+02, 2.33530502e+02, 2.72228668e+02, 2.69711273e+02,
    2.49161957e+02, 3.07294922e+02, 2.88881653e+02, 2.03809677e+02,
    2.66273071e+02, 2.39680847e+02, 2.42700714e+02, 2.77104156e+02,
    2.18918777e+02, 3.15693054e+02, 2.82388062e+02, 1.73729568e+02,
    2.59968567e+02, 2.09429199e+02, 2.36512878e+02, 2.46307312e+02,
    2.12110687e+02, 2.84684174e+02, 2.53737061e+02, 1.78831650e+02,
    2.30103867e+02, 2.15315506e+02, 2.05447922e+02, 2.53342407e+02,
    1.80167892e+02, 2.92764862e+02, 2.47098495e+02, 1.47463257e+02,
    2.23399567e+02, 1.84087250e+02, 1.98658127e+02, 2.21770325e+02,
    1.73226639e+02, 2.60817474e+02 ]
CalibrationFramePatternWorld: [ 0., 0., 0., 0., 7.00000003e-02, 0., 0.,
    1.40000001e-01, 0., 0., 2.10000008e-01, 0., 3.50000001e-02,
    3.50000001e-02, 0., 3.50000001e-02, 1.05000004e-01, 0.,
    3.50000001e-02, 1.74999997e-01, 0., 3.50000001e-02, 2.45000005e-01,
    0., 7.00000003e-02, 0., 0., 7.00000003e-02, 7.00000003e-02, 0.,
    7.00000003e-02, 1.40000001e-01, 0., 7.00000003e-02, 2.10000008e-01,
    0., 1.05000004e-01, 3.50000001e-02, 0., 1.05000004e-01,
    1.05000004e-01, 0., 1.05000004e-01, 1.74999997e-01, 0.,
    1.05000004e-01, 2.45000005e-01, 0., 1.40000001e-01, 0., 0.,
    1.40000001e-01, 7.00000003e-02, 0., 1.40000001e-01, 1.40000001e-01,
    0., 1.40000001e-01, 2.10000008e-01, 0., 1.74999997e-01,
    3.50000001e-02, 0., 1.74999997e-01, 1.05000004e-01, 0.,
    1.74999997e-01, 1.74999997e-01, 0., 1.74999997e-01, 2.45000005e-01,
    0., 2.10000008e-01, 0., 0., 2.10000008e-01, 7.00000003e-02, 0.,
    2.10000008e-01, 1.40000001e-01, 0., 2.10000008e-01, 2.10000008e-01,
    0., 2.45000005e-01, 3.50000001e-02, 0., 2.45000005e-01,
    1.05000004e-01, 0., 2.45000005e-01, 1.74999997e-01, 0.,
    2.45000005e-01, 2.45000005e-01, 0., 2.80000001e-01, 0., 0.,
    2.80000001e-01, 7.00000003e-02, 0., 2.80000001e-01, 1.40000001e-01,
    0., 2.80000001e-01, 2.10000008e-01, 0., 3.14999998e-01,
    3.50000001e-02, 0., 3.14999998e-01, 1.05000004e-01, 0.,
    3.14999998e-01, 1.74999997e-01, 0., 3.14999998e-01, 2.45000005e-01,
    0., 3.49999994e-01, 0., 0., 3.49999994e-01, 7.00000003e-02, 0.,
    3.49999994e-01, 1.40000001e-01, 0., 3.49999994e-01, 2.10000008e-01,
    0. ]
CalibrationFrameExtRotation: !!opencv-matrix
   rows: 3
   cols: 1
   dt: d
   data: [ -7.6163533902889446e-01, 2.5720932425355882e+00,
       -1.4528856497452028e-01 ]
CalibrationFrameExtTranslation: !!opencv-matrix
   rows: 3
   cols: 1
   dt: d
   data: [ 7.1472651827485939e-02, 3.1486916952707895e-02,
       1.1573349462217679e+00 ]
CalibrationFrameRMSerror: 4.4156125187873840e-01
