%YAML:1.0
---
CalibrationFramePatternImage: [ 6.02686707e+02, 3.23483124e+02,
    6.07174927e+02, 3.42323059e+02, 6.11551758e+02, 3.61565216e+02,
    6.16200317e+02, 3.81323029e+02, 5.95169678e+02, 3.33481384e+02,
    5.99430481e+02, 3.52475983e+02, 6.03690002e+02, 3.72047485e+02,
    6.08184143e+02, 3.92023499e+02, 5.83448975e+02, 3.24952026e+02,
    5.87476318e+02, 3.43618835e+02, 5.91542053e+02, 3.62761627e+02,
    5.95915955e+02, 3.82647125e+02, 5.75616638e+02, 3.34754303e+02,
    5.79555664e+02, 3.53660828e+02, 5.83718750e+02, 3.73300140e+02,
    5.88003723e+02, 3.93244141e+02, 5.63873779e+02, 3.26069000e+02,
    5.67885925e+02, 3.44863281e+02, 5.71733582e+02, 3.64057587e+02,
    5.75786377e+02, 3.83786499e+02, 5.56129089e+02, 3.35991730e+02,
    5.59934143e+02, 3.55019836e+02, 5.63776306e+02, 3.74347565e+02,
    5.67743103e+02, 3.94502502e+02, 5.44766907e+02, 3.27204956e+02,
    5.48237244e+02, 3.46044678e+02, 5.52061462e+02, 3.65241974e+02,
    5.55757996e+02, 3.84953003e+02, 5.36746887e+02, 3.37239502e+02,
    5.40364380e+02, 3.56069489e+02, 5.43970093e+02, 3.75729462e+02,
    5.47819824e+02, 3.95634186e+02, 5.25511536e+02, 3.28688629e+02,
    5.28870972e+02, 3.47214081e+02, 5.32293579e+02, 3.66473969e+02,
    5.35835754e+02, 3.86201813e+02, 5.17708862e+02, 3.38314636e+02,
    5.20860596e+02, 3.57266724e+02, 5.24224426e+02, 3.76802826e+02,
    5.27787537e+02, 3.96788544e+02, 5.06501465e+02, 3.29399231e+02,
    5.09599457e+02, 3.48307068e+02, 5.12825745e+02, 3.67587891e+02,
    5.16197815e+02, 3.87257721e+02 ]
CalibrationFramePatternWorld: [ 0., 0., 0., 0., 7.00000003e-02, 0., 0.,
    1.40000001e-01, 0., 0., 2.10000008e-01, 0., 3.50000001e-02,
    3.50000001e-02, 0., 3.50000001e-02, 1.05000004e-01, 0.,
    3.50000001e-02, 1.74999997e-01, 0., 3.50000001e-02, 2.45000005e-01,
    0., 7.00000003e-02, 0., 0., 7.00000003e-02, 7.00000003e-02, 0.,
    7.00000003e-02, 1.40000001e-01, 0., 7.00000003e-02, 2.10000008e-01,
    0., 1.05000004e-01, 3.50000001e-02, 0., 1.05000004e-01,
    1.05000004e-01, 0., 1.05000004e-01, 1.74999997e-01, 0.,
    1.05000004e-01, 2.45000005e-01, 0., 1.40000001e-01, 0., 0.,
    1.40000001e-01, 7.00000003e-02, 0., 1.40000001e-01, 1.40000001e-01,
    0., 1.40000001e-01, 2.10000008e-01, 0., 1.74999997e-01,
    3.50000001e-02, 0., 1.74999997e-01, 1.05000004e-01, 0.,
    1.74999997e-01, 1.74999997e-01, 0., 1.74999997e-01, 2.45000005e-01,
    0., 2.10000008e-01, 0., 0., 2.10000008e-01, 7.00000003e-02, 0.,
    2.10000008e-01, 1.40000001e-01, 0., 2.10000008e-01, 2.10000008e-01,
    0., 2.45000005e-01, 3.50000001e-02, 0., 2.45000005e-01,
    1.05000004e-01, 0., 2.45000005e-01, 1.74999997e-01, 0.,
    2.45000005e-01, 2.45000005e-01, 0., 2.80000001e-01, 0., 0.,
    2.80000001e-01, 7.00000003e-02, 0., 2.80000001e-01, 1.40000001e-01,
    0., 2.80000001e-01, 2.10000008e-01, 0., 3.14999998e-01,
    3.50000001e-02, 0., 3.14999998e-01, 1.05000004e-01, 0.,
    3.14999998e-01, 1.74999997e-01, 0., 3.14999998e-01, 2.45000005e-01,
    0., 3.49999994e-01, 0., 0., 3.49999994e-01, 7.00000003e-02, 0.,
    3.49999994e-01, 1.40000001e-01, 0., 3.49999994e-01, 2.10000008e-01,
    0. ]
CalibrationFrameExtRotation: !!opencv-matrix
   rows: 3
   cols: 1
   dt: d
   data: [ -1.1741786507217393e-01, -3.1027949813786178e+00,
       5.7705294501793447e-01 ]
CalibrationFrameExtTranslation: !!opencv-matrix
   rows: 3
   cols: 1
   dt: d
   data: [ 8.5427709862384571e-01, 2.7926933404449977e-01,
       2.4413128993015198e+00 ]
CalibrationFrameRMSerror: 1.4130513370037079e-01
