%YAML:1.0
---
CalibrationFramePatternImage: [ 1.16999153e+02, 8.77740021e+01,
    1.18015633e+02, 1.02534760e+02, 1.18886047e+02, 1.17282860e+02,
    1.19769783e+02, 1.32244873e+02, 1.09478134e+02, 9.50043106e+01,
    1.11026360e+02, 1.09143394e+02, 1.11152382e+02, 1.24871307e+02,
    1.12070297e+02, 1.39993835e+02, 1.00843910e+02, 8.74224548e+01,
    1.01570633e+02, 1.02331795e+02, 1.02588478e+02, 1.17331596e+02,
    1.03580437e+02, 1.32552567e+02, 9.28888779e+01, 9.48055649e+01,
    9.38170090e+01, 1.09811073e+02, 9.47683411e+01, 1.24970764e+02,
    9.55617905e+01, 1.40126175e+02, 8.41704865e+01, 8.70035477e+01,
    8.51536713e+01, 1.02119804e+02, 8.59716644e+01, 1.17311180e+02,
    8.68872986e+01, 1.32510345e+02, 7.63717880e+01, 9.45958099e+01,
    7.70728531e+01, 1.09667168e+02, 7.79284058e+01, 1.24949203e+02,
    7.89248505e+01, 1.40354660e+02, 6.76076279e+01, 8.66643600e+01,
    6.82631073e+01, 1.01960251e+02, 6.91512909e+01, 1.17312149e+02,
    7.00120468e+01, 1.32644348e+02, 5.94001732e+01, 9.43106918e+01,
    6.01626167e+01, 1.09591621e+02, 6.10259209e+01, 1.25073189e+02,
    6.19210129e+01, 1.40516068e+02, 5.04979897e+01, 8.63916397e+01,
    5.11525993e+01, 1.01718887e+02, 5.20374565e+01, 1.17154297e+02,
    5.29918823e+01, 1.32706680e+02, 4.22126541e+01, 9.39434662e+01,
    4.29857864e+01, 1.09388420e+02, 4.38473091e+01, 1.25022568e+02,
    4.45251617e+01, 1.40639587e+02, 3.31199646e+01, 8.59733734e+01,
    3.40379486e+01, 1.01382118e+02, 3.47153511e+01, 1.17106598e+02,
    3.54015388e+01, 1.32823959e+02 ]
CalibrationFramePatternWorld: [ 0., 0., 0., 0., 7.00000003e-02, 0., 0.,
    1.40000001e-01, 0., 0., 2.10000008e-01, 0., 3.50000001e-02,
    3.50000001e-02, 0., 3.50000001e-02, 1.05000004e-01, 0.,
    3.50000001e-02, 1.74999997e-01, 0., 3.50000001e-02, 2.45000005e-01,
    0., 7.00000003e-02, 0., 0., 7.00000003e-02, 7.00000003e-02, 0.,
    7.00000003e-02, 1.40000001e-01, 0., 7.00000003e-02, 2.10000008e-01,
    0., 1.05000004e-01, 3.50000001e-02, 0., 1.05000004e-01,
    1.05000004e-01, 0., 1.05000004e-01, 1.74999997e-01, 0.,
    1.05000004e-01, 2.45000005e-01, 0., 1.40000001e-01, 0., 0.,
    1.40000001e-01, 7.00000003e-02, 0., 1.40000001e-01, 1.40000001e-01,
    0., 1.40000001e-01, 2.10000008e-01, 0., 1.74999997e-01,
    3.50000001e-02, 0., 1.74999997e-01, 1.05000004e-01, 0.,
    1.74999997e-01, 1.74999997e-01, 0., 1.74999997e-01, 2.45000005e-01,
    0., 2.10000008e-01, 0., 0., 2.10000008e-01, 7.00000003e-02, 0.,
    2.10000008e-01, 1.40000001e-01, 0., 2.10000008e-01, 2.10000008e-01,
    0., 2.45000005e-01, 3.50000001e-02, 0., 2.45000005e-01,
    1.05000004e-01, 0., 2.45000005e-01, 1.74999997e-01, 0.,
    2.45000005e-01, 2.45000005e-01, 0., 2.80000001e-01, 0., 0.,
    2.80000001e-01, 7.00000003e-02, 0., 2.80000001e-01, 1.40000001e-01,
    0., 2.80000001e-01, 2.10000008e-01, 0., 3.14999998e-01,
    3.50000001e-02, 0., 3.14999998e-01, 1.05000004e-01, 0.,
    3.14999998e-01, 1.74999997e-01, 0., 3.14999998e-01, 2.45000005e-01,
    0., 3.49999994e-01, 0., 0., 3.49999994e-01, 7.00000003e-02, 0.,
    3.49999994e-01, 1.40000001e-01, 0., 3.49999994e-01, 2.10000008e-01,
    0. ]
CalibrationFrameExtRotation: !!opencv-matrix
   rows: 3
   cols: 1
   dt: d
   data: [ 1.0773012329315895e-01, 2.7486884030410050e+00,
       -8.8896210410536719e-02 ]
CalibrationFrameExtTranslation: !!opencv-matrix
   rows: 3
   cols: 1
   dt: d
   data: [ -1.1558136047953858e+00, -7.4025733130697602e-01,
       2.9480172467479324e+00 ]
CalibrationFrameRMSerror: 2.0115125179290771e-01
