%YAML:1.0
---
CalibrationFramePatternImage: [ 2.51888107e+02, 4.27135429e+01,
    2.51194183e+02, 6.77200775e+01, 2.50376617e+02, 9.27748795e+01,
    2.49540329e+02, 1.17923828e+02, 2.39082199e+02, 5.32962151e+01,
    2.38393036e+02, 7.84058533e+01, 2.37408844e+02, 1.03825912e+02,
    2.36480698e+02, 1.29376511e+02, 2.26916763e+02, 3.86925964e+01,
    2.26205444e+02, 6.39217262e+01, 2.25276077e+02, 8.95179520e+01,
    2.24342560e+02, 1.15130310e+02, 2.13715485e+02, 4.91407509e+01,
    2.12901260e+02, 7.49565506e+01, 2.11971298e+02, 1.00626343e+02,
    2.11114029e+02, 1.26596443e+02, 2.01019897e+02, 3.42182274e+01,
    2.00362747e+02, 6.01442223e+01, 1.99304901e+02, 8.60510330e+01,
    1.98509918e+02, 1.12073509e+02, 1.87282776e+02, 4.51047325e+01,
    1.86532074e+02, 7.11944351e+01, 1.85641037e+02, 9.73351212e+01,
    1.84720917e+02, 1.23788322e+02, 1.74315277e+02, 2.98221436e+01,
    1.73481964e+02, 5.61074181e+01, 1.72429291e+02, 8.25037003e+01,
    1.71559204e+02, 1.08908287e+02, 1.60039154e+02, 4.07925873e+01,
    1.59145233e+02, 6.73249893e+01, 1.58215500e+02, 9.40505829e+01,
    1.57272797e+02, 1.20922920e+02, 1.46522659e+02, 2.52934475e+01,
    1.45488541e+02, 5.19498863e+01, 1.44630905e+02, 7.87999573e+01,
    1.43722855e+02, 1.05923454e+02, 1.31827728e+02, 3.62026787e+01,
    1.30783646e+02, 6.32501869e+01, 1.29771240e+02, 9.05068054e+01,
    1.28788895e+02, 1.17817261e+02, 1.17815590e+02, 2.01634922e+01,
    1.16882355e+02, 4.74795341e+01, 1.15744286e+02, 7.49060593e+01,
    1.14756218e+02, 1.02429276e+02 ]
CalibrationFramePatternWorld: [ 0., 0., 0., 0., 7.00000003e-02, 0., 0.,
    1.40000001e-01, 0., 0., 2.10000008e-01, 0., 3.50000001e-02,
    3.50000001e-02, 0., 3.50000001e-02, 1.05000004e-01, 0.,
    3.50000001e-02, 1.74999997e-01, 0., 3.50000001e-02, 2.45000005e-01,
    0., 7.00000003e-02, 0., 0., 7.00000003e-02, 7.00000003e-02, 0.,
    7.00000003e-02, 1.40000001e-01, 0., 7.00000003e-02, 2.10000008e-01,
    0., 1.05000004e-01, 3.50000001e-02, 0., 1.05000004e-01,
    1.05000004e-01, 0., 1.05000004e-01, 1.74999997e-01, 0.,
    1.05000004e-01, 2.45000005e-01, 0., 1.40000001e-01, 0., 0.,
    1.40000001e-01, 7.00000003e-02, 0., 1.40000001e-01, 1.40000001e-01,
    0., 1.40000001e-01, 2.10000008e-01, 0., 1.74999997e-01,
    3.50000001e-02, 0., 1.74999997e-01, 1.05000004e-01, 0.,
    1.74999997e-01, 1.74999997e-01, 0., 1.74999997e-01, 2.45000005e-01,
    0., 2.10000008e-01, 0., 0., 2.10000008e-01, 7.00000003e-02, 0.,
    2.10000008e-01, 1.40000001e-01, 0., 2.10000008e-01, 2.10000008e-01,
    0., 2.45000005e-01, 3.50000001e-02, 0., 2.45000005e-01,
    1.05000004e-01, 0., 2.45000005e-01, 1.74999997e-01, 0.,
    2.45000005e-01, 2.45000005e-01, 0., 2.80000001e-01, 0., 0.,
    2.80000001e-01, 7.00000003e-02, 0., 2.80000001e-01, 1.40000001e-01,
    0., 2.80000001e-01, 2.10000008e-01, 0., 3.14999998e-01,
    3.50000001e-02, 0., 3.14999998e-01, 1.05000004e-01, 0.,
    3.14999998e-01, 1.74999997e-01, 0., 3.14999998e-01, 2.45000005e-01,
    0., 3.49999994e-01, 0., 0., 3.49999994e-01, 7.00000003e-02, 0.,
    3.49999994e-01, 1.40000001e-01, 0., 3.49999994e-01, 2.10000008e-01,
    0. ]
CalibrationFrameExtRotation: !!opencv-matrix
   rows: 3
   cols: 1
   dt: d
   data: [ -2.7985505523502638e-02, 2.6577655540965273e+00,
       -4.4697561728932481e-02 ]
CalibrationFrameExtTranslation: !!opencv-matrix
   rows: 3
   cols: 1
   dt: d
   data: [ -3.2107896840253891e-01, -5.6472505476709056e-01,
       1.7711744256949087e+00 ]
CalibrationFrameRMSerror: 1.1735865473747253e-01
