%YAML:1.0
---
CalibrationFramePatternImage: [ 6.24775269e+02, 2.20687088e+02,
    6.21871948e+02, 2.48096786e+02, 6.18593628e+02, 2.74944794e+02,
    6.14993164e+02, 3.02356171e+02, 6.09807617e+02, 2.32849854e+02,
    6.06782349e+02, 2.59877533e+02, 6.03314270e+02, 2.87116852e+02,
    5.99663208e+02, 3.14322144e+02, 5.98001770e+02, 2.17979019e+02,
    5.95169739e+02, 2.44958679e+02, 5.91753357e+02, 2.71997192e+02,
    5.88292358e+02, 2.99305969e+02, 5.83156433e+02, 2.30002930e+02,
    5.80023804e+02, 2.57032623e+02, 5.76651855e+02, 2.84123352e+02,
    5.73346313e+02, 3.11431335e+02, 5.71180176e+02, 2.15089340e+02,
    5.68365601e+02, 2.42266663e+02, 5.64949524e+02, 2.69121002e+02,
    5.61701355e+02, 2.96302521e+02, 5.56395142e+02, 2.27163116e+02,
    5.53330872e+02, 2.54169266e+02, 5.49962280e+02, 2.81158478e+02,
    5.46746155e+02, 3.08456512e+02, 5.44398682e+02, 2.12371262e+02,
    5.41547974e+02, 2.39260880e+02, 5.38335144e+02, 2.66277283e+02,
    5.34891418e+02, 2.93488525e+02, 5.29596191e+02, 2.24389053e+02,
    5.26499329e+02, 2.51320084e+02, 5.23162720e+02, 2.78526398e+02,
    5.19973877e+02, 3.05630829e+02, 5.17505615e+02, 2.09580978e+02,
    5.14620239e+02, 2.36448166e+02, 5.11555664e+02, 2.63418640e+02,
    5.08199738e+02, 2.90446381e+02, 5.02863037e+02, 2.21607773e+02,
    4.99654785e+02, 2.48480515e+02, 4.96385315e+02, 2.75599152e+02,
    4.93278503e+02, 3.02805267e+02, 4.90751190e+02, 2.06688217e+02,
    4.88005585e+02, 2.33743546e+02, 4.84867889e+02, 2.60724884e+02,
    4.81642761e+02, 2.87789856e+02 ]
CalibrationFramePatternWorld: [ 0., 0., 0., 0., 7.00000003e-02, 0., 0.,
    1.40000001e-01, 0., 0., 2.10000008e-01, 0., 3.50000001e-02,
    3.50000001e-02, 0., 3.50000001e-02, 1.05000004e-01, 0.,
    3.50000001e-02, 1.74999997e-01, 0., 3.50000001e-02, 2.45000005e-01,
    0., 7.00000003e-02, 0., 0., 7.00000003e-02, 7.00000003e-02, 0.,
    7.00000003e-02, 1.40000001e-01, 0., 7.00000003e-02, 2.10000008e-01,
    0., 1.05000004e-01, 3.50000001e-02, 0., 1.05000004e-01,
    1.05000004e-01, 0., 1.05000004e-01, 1.74999997e-01, 0.,
    1.05000004e-01, 2.45000005e-01, 0., 1.40000001e-01, 0., 0.,
    1.40000001e-01, 7.00000003e-02, 0., 1.40000001e-01, 1.40000001e-01,
    0., 1.40000001e-01, 2.10000008e-01, 0., 1.74999997e-01,
    3.50000001e-02, 0., 1.74999997e-01, 1.05000004e-01, 0.,
    1.74999997e-01, 1.74999997e-01, 0., 1.74999997e-01, 2.45000005e-01,
    0., 2.10000008e-01, 0., 0., 2.10000008e-01, 7.00000003e-02, 0.,
    2.10000008e-01, 1.40000001e-01, 0., 2.10000008e-01, 2.10000008e-01,
    0., 2.45000005e-01, 3.50000001e-02, 0., 2.45000005e-01,
    1.05000004e-01, 0., 2.45000005e-01, 1.74999997e-01, 0.,
    2.45000005e-01, 2.45000005e-01, 0., 2.80000001e-01, 0., 0.,
    2.80000001e-01, 7.00000003e-02, 0., 2.80000001e-01, 1.40000001e-01,
    0., 2.80000001e-01, 2.10000008e-01, 0., 3.14999998e-01,
    3.50000001e-02, 0., 3.14999998e-01, 1.05000004e-01, 0.,
    3.14999998e-01, 1.74999997e-01, 0., 3.14999998e-01, 2.45000005e-01,
    0., 3.49999994e-01, 0., 0., 3.49999994e-01, 7.00000003e-02, 0.,
    3.49999994e-01, 1.40000001e-01, 0., 3.49999994e-01, 2.10000008e-01,
    0. ]
CalibrationFrameExtRotation: !!opencv-matrix
   rows: 3
   cols: 1
   dt: d
   data: [ 1.7170888194026743e-01, -3.2597536812276457e+00,
       -8.3922906732137634e-02 ]
CalibrationFrameExtTranslation: !!opencv-matrix
   rows: 3
   cols: 1
   dt: d
   data: [ 6.5416056572733050e-01, -6.9369205831676398e-02,
       1.7067798457620815e+00 ]
CalibrationFrameRMSerror: 3.4111800789833069e-01
