%YAML:1.0
---
CalibrationFramePatternImage: [ 4.44121887e+02, 2.60060089e+02,
    4.45257965e+02, 2.75880249e+02, 4.46299408e+02, 2.92145538e+02,
    4.47468811e+02, 3.08688080e+02, 4.36425323e+02, 2.67233093e+02,
    4.37428284e+02, 2.83369080e+02, 4.38408142e+02, 2.99793610e+02,
    4.39675018e+02, 3.16887451e+02, 4.27982452e+02, 2.59054382e+02,
    4.28759338e+02, 2.74664154e+02, 4.29628754e+02, 2.90974884e+02,
    4.30749268e+02, 3.07899994e+02, 4.20019562e+02, 2.66062164e+02,
    4.20857666e+02, 2.82177734e+02, 4.21771423e+02, 2.98868988e+02,
    4.22761200e+02, 3.16041260e+02, 4.11632538e+02, 2.57500183e+02,
    4.12370209e+02, 2.73620270e+02, 4.12969147e+02, 2.90009003e+02,
    4.13835449e+02, 3.06976715e+02, 4.03650604e+02, 2.64983246e+02,
    4.04185883e+02, 2.81127838e+02, 4.04900208e+02, 2.97823334e+02,
    4.05932648e+02, 3.14859711e+02, 3.95243958e+02, 2.56354370e+02,
    3.95499115e+02, 2.72387878e+02, 3.96122437e+02, 2.89030884e+02,
    3.96991760e+02, 3.05762573e+02, 3.86955475e+02, 2.63509521e+02,
    3.87426544e+02, 2.80056458e+02, 3.88124939e+02, 2.96706299e+02,
    3.88715240e+02, 3.14028656e+02, 3.78744171e+02, 2.54914307e+02,
    3.78932098e+02, 2.71265778e+02, 3.79330627e+02, 2.87670074e+02,
    3.79803040e+02, 3.04889130e+02, 3.70574005e+02, 2.62380096e+02,
    3.70584320e+02, 2.78496521e+02, 3.70934540e+02, 2.95647797e+02,
    3.71419220e+02, 3.13121765e+02, 3.62065186e+02, 2.53545715e+02,
    3.62139832e+02, 2.69550446e+02, 3.62266479e+02, 2.86503235e+02,
    3.62456482e+02, 3.03599426e+02 ]
CalibrationFramePatternWorld: [ 0., 0., 0., 0., 7.00000003e-02, 0., 0.,
    1.40000001e-01, 0., 0., 2.10000008e-01, 0., 3.50000001e-02,
    3.50000001e-02, 0., 3.50000001e-02, 1.05000004e-01, 0.,
    3.50000001e-02, 1.74999997e-01, 0., 3.50000001e-02, 2.45000005e-01,
    0., 7.00000003e-02, 0., 0., 7.00000003e-02, 7.00000003e-02, 0.,
    7.00000003e-02, 1.40000001e-01, 0., 7.00000003e-02, 2.10000008e-01,
    0., 1.05000004e-01, 3.50000001e-02, 0., 1.05000004e-01,
    1.05000004e-01, 0., 1.05000004e-01, 1.74999997e-01, 0.,
    1.05000004e-01, 2.45000005e-01, 0., 1.40000001e-01, 0., 0.,
    1.40000001e-01, 7.00000003e-02, 0., 1.40000001e-01, 1.40000001e-01,
    0., 1.40000001e-01, 2.10000008e-01, 0., 1.74999997e-01,
    3.50000001e-02, 0., 1.74999997e-01, 1.05000004e-01, 0.,
    1.74999997e-01, 1.74999997e-01, 0., 1.74999997e-01, 2.45000005e-01,
    0., 2.10000008e-01, 0., 0., 2.10000008e-01, 7.00000003e-02, 0.,
    2.10000008e-01, 1.40000001e-01, 0., 2.10000008e-01, 2.10000008e-01,
    0., 2.45000005e-01, 3.50000001e-02, 0., 2.45000005e-01,
    1.05000004e-01, 0., 2.45000005e-01, 1.74999997e-01, 0.,
    2.45000005e-01, 2.45000005e-01, 0., 2.80000001e-01, 0., 0.,
    2.80000001e-01, 7.00000003e-02, 0., 2.80000001e-01, 1.40000001e-01,
    0., 2.80000001e-01, 2.10000008e-01, 0., 3.14999998e-01,
    3.50000001e-02, 0., 3.14999998e-01, 1.05000004e-01, 0.,
    3.14999998e-01, 1.74999997e-01, 0., 3.14999998e-01, 2.45000005e-01,
    0., 3.49999994e-01, 0., 0., 3.49999994e-01, 7.00000003e-02, 0.,
    3.49999994e-01, 1.40000001e-01, 0., 3.49999994e-01, 2.10000008e-01,
    0. ]
CalibrationFrameExtRotation: !!opencv-matrix
   rows: 3
   cols: 1
   dt: d
   data: [ -4.5807489429238686e-02, 2.8383645425181814e+00,
       -5.3041544018855924e-01 ]
CalibrationFrameExtTranslation: !!opencv-matrix
   rows: 3
   cols: 1
   dt: d
   data: [ 3.1382367108993303e-01, 5.3016597021910389e-02,
       2.7171759016546435e+00 ]
CalibrationFrameRMSerror: 1.8906962871551514e-01
