%YAML:1.0
---
CalibrationFramePatternImage: [ 1.24269150e+02, 3.38535156e+02,
    1.28112305e+02, 3.53392273e+02, 1.32009018e+02, 3.67713348e+02,
    1.36144333e+02, 3.81859589e+02, 1.17961617e+02, 3.48745514e+02,
    1.21996712e+02, 3.63300232e+02, 1.25946579e+02, 3.77583618e+02,
    1.30146912e+02, 3.91973236e+02, 1.07667534e+02, 3.44348663e+02,
    1.11979027e+02, 3.59009583e+02, 1.16141350e+02, 3.73365479e+02,
    1.20369934e+02, 3.87882385e+02, 1.01469681e+02, 3.54429779e+02,
    1.05851341e+02, 3.69291443e+02, 1.09994598e+02, 3.83689758e+02,
    1.14352547e+02, 3.98128418e+02, 9.10387039e+01, 3.49960724e+02,
    9.52668762e+01, 3.64973694e+02, 9.95272217e+01, 3.79514313e+02,
    1.03881645e+02, 3.94029175e+02, 8.44594803e+01, 3.60319092e+02,
    8.90079956e+01, 3.75297577e+02, 9.35096512e+01, 3.89779175e+02,
    9.81273956e+01, 4.04631500e+02, 7.38488464e+01, 3.55933777e+02,
    7.83997421e+01, 3.71190338e+02, 8.28699112e+01, 3.85656067e+02,
    8.73061829e+01, 4.00557800e+02, 6.72709198e+01, 3.66545959e+02,
    7.18137741e+01, 3.81403931e+02, 7.66053085e+01, 3.96576385e+02,
    8.11983795e+01, 4.11394623e+02, 5.60887527e+01, 3.62049683e+02,
    6.09000816e+01, 3.77268616e+02, 6.55224762e+01, 3.92281433e+02,
    7.05124893e+01, 4.07297119e+02, 4.98576584e+01, 3.72944580e+02,
    5.46514244e+01, 3.88011627e+02, 5.95118294e+01, 4.03206451e+02,
    6.41712875e+01, 4.18268280e+02, 3.83240547e+01, 3.68197144e+02,
    4.32352180e+01, 3.83844055e+02, 4.79879112e+01, 3.98871063e+02,
    5.28572006e+01, 4.14145966e+02 ]
CalibrationFramePatternWorld: [ 0., 0., 0., 0., 7.00000003e-02, 0., 0.,
    1.40000001e-01, 0., 0., 2.10000008e-01, 0., 3.50000001e-02,
    3.50000001e-02, 0., 3.50000001e-02, 1.05000004e-01, 0.,
    3.50000001e-02, 1.74999997e-01, 0., 3.50000001e-02, 2.45000005e-01,
    0., 7.00000003e-02, 0., 0., 7.00000003e-02, 7.00000003e-02, 0.,
    7.00000003e-02, 1.40000001e-01, 0., 7.00000003e-02, 2.10000008e-01,
    0., 1.05000004e-01, 3.50000001e-02, 0., 1.05000004e-01,
    1.05000004e-01, 0., 1.05000004e-01, 1.74999997e-01, 0.,
    1.05000004e-01, 2.45000005e-01, 0., 1.40000001e-01, 0., 0.,
    1.40000001e-01, 7.00000003e-02, 0., 1.40000001e-01, 1.40000001e-01,
    0., 1.40000001e-01, 2.10000008e-01, 0., 1.74999997e-01,
    3.50000001e-02, 0., 1.74999997e-01, 1.05000004e-01, 0.,
    1.74999997e-01, 1.74999997e-01, 0., 1.74999997e-01, 2.45000005e-01,
    0., 2.10000008e-01, 0., 0., 2.10000008e-01, 7.00000003e-02, 0.,
    2.10000008e-01, 1.40000001e-01, 0., 2.10000008e-01, 2.10000008e-01,
    0., 2.45000005e-01, 3.50000001e-02, 0., 2.45000005e-01,
    1.05000004e-01, 0., 2.45000005e-01, 1.74999997e-01, 0.,
    2.45000005e-01, 2.45000005e-01, 0., 2.80000001e-01, 0., 0.,
    2.80000001e-01, 7.00000003e-02, 0., 2.80000001e-01, 1.40000001e-01,
    0., 2.80000001e-01, 2.10000008e-01, 0., 3.14999998e-01,
    3.50000001e-02, 0., 3.14999998e-01, 1.05000004e-01, 0.,
    3.14999998e-01, 1.74999997e-01, 0., 3.14999998e-01, 2.45000005e-01,
    0., 3.49999994e-01, 0., 0., 3.49999994e-01, 7.00000003e-02, 0.,
    3.49999994e-01, 1.40000001e-01, 0., 3.49999994e-01, 2.10000008e-01,
    0. ]
CalibrationFrameExtRotation: !!opencv-matrix
   rows: 3
   cols: 1
   dt: d
   data: [ 3.1296512506055457e-01, 2.5808739241275482e+00,
       2.9793246723000621e-01 ]
CalibrationFrameExtTranslation: !!opencv-matrix
   rows: 3
   cols: 1
   dt: d
   data: [ -1.0616258889366077e+00, 3.9288797789541841e-01,
       2.8096139387516486e+00 ]
CalibrationFrameRMSerror: 1.9402141869068146e-01
