%YAML:1.0
---
CalibrationFramePatternImage: [ 6.20185608e+02, 8.90837860e+01,
    6.05441772e+02, 1.25705620e+02, 5.90787109e+02, 1.61132095e+02,
    5.75993347e+02, 1.97023636e+02, 5.93426514e+02, 1.01957275e+02,
    5.78967651e+02, 1.37644791e+02, 5.64347046e+02, 1.73026764e+02,
    5.49684631e+02, 2.08530487e+02, 5.81627625e+02, 7.92547913e+01,
    5.67218994e+02, 1.14467079e+02, 5.53087158e+02, 1.49565659e+02,
    5.38710022e+02, 1.84649307e+02, 5.55996460e+02, 9.18599777e+01,
    5.41966309e+02, 1.26595650e+02, 5.27874329e+02, 1.61274414e+02,
    5.13825378e+02, 1.95649780e+02, 5.44830566e+02, 6.94679642e+01,
    5.30911194e+02, 1.04463539e+02, 5.17218018e+02, 1.38618683e+02,
    5.03322968e+02, 1.72629227e+02, 5.20301392e+02, 8.19817581e+01,
    5.06648804e+02, 1.16268898e+02, 4.93097168e+02, 1.49981262e+02,
    4.79327942e+02, 1.83752029e+02, 5.09695282e+02, 6.05119019e+01,
    4.96339203e+02, 9.44448166e+01, 4.82936066e+02, 1.28070526e+02,
    4.69594940e+02, 1.61139008e+02, 4.86132629e+02, 7.29411316e+01,
    4.73143890e+02, 1.06228493e+02, 4.60013458e+02, 1.39446014e+02,
    4.46601776e+02, 1.72220291e+02, 4.76176636e+02, 5.20106850e+01,
    4.63310608e+02, 8.48623352e+01, 4.50345154e+02, 1.17780273e+02,
    4.37346405e+02, 1.50504654e+02, 4.53612732e+02, 6.38820686e+01,
    4.40834747e+02, 9.63613434e+01, 4.28183624e+02, 1.28985733e+02,
    4.15525146e+02, 1.61049744e+02, 4.43992188e+02, 4.33148918e+01,
    4.31425446e+02, 7.55839691e+01, 4.19053680e+02, 1.07971558e+02,
    4.06532623e+02, 1.39832077e+02 ]
CalibrationFramePatternWorld: [ 0., 0., 0., 0., 7.00000003e-02, 0., 0.,
    1.40000001e-01, 0., 0., 2.10000008e-01, 0., 3.50000001e-02,
    3.50000001e-02, 0., 3.50000001e-02, 1.05000004e-01, 0.,
    3.50000001e-02, 1.74999997e-01, 0., 3.50000001e-02, 2.45000005e-01,
    0., 7.00000003e-02, 0., 0., 7.00000003e-02, 7.00000003e-02, 0.,
    7.00000003e-02, 1.40000001e-01, 0., 7.00000003e-02, 2.10000008e-01,
    0., 1.05000004e-01, 3.50000001e-02, 0., 1.05000004e-01,
    1.05000004e-01, 0., 1.05000004e-01, 1.74999997e-01, 0.,
    1.05000004e-01, 2.45000005e-01, 0., 1.40000001e-01, 0., 0.,
    1.40000001e-01, 7.00000003e-02, 0., 1.40000001e-01, 1.40000001e-01,
    0., 1.40000001e-01, 2.10000008e-01, 0., 1.74999997e-01,
    3.50000001e-02, 0., 1.74999997e-01, 1.05000004e-01, 0.,
    1.74999997e-01, 1.74999997e-01, 0., 1.74999997e-01, 2.45000005e-01,
    0., 2.10000008e-01, 0., 0., 2.10000008e-01, 7.00000003e-02, 0.,
    2.10000008e-01, 1.40000001e-01, 0., 2.10000008e-01, 2.10000008e-01,
    0., 2.45000005e-01, 3.50000001e-02, 0., 2.45000005e-01,
    1.05000004e-01, 0., 2.45000005e-01, 1.74999997e-01, 0.,
    2.45000005e-01, 2.45000005e-01, 0., 2.80000001e-01, 0., 0.,
    2.80000001e-01, 7.00000003e-02, 0., 2.80000001e-01, 1.40000001e-01,
    0., 2.80000001e-01, 2.10000008e-01, 0., 3.14999998e-01,
    3.50000001e-02, 0., 3.14999998e-01, 1.05000004e-01, 0.,
    3.14999998e-01, 1.74999997e-01, 0., 3.14999998e-01, 2.45000005e-01,
    0., 3.49999994e-01, 0., 0., 3.49999994e-01, 7.00000003e-02, 0.,
    3.49999994e-01, 1.40000001e-01, 0., 3.49999994e-01, 2.10000008e-01,
    0. ]
CalibrationFrameExtRotation: !!opencv-matrix
   rows: 3
   cols: 1
   dt: d
   data: [ 5.1780043548966237e-01, -2.7319699795051391e+00,
       -5.3322487723531091e-02 ]
CalibrationFrameExtTranslation: !!opencv-matrix
   rows: 3
   cols: 1
   dt: d
   data: [ 4.5548029684949920e-01, -2.9155590715710483e-01,
       1.2069016375020356e+00 ]
CalibrationFrameRMSerror: 3.4858617186546326e-01
