%YAML:1.0
---
CalibrationFramePatternImage: [ 4.39168579e+02, 5.12864227e+01,
    4.36866058e+02, 6.93304672e+01, 4.34523468e+02, 8.68004608e+01,
    4.32527710e+02, 1.04278252e+02, 4.29243073e+02, 5.94878349e+01,
    4.27264465e+02, 7.72625580e+01, 4.24936188e+02, 9.49113541e+01,
    4.22616333e+02, 1.12449478e+02, 4.21604462e+02, 5.00278091e+01,
    4.19324127e+02, 6.78673477e+01, 4.17377228e+02, 8.54445267e+01,
    4.15298523e+02, 1.03048431e+02, 4.11740784e+02, 5.82291298e+01,
    4.09767242e+02, 7.60717926e+01, 4.07616760e+02, 9.34090958e+01,
    4.05876678e+02, 1.10848518e+02, 4.04079468e+02, 4.83968582e+01,
    4.01976105e+02, 6.65407181e+01, 4.00159241e+02, 8.38813400e+01,
    3.98313629e+02, 1.01425629e+02, 3.94493805e+02, 5.66052208e+01,
    3.92384430e+02, 7.44922409e+01, 3.90655701e+02, 9.20484314e+01,
    3.88765778e+02, 1.09555283e+02, 3.86580841e+02, 4.69949799e+01,
    3.84839020e+02, 6.49375992e+01, 3.82893433e+02, 8.27274704e+01,
    3.81033386e+02, 1.00182777e+02, 3.77132202e+02, 5.53959656e+01,
    3.75209747e+02, 7.31754608e+01, 3.73606964e+02, 9.07940750e+01,
    3.71810089e+02, 1.08020622e+02, 3.69199982e+02, 4.56671715e+01,
    3.67566010e+02, 6.35501442e+01, 3.65767578e+02, 8.11561050e+01,
    3.64389923e+02, 9.85983505e+01, 3.59758087e+02, 5.38720284e+01,
    3.58301453e+02, 7.16196976e+01, 3.56495239e+02, 8.92309952e+01,
    3.55198242e+02, 1.06602058e+02, 3.52058350e+02, 4.41976929e+01,
    3.50410339e+02, 6.21689453e+01, 3.49018036e+02, 7.97331161e+01,
    3.47312347e+02, 9.73430862e+01 ]
CalibrationFramePatternWorld: [ 0., 0., 0., 0., 7.00000003e-02, 0., 0.,
    1.40000001e-01, 0., 0., 2.10000008e-01, 0., 3.50000001e-02,
    3.50000001e-02, 0., 3.50000001e-02, 1.05000004e-01, 0.,
    3.50000001e-02, 1.74999997e-01, 0., 3.50000001e-02, 2.45000005e-01,
    0., 7.00000003e-02, 0., 0., 7.00000003e-02, 7.00000003e-02, 0.,
    7.00000003e-02, 1.40000001e-01, 0., 7.00000003e-02, 2.10000008e-01,
    0., 1.05000004e-01, 3.50000001e-02, 0., 1.05000004e-01,
    1.05000004e-01, 0., 1.05000004e-01, 1.74999997e-01, 0.,
    1.05000004e-01, 2.45000005e-01, 0., 1.40000001e-01, 0., 0.,
    1.40000001e-01, 7.00000003e-02, 0., 1.40000001e-01, 1.40000001e-01,
    0., 1.40000001e-01, 2.10000008e-01, 0., 1.74999997e-01,
    3.50000001e-02, 0., 1.74999997e-01, 1.05000004e-01, 0.,
    1.74999997e-01, 1.74999997e-01, 0., 1.74999997e-01, 2.45000005e-01,
    0., 2.10000008e-01, 0., 0., 2.10000008e-01, 7.00000003e-02, 0.,
    2.10000008e-01, 1.40000001e-01, 0., 2.10000008e-01, 2.10000008e-01,
    0., 2.45000005e-01, 3.50000001e-02, 0., 2.45000005e-01,
    1.05000004e-01, 0., 2.45000005e-01, 1.74999997e-01, 0.,
    2.45000005e-01, 2.45000005e-01, 0., 2.80000001e-01, 0., 0.,
    2.80000001e-01, 7.00000003e-02, 0., 2.80000001e-01, 1.40000001e-01,
    0., 2.80000001e-01, 2.10000008e-01, 0., 3.14999998e-01,
    3.50000001e-02, 0., 3.14999998e-01, 1.05000004e-01, 0.,
    3.14999998e-01, 1.74999997e-01, 0., 3.14999998e-01, 2.45000005e-01,
    0., 3.49999994e-01, 0., 0., 3.49999994e-01, 7.00000003e-02, 0.,
    3.49999994e-01, 1.40000001e-01, 0., 3.49999994e-01, 2.10000008e-01,
    0. ]
CalibrationFrameExtRotation: !!opencv-matrix
   rows: 3
   cols: 1
   dt: d
   data: [ 1.3747867988645052e-01, -3.1380929230424042e+00,
       -4.2286964066021898e-01 ]
CalibrationFrameExtTranslation: !!opencv-matrix
   rows: 3
   cols: 1
   dt: d
   data: [ 2.7977379747467707e-01, -7.9179301373608935e-01,
       2.6212996892313729e+00 ]
CalibrationFrameRMSerror: 1.8431288003921509e-01
