%YAML:1.0
---
CalibrationFramePatternImage: [ 4.10380432e+02, 9.23828430e+01,
    4.11221375e+02, 1.12073975e+02, 4.12430786e+02, 1.31244476e+02,
    4.13443085e+02, 1.50765198e+02, 4.01738403e+02, 1.01927567e+02,
    4.02803284e+02, 1.21593819e+02, 4.03932922e+02, 1.41040939e+02,
    4.05092560e+02, 1.60752914e+02, 3.92500610e+02, 9.21295853e+01,
    3.93397491e+02, 1.11876907e+02, 3.94475555e+02, 1.31442551e+02,
    3.95656006e+02, 1.51392105e+02, 3.83881226e+02, 1.01725342e+02,
    3.84814331e+02, 1.21599304e+02, 3.86049896e+02, 1.41480881e+02,
    3.87436737e+02, 1.61267227e+02, 3.74293457e+02, 9.15693893e+01,
    3.75303162e+02, 1.11622581e+02, 3.76375397e+02, 1.31580856e+02,
    3.77708618e+02, 1.51644623e+02, 3.65568451e+02, 1.01372780e+02,
    3.66547699e+02, 1.21684334e+02, 3.67854553e+02, 1.41740601e+02,
    3.69311188e+02, 1.61990189e+02, 3.55906006e+02, 9.12151871e+01,
    3.56713196e+02, 1.11295105e+02, 3.58007965e+02, 1.31730438e+02,
    3.59222321e+02, 1.52046494e+02, 3.46975372e+02, 1.01209747e+02,
    3.47793976e+02, 1.21617584e+02, 3.49299683e+02, 1.42179016e+02,
    3.50728333e+02, 1.62443634e+02, 3.37093964e+02, 9.08267136e+01,
    3.37999115e+02, 1.11163902e+02, 3.39072693e+02, 1.31614517e+02,
    3.40703369e+02, 1.52489273e+02, 3.28198975e+02, 1.00768524e+02,
    3.28956207e+02, 1.21507309e+02, 3.30360321e+02, 1.42305725e+02,
    3.31873230e+02, 1.63077164e+02, 3.17841064e+02, 9.00394592e+01,
    3.19026886e+02, 1.11016548e+02, 3.20101990e+02, 1.31752304e+02,
    3.21514984e+02, 1.52822891e+02 ]
CalibrationFramePatternWorld: [ 0., 0., 0., 0., 7.00000003e-02, 0., 0.,
    1.40000001e-01, 0., 0., 2.10000008e-01, 0., 3.50000001e-02,
    3.50000001e-02, 0., 3.50000001e-02, 1.05000004e-01, 0.,
    3.50000001e-02, 1.74999997e-01, 0., 3.50000001e-02, 2.45000005e-01,
    0., 7.00000003e-02, 0., 0., 7.00000003e-02, 7.00000003e-02, 0.,
    7.00000003e-02, 1.40000001e-01, 0., 7.00000003e-02, 2.10000008e-01,
    0., 1.05000004e-01, 3.50000001e-02, 0., 1.05000004e-01,
    1.05000004e-01, 0., 1.05000004e-01, 1.74999997e-01, 0.,
    1.05000004e-01, 2.45000005e-01, 0., 1.40000001e-01, 0., 0.,
    1.40000001e-01, 7.00000003e-02, 0., 1.40000001e-01, 1.40000001e-01,
    0., 1.40000001e-01, 2.10000008e-01, 0., 1.74999997e-01,
    3.50000001e-02, 0., 1.74999997e-01, 1.05000004e-01, 0.,
    1.74999997e-01, 1.74999997e-01, 0., 1.74999997e-01, 2.45000005e-01,
    0., 2.10000008e-01, 0., 0., 2.10000008e-01, 7.00000003e-02, 0.,
    2.10000008e-01, 1.40000001e-01, 0., 2.10000008e-01, 2.10000008e-01,
    0., 2.45000005e-01, 3.50000001e-02, 0., 2.45000005e-01,
    1.05000004e-01, 0., 2.45000005e-01, 1.74999997e-01, 0.,
    2.45000005e-01, 2.45000005e-01, 0., 2.80000001e-01, 0., 0.,
    2.80000001e-01, 7.00000003e-02, 0., 2.80000001e-01, 1.40000001e-01,
    0., 2.80000001e-01, 2.10000008e-01, 0., 3.14999998e-01,
    3.50000001e-02, 0., 3.14999998e-01, 1.05000004e-01, 0.,
    3.14999998e-01, 1.74999997e-01, 0., 3.14999998e-01, 2.45000005e-01,
    0., 3.49999994e-01, 0., 0., 3.49999994e-01, 7.00000003e-02, 0.,
    3.49999994e-01, 1.40000001e-01, 0., 3.49999994e-01, 2.10000008e-01,
    0. ]
CalibrationFrameExtRotation: !!opencv-matrix
   rows: 3
   cols: 1
   dt: d
   data: [ 9.7781757226010110e-02, 2.7063253291083886e+00,
       3.4408755474935840e-02 ]
CalibrationFrameExtTranslation: !!opencv-matrix
   rows: 3
   cols: 1
   dt: d
   data: [ 1.4645315713898285e-01, -5.5434272360576575e-01,
       2.3168577610618142e+00 ]
CalibrationFrameRMSerror: 2.2723378241062164e-01
