%YAML:1.0
---
CalibrationFramePatternImage: [ 5.96128906e+02, 2.30788651e+02,
    5.92743530e+02, 2.46899719e+02, 5.88993713e+02, 2.62663666e+02,
    5.85220825e+02, 2.78746063e+02, 5.85558838e+02, 2.36881470e+02,
    5.81791443e+02, 2.52888474e+02, 5.78151184e+02, 2.68821594e+02,
    5.74522705e+02, 2.84819611e+02, 5.78566406e+02, 2.27330002e+02,
    5.74962524e+02, 2.43022354e+02, 5.71360779e+02, 2.59034729e+02,
    5.67736694e+02, 2.74945526e+02, 5.68275024e+02, 2.33357071e+02,
    5.64382690e+02, 2.48936447e+02, 5.60722778e+02, 2.65097046e+02,
    5.57086670e+02, 2.80892242e+02, 5.61298645e+02, 2.23828629e+02,
    5.57539062e+02, 2.39494629e+02, 5.53999573e+02, 2.54973969e+02,
    5.50416199e+02, 2.71101715e+02, 5.51019836e+02, 2.29957977e+02,
    5.47380737e+02, 2.45402649e+02, 5.43622192e+02, 2.61073730e+02,
    5.39995422e+02, 2.77138031e+02, 5.44479187e+02, 2.20595932e+02,
    5.40646729e+02, 2.35944046e+02, 5.36887512e+02, 2.51503128e+02,
    5.33261108e+02, 2.67021423e+02, 5.34125977e+02, 2.26483414e+02,
    5.30514282e+02, 2.41898102e+02, 5.26898254e+02, 2.57472961e+02,
    5.23367432e+02, 2.73015503e+02, 5.27583984e+02, 2.17263641e+02,
    5.23986145e+02, 2.32563492e+02, 5.20532471e+02, 2.47873657e+02,
    5.16890686e+02, 2.63342407e+02, 5.17701965e+02, 2.23197357e+02,
    5.14098877e+02, 2.38343887e+02, 5.10291046e+02, 2.53762970e+02,
    5.06650146e+02, 2.69353577e+02, 5.11473328e+02, 2.13765549e+02,
    5.07696259e+02, 2.29076126e+02, 5.04046570e+02, 2.44343643e+02,
    5.00456879e+02, 2.59687744e+02 ]
CalibrationFramePatternWorld: [ 0., 0., 0., 0., 7.00000003e-02, 0., 0.,
    1.40000001e-01, 0., 0., 2.10000008e-01, 0., 3.50000001e-02,
    3.50000001e-02, 0., 3.50000001e-02, 1.05000004e-01, 0.,
    3.50000001e-02, 1.74999997e-01, 0., 3.50000001e-02, 2.45000005e-01,
    0., 7.00000003e-02, 0., 0., 7.00000003e-02, 7.00000003e-02, 0.,
    7.00000003e-02, 1.40000001e-01, 0., 7.00000003e-02, 2.10000008e-01,
    0., 1.05000004e-01, 3.50000001e-02, 0., 1.05000004e-01,
    1.05000004e-01, 0., 1.05000004e-01, 1.74999997e-01, 0.,
    1.05000004e-01, 2.45000005e-01, 0., 1.40000001e-01, 0., 0.,
    1.40000001e-01, 7.00000003e-02, 0., 1.40000001e-01, 1.40000001e-01,
    0., 1.40000001e-01, 2.10000008e-01, 0., 1.74999997e-01,
    3.50000001e-02, 0., 1.74999997e-01, 1.05000004e-01, 0.,
    1.74999997e-01, 1.74999997e-01, 0., 1.74999997e-01, 2.45000005e-01,
    0., 2.10000008e-01, 0., 0., 2.10000008e-01, 7.00000003e-02, 0.,
    2.10000008e-01, 1.40000001e-01, 0., 2.10000008e-01, 2.10000008e-01,
    0., 2.45000005e-01, 3.50000001e-02, 0., 2.45000005e-01,
    1.05000004e-01, 0., 2.45000005e-01, 1.74999997e-01, 0.,
    2.45000005e-01, 2.45000005e-01, 0., 2.80000001e-01, 0., 0.,
    2.80000001e-01, 7.00000003e-02, 0., 2.80000001e-01, 1.40000001e-01,
    0., 2.80000001e-01, 2.10000008e-01, 0., 3.14999998e-01,
    3.50000001e-02, 0., 3.14999998e-01, 1.05000004e-01, 0.,
    3.14999998e-01, 1.74999997e-01, 0., 3.14999998e-01, 2.45000005e-01,
    0., 3.49999994e-01, 0., 0., 3.49999994e-01, 7.00000003e-02, 0.,
    3.49999994e-01, 1.40000001e-01, 0., 3.49999994e-01, 2.10000008e-01,
    0. ]
CalibrationFrameExtRotation: !!opencv-matrix
   rows: 3
   cols: 1
   dt: d
   data: [ 3.4557834584344510e-01, -2.8582871770866154e+00,
       1.8543216953859398e-01 ]
CalibrationFrameExtTranslation: !!opencv-matrix
   rows: 3
   cols: 1
   dt: d
   data: [ 9.5378557679121012e-01, -7.2292452602035248e-02,
       2.7938085554609517e+00 ]
CalibrationFrameRMSerror: 1.4116971194744110e-01
