%YAML:1.0
---
CalibrationFramePatternImage: [ 2.29432785e+02, 2.44310516e+02,
    2.33815033e+02, 2.69360565e+02, 2.37955887e+02, 2.93914032e+02,
    2.42859024e+02, 3.18632233e+02, 2.18769989e+02, 2.59026428e+02,
    2.23076935e+02, 2.83985657e+02, 2.27703186e+02, 3.09010895e+02,
    2.32272217e+02, 3.33758881e+02, 2.03739243e+02, 2.48886749e+02,
    2.08031296e+02, 2.74023376e+02, 2.12612686e+02, 2.99055908e+02,
    2.17208450e+02, 3.24274658e+02, 1.92710922e+02, 2.63894989e+02,
    1.97150925e+02, 2.89004120e+02, 2.01875854e+02, 3.14545410e+02,
    2.06834503e+02, 3.39631073e+02, 1.77239151e+02, 2.53428864e+02,
    1.81729782e+02, 2.79158539e+02, 1.86293121e+02, 3.04427979e+02,
    1.91330612e+02, 3.30047394e+02, 1.65966766e+02, 2.68710358e+02,
    1.70604309e+02, 2.94506683e+02, 1.75412521e+02, 3.20123779e+02,
    1.80487885e+02, 3.45852356e+02, 1.50101852e+02, 2.58409302e+02,
    1.54596863e+02, 2.84423645e+02, 1.59664520e+02, 3.10046844e+02,
    1.64688644e+02, 3.36102844e+02, 1.38594070e+02, 2.73741608e+02,
    1.43378372e+02, 2.99898346e+02, 1.48418915e+02, 3.26272980e+02,
    1.53531754e+02, 3.52270538e+02, 1.22225967e+02, 2.63391174e+02,
    1.26999573e+02, 2.89587158e+02, 1.31999725e+02, 3.15974030e+02,
    1.37358322e+02, 3.42299377e+02, 1.10442085e+02, 2.79208221e+02,
    1.15302261e+02, 3.05560944e+02, 1.20656776e+02, 3.32207031e+02,
    1.26044342e+02, 3.58794861e+02, 9.34608231e+01, 2.68424530e+02,
    9.84884644e+01, 2.95399750e+02, 1.03591919e+02, 3.21952087e+02,
    1.09055794e+02, 3.48835785e+02 ]
CalibrationFramePatternWorld: [ 0., 0., 0., 0., 7.00000003e-02, 0., 0.,
    1.40000001e-01, 0., 0., 2.10000008e-01, 0., 3.50000001e-02,
    3.50000001e-02, 0., 3.50000001e-02, 1.05000004e-01, 0.,
    3.50000001e-02, 1.74999997e-01, 0., 3.50000001e-02, 2.45000005e-01,
    0., 7.00000003e-02, 0., 0., 7.00000003e-02, 7.00000003e-02, 0.,
    7.00000003e-02, 1.40000001e-01, 0., 7.00000003e-02, 2.10000008e-01,
    0., 1.05000004e-01, 3.50000001e-02, 0., 1.05000004e-01,
    1.05000004e-01, 0., 1.05000004e-01, 1.74999997e-01, 0.,
    1.05000004e-01, 2.45000005e-01, 0., 1.40000001e-01, 0., 0.,
    1.40000001e-01, 7.00000003e-02, 0., 1.40000001e-01, 1.40000001e-01,
    0., 1.40000001e-01, 2.10000008e-01, 0., 1.74999997e-01,
    3.50000001e-02, 0., 1.74999997e-01, 1.05000004e-01, 0.,
    1.74999997e-01, 1.74999997e-01, 0., 1.74999997e-01, 2.45000005e-01,
    0., 2.10000008e-01, 0., 0., 2.10000008e-01, 7.00000003e-02, 0.,
    2.10000008e-01, 1.40000001e-01, 0., 2.10000008e-01, 2.10000008e-01,
    0., 2.45000005e-01, 3.50000001e-02, 0., 2.45000005e-01,
    1.05000004e-01, 0., 2.45000005e-01, 1.74999997e-01, 0.,
    2.45000005e-01, 2.45000005e-01, 0., 2.80000001e-01, 0., 0.,
    2.80000001e-01, 7.00000003e-02, 0., 2.80000001e-01, 1.40000001e-01,
    0., 2.80000001e-01, 2.10000008e-01, 0., 3.14999998e-01,
    3.50000001e-02, 0., 3.14999998e-01, 1.05000004e-01, 0.,
    3.14999998e-01, 1.74999997e-01, 0., 3.14999998e-01, 2.45000005e-01,
    0., 3.49999994e-01, 0., 0., 3.49999994e-01, 7.00000003e-02, 0.,
    3.49999994e-01, 1.40000001e-01, 0., 3.49999994e-01, 2.10000008e-01,
    0. ]
CalibrationFrameExtRotation: !!opencv-matrix
   rows: 3
   cols: 1
   dt: d
   data: [ 2.4200513100172774e-01, 2.7878207224580778e+00,
       9.9204865457659760e-02 ]
CalibrationFrameExtTranslation: !!opencv-matrix
   rows: 3
   cols: 1
   dt: d
   data: [ -3.7608172220384056e-01, -1.0356350649463804e-02,
       1.7597260083310375e+00 ]
CalibrationFrameRMSerror: 3.0730894207954407e-01
