%YAML:1.0
---
CalibrationFramePatternImage: [ 5.53368286e+02, 2.20417690e+01,
    5.56510803e+02, 7.03695221e+01, 5.59429321e+02, 1.17118416e+02,
    5.62315857e+02, 1.63537796e+02, 5.34520691e+02, 4.72259903e+01,
    5.38044373e+02, 9.53546677e+01, 5.40864807e+02, 1.42727127e+02,
    5.44025574e+02, 1.89292694e+02, 5.12611938e+02, 2.39381905e+01,
    5.16204651e+02, 7.31870117e+01, 5.19195068e+02, 1.21293785e+02,
    5.22813538e+02, 1.68747299e+02, 4.93494354e+02, 4.98714714e+01,
    4.96791107e+02, 9.90393600e+01, 5.00515961e+02, 1.47392700e+02,
    5.04586487e+02, 1.94934540e+02, 4.69907532e+02, 2.57480545e+01,
    4.74135376e+02, 7.63665237e+01, 4.77550415e+02, 1.25428047e+02,
    4.82173767e+02, 1.73954208e+02, 4.50010956e+02, 5.24095917e+01,
    4.53983032e+02, 1.02944870e+02, 4.58593750e+02, 1.52228210e+02,
    4.62954468e+02, 2.01111679e+02, 4.25336456e+02, 2.76394691e+01,
    4.29788849e+02, 7.95839310e+01, 4.34356232e+02, 1.30175339e+02,
    4.38950897e+02, 1.79639343e+02, 4.04518585e+02, 5.51552505e+01,
    4.09222626e+02, 1.06888199e+02, 4.14328217e+02, 1.57847244e+02,
    4.19586243e+02, 2.07547791e+02, 3.78263977e+02, 2.99081383e+01,
    3.83422272e+02, 8.29919815e+01, 3.88587708e+02, 1.34718323e+02,
    3.94341217e+02, 1.85563766e+02, 3.57053833e+02, 5.78582268e+01,
    3.62246429e+02, 1.10935776e+02, 3.68140198e+02, 1.63041992e+02,
    3.73947144e+02, 2.14049698e+02, 3.29220978e+02, 3.15670204e+01,
    3.35256500e+02, 8.64272690e+01, 3.41238739e+02, 1.39664764e+02,
    3.47346710e+02, 1.91895599e+02 ]
CalibrationFramePatternWorld: [ 0., 0., 0., 0., 7.00000003e-02, 0., 0.,
    1.40000001e-01, 0., 0., 2.10000008e-01, 0., 3.50000001e-02,
    3.50000001e-02, 0., 3.50000001e-02, 1.05000004e-01, 0.,
    3.50000001e-02, 1.74999997e-01, 0., 3.50000001e-02, 2.45000005e-01,
    0., 7.00000003e-02, 0., 0., 7.00000003e-02, 7.00000003e-02, 0.,
    7.00000003e-02, 1.40000001e-01, 0., 7.00000003e-02, 2.10000008e-01,
    0., 1.05000004e-01, 3.50000001e-02, 0., 1.05000004e-01,
    1.05000004e-01, 0., 1.05000004e-01, 1.74999997e-01, 0.,
    1.05000004e-01, 2.45000005e-01, 0., 1.40000001e-01, 0., 0.,
    1.40000001e-01, 7.00000003e-02, 0., 1.40000001e-01, 1.40000001e-01,
    0., 1.40000001e-01, 2.10000008e-01, 0., 1.74999997e-01,
    3.50000001e-02, 0., 1.74999997e-01, 1.05000004e-01, 0.,
    1.74999997e-01, 1.74999997e-01, 0., 1.74999997e-01, 2.45000005e-01,
    0., 2.10000008e-01, 0., 0., 2.10000008e-01, 7.00000003e-02, 0.,
    2.10000008e-01, 1.40000001e-01, 0., 2.10000008e-01, 2.10000008e-01,
    0., 2.45000005e-01, 3.50000001e-02, 0., 2.45000005e-01,
    1.05000004e-01, 0., 2.45000005e-01, 1.74999997e-01, 0.,
    2.45000005e-01, 2.45000005e-01, 0., 2.80000001e-01, 0., 0.,
    2.80000001e-01, 7.00000003e-02, 0., 2.80000001e-01, 1.40000001e-01,
    0., 2.80000001e-01, 2.10000008e-01, 0., 3.14999998e-01,
    3.50000001e-02, 0., 3.14999998e-01, 1.05000004e-01, 0.,
    3.14999998e-01, 1.74999997e-01, 0., 3.14999998e-01, 2.45000005e-01,
    0., 3.49999994e-01, 0., 0., 3.49999994e-01, 7.00000003e-02, 0.,
    3.49999994e-01, 1.40000001e-01, 0., 3.49999994e-01, 2.10000008e-01,
    0. ]
CalibrationFrameExtRotation: !!opencv-matrix
   rows: 3
   cols: 1
   dt: d
   data: [ 1.9022569140946829e-01, 2.7381088174258812e+00,
       1.6519400003395177e-01 ]
CalibrationFrameExtTranslation: !!opencv-matrix
   rows: 3
   cols: 1
   dt: d
   data: [ 2.6868137674654785e-01, -3.3507103718742776e-01,
       9.7011307351969778e-01 ]
CalibrationFrameRMSerror: 3.3419054746627808e-01
