%YAML:1.0
---
CalibrationFramePatternImage: [ 4.56220459e+02, 2.83518890e+02,
    4.61643433e+02, 3.23279572e+02, 4.66546997e+02, 3.63020630e+02,
    4.71508850e+02, 4.03702393e+02, 4.39908478e+02, 3.05625031e+02,
    4.45156860e+02, 3.45499939e+02, 4.49916473e+02, 3.86074799e+02,
    4.54618591e+02, 4.27206879e+02, 4.18386810e+02, 2.88181030e+02,
    4.23583740e+02, 3.28038361e+02, 4.28188080e+02, 3.68361023e+02,
    4.32996277e+02, 4.09460876e+02, 4.01740662e+02, 3.10347290e+02,
    4.06442474e+02, 3.50710388e+02, 4.11330048e+02, 3.91785187e+02,
    4.16067139e+02, 4.33333496e+02, 3.79694122e+02, 2.92601807e+02,
    3.84801819e+02, 3.33096222e+02, 3.89209045e+02, 3.73919220e+02,
    3.93964691e+02, 4.15535339e+02, 3.62392731e+02, 3.15303406e+02,
    3.67086243e+02, 3.55968353e+02, 3.71780853e+02, 3.97493256e+02,
    3.76254974e+02, 4.39853180e+02, 3.40076813e+02, 2.97403290e+02,
    3.44892426e+02, 3.38321564e+02, 3.49413666e+02, 3.79685486e+02,
    3.53807709e+02, 4.21754883e+02, 3.22216034e+02, 3.20292328e+02,
    3.26781677e+02, 3.61440125e+02, 3.31195709e+02, 4.03839233e+02,
    3.35640564e+02, 4.46351654e+02, 2.99451813e+02, 3.02450653e+02,
    3.03899078e+02, 3.43504974e+02, 3.08365112e+02, 3.85596588e+02,
    3.12635925e+02, 4.28130585e+02, 2.81142090e+02, 3.25414001e+02,
    2.85271973e+02, 3.67348145e+02, 2.89562469e+02, 4.09927643e+02,
    2.93667175e+02, 4.53058533e+02, 2.57830383e+02, 3.07296539e+02,
    2.62047058e+02, 3.49324493e+02, 2.66353577e+02, 3.91773956e+02,
    2.70382111e+02, 4.34972565e+02 ]
CalibrationFramePatternWorld: [ 0., 0., 0., 0., 7.00000003e-02, 0., 0.,
    1.40000001e-01, 0., 0., 2.10000008e-01, 0., 3.50000001e-02,
    3.50000001e-02, 0., 3.50000001e-02, 1.05000004e-01, 0.,
    3.50000001e-02, 1.74999997e-01, 0., 3.50000001e-02, 2.45000005e-01,
    0., 7.00000003e-02, 0., 0., 7.00000003e-02, 7.00000003e-02, 0.,
    7.00000003e-02, 1.40000001e-01, 0., 7.00000003e-02, 2.10000008e-01,
    0., 1.05000004e-01, 3.50000001e-02, 0., 1.05000004e-01,
    1.05000004e-01, 0., 1.05000004e-01, 1.74999997e-01, 0.,
    1.05000004e-01, 2.45000005e-01, 0., 1.40000001e-01, 0., 0.,
    1.40000001e-01, 7.00000003e-02, 0., 1.40000001e-01, 1.40000001e-01,
    0., 1.40000001e-01, 2.10000008e-01, 0., 1.74999997e-01,
    3.50000001e-02, 0., 1.74999997e-01, 1.05000004e-01, 0.,
    1.74999997e-01, 1.74999997e-01, 0., 1.74999997e-01, 2.45000005e-01,
    0., 2.10000008e-01, 0., 0., 2.10000008e-01, 7.00000003e-02, 0.,
    2.10000008e-01, 1.40000001e-01, 0., 2.10000008e-01, 2.10000008e-01,
    0., 2.45000005e-01, 3.50000001e-02, 0., 2.45000005e-01,
    1.05000004e-01, 0., 2.45000005e-01, 1.74999997e-01, 0.,
    2.45000005e-01, 2.45000005e-01, 0., 2.80000001e-01, 0., 0.,
    2.80000001e-01, 7.00000003e-02, 0., 2.80000001e-01, 1.40000001e-01,
    0., 2.80000001e-01, 2.10000008e-01, 0., 3.14999998e-01,
    3.50000001e-02, 0., 3.14999998e-01, 1.05000004e-01, 0.,
    3.14999998e-01, 1.74999997e-01, 0., 3.14999998e-01, 2.45000005e-01,
    0., 3.49999994e-01, 0., 0., 3.49999994e-01, 7.00000003e-02, 0.,
    3.49999994e-01, 1.40000001e-01, 0., 3.49999994e-01, 2.10000008e-01,
    0. ]
CalibrationFrameExtRotation: !!opencv-matrix
   rows: 3
   cols: 1
   dt: d
   data: [ 1.5113339831496694e-01, 2.9027889115465149e+00,
       -5.9617966219823244e-02 ]
CalibrationFrameExtTranslation: !!opencv-matrix
   rows: 3
   cols: 1
   dt: d
   data: [ 1.5580356396617834e-01, 6.4810551387118290e-02,
       1.1590477821923557e+00 ]
CalibrationFrameRMSerror: 3.0229684710502625e-01
