%YAML:1.0
---
CalibrationFramePatternImage: [ 6.03498230e+02, 4.86345787e+01,
    6.11434082e+02, 7.39444199e+01, 6.19281616e+02, 9.89372253e+01,
    6.27472046e+02, 1.24078239e+02, 5.94028992e+02, 6.58417358e+01,
    6.01964417e+02, 9.09803696e+01, 6.09839294e+02, 1.16006340e+02,
    6.18225891e+02, 1.41143295e+02, 5.76838013e+02, 5.78738251e+01,
    5.84723511e+02, 8.29425583e+01, 5.92565552e+02, 1.07940521e+02,
    6.00732300e+02, 1.32923325e+02, 5.67495361e+02, 7.50177994e+01,
    5.75328003e+02, 9.99408264e+01, 5.83415222e+02, 1.24998825e+02,
    5.91906372e+02, 1.49821976e+02, 5.50316223e+02, 6.68550720e+01,
    5.58406189e+02, 9.19778366e+01, 5.66251770e+02, 1.16912163e+02,
    5.74662415e+02, 1.41742111e+02, 5.41228699e+02, 8.40087814e+01,
    5.49233398e+02, 1.08831596e+02, 5.57377197e+02, 1.33730194e+02,
    5.65844238e+02, 1.58674255e+02, 5.24368713e+02, 7.58807297e+01,
    5.32232117e+02, 1.00942833e+02, 5.40394958e+02, 1.25849014e+02,
    5.48682983e+02, 1.50678970e+02, 5.15402710e+02, 9.29645309e+01,
    5.23408752e+02, 1.17693100e+02, 5.31697815e+02, 1.42651291e+02,
    5.40283142e+02, 1.67433685e+02, 4.98618591e+02, 8.49962921e+01,
    5.06565399e+02, 1.09801361e+02, 5.14659790e+02, 1.34716934e+02,
    5.23163818e+02, 1.59384430e+02, 4.89951202e+02, 1.01750931e+02,
    4.98016663e+02, 1.26613304e+02, 5.06326080e+02, 1.51379929e+02,
    5.14967773e+02, 1.76141586e+02, 4.73291870e+02, 9.37654037e+01,
    4.81342316e+02, 1.18669281e+02, 4.89559082e+02, 1.43395264e+02,
    4.98148132e+02, 1.68181030e+02 ]
CalibrationFramePatternWorld: [ 0., 0., 0., 0., 7.00000003e-02, 0., 0.,
    1.40000001e-01, 0., 0., 2.10000008e-01, 0., 3.50000001e-02,
    3.50000001e-02, 0., 3.50000001e-02, 1.05000004e-01, 0.,
    3.50000001e-02, 1.74999997e-01, 0., 3.50000001e-02, 2.45000005e-01,
    0., 7.00000003e-02, 0., 0., 7.00000003e-02, 7.00000003e-02, 0.,
    7.00000003e-02, 1.40000001e-01, 0., 7.00000003e-02, 2.10000008e-01,
    0., 1.05000004e-01, 3.50000001e-02, 0., 1.05000004e-01,
    1.05000004e-01, 0., 1.05000004e-01, 1.74999997e-01, 0.,
    1.05000004e-01, 2.45000005e-01, 0., 1.40000001e-01, 0., 0.,
    1.40000001e-01, 7.00000003e-02, 0., 1.40000001e-01, 1.40000001e-01,
    0., 1.40000001e-01, 2.10000008e-01, 0., 1.74999997e-01,
    3.50000001e-02, 0., 1.74999997e-01, 1.05000004e-01, 0.,
    1.74999997e-01, 1.74999997e-01, 0., 1.74999997e-01, 2.45000005e-01,
    0., 2.10000008e-01, 0., 0., 2.10000008e-01, 7.00000003e-02, 0.,
    2.10000008e-01, 1.40000001e-01, 0., 2.10000008e-01, 2.10000008e-01,
    0., 2.45000005e-01, 3.50000001e-02, 0., 2.45000005e-01,
    1.05000004e-01, 0., 2.45000005e-01, 1.74999997e-01, 0.,
    2.45000005e-01, 2.45000005e-01, 0., 2.80000001e-01, 0., 0.,
    2.80000001e-01, 7.00000003e-02, 0., 2.80000001e-01, 1.40000001e-01,
    0., 2.80000001e-01, 2.10000008e-01, 0., 3.14999998e-01,
    3.50000001e-02, 0., 3.14999998e-01, 1.05000004e-01, 0.,
    3.14999998e-01, 1.74999997e-01, 0., 3.14999998e-01, 2.45000005e-01,
    0., 3.49999994e-01, 0., 0., 3.49999994e-01, 7.00000003e-02, 0.,
    3.49999994e-01, 1.40000001e-01, 0., 3.49999994e-01, 2.10000008e-01,
    0. ]
CalibrationFrameExtRotation: !!opencv-matrix
   rows: 3
   cols: 1
   dt: d
   data: [ -5.1627639438414474e-01, -3.0530071264189993e+00,
       -1.5086850515385999e-01 ]
CalibrationFrameExtTranslation: !!opencv-matrix
   rows: 3
   cols: 1
   dt: d
   data: [ 6.0777497777284384e-01, -5.2680267951114146e-01,
       1.7302224499023571e+00 ]
CalibrationFrameRMSerror: 2.3319688439369202e-01
