%YAML:1.0
---
CalibrationFramePatternImage: [ 5.41048523e+02, 1.17958736e+01,
    5.40789612e+02, 3.08308258e+01, 5.40392944e+02, 4.96062241e+01,
    5.40008118e+02, 6.82139053e+01, 5.31193848e+02, 2.17122211e+01,
    5.30846375e+02, 4.05138283e+01, 5.30414001e+02, 5.91935692e+01,
    5.30193115e+02, 7.80429153e+01, 5.21707703e+02, 1.26836443e+01,
    5.21382019e+02, 3.14719810e+01, 5.21055847e+02, 5.00606270e+01,
    5.20847900e+02, 6.89789886e+01, 5.11971039e+02, 2.24147568e+01,
    5.11729340e+02, 4.10355148e+01, 5.11448029e+02, 5.97509117e+01,
    5.11162201e+02, 7.84984589e+01, 5.02644745e+02, 1.34148064e+01,
    5.02423828e+02, 3.20299110e+01, 5.02036865e+02, 5.05756493e+01,
    5.01807739e+02, 6.94078217e+01, 4.92965576e+02, 2.29603157e+01,
    4.92701263e+02, 4.14942360e+01, 4.92395538e+02, 6.02891960e+01,
    4.92162384e+02, 7.90645370e+01, 4.83618011e+02, 1.39057531e+01,
    4.83376831e+02, 3.26261063e+01, 4.83060425e+02, 5.12018394e+01,
    4.82723145e+02, 6.99497910e+01, 4.73976837e+02, 2.35352325e+01,
    4.73783569e+02, 4.21440926e+01, 4.73490082e+02, 6.08877411e+01,
    4.73351929e+02, 7.95484619e+01, 4.64632812e+02, 1.46669436e+01,
    4.64421082e+02, 3.31494026e+01, 4.64243988e+02, 5.18059349e+01,
    4.64087646e+02, 7.05228806e+01, 4.55255768e+02, 2.40443039e+01,
    4.55031189e+02, 4.26935959e+01, 4.54897400e+02, 6.13838844e+01,
    4.54802277e+02, 7.98591080e+01, 4.46099731e+02, 1.50469532e+01,
    4.45957825e+02, 3.36000748e+01, 4.45778381e+02, 5.23216286e+01,
    4.45592010e+02, 7.08042755e+01 ]
CalibrationFramePatternWorld: [ 0., 0., 0., 0., 7.00000003e-02, 0., 0.,
    1.40000001e-01, 0., 0., 2.10000008e-01, 0., 3.50000001e-02,
    3.50000001e-02, 0., 3.50000001e-02, 1.05000004e-01, 0.,
    3.50000001e-02, 1.74999997e-01, 0., 3.50000001e-02, 2.45000005e-01,
    0., 7.00000003e-02, 0., 0., 7.00000003e-02, 7.00000003e-02, 0.,
    7.00000003e-02, 1.40000001e-01, 0., 7.00000003e-02, 2.10000008e-01,
    0., 1.05000004e-01, 3.50000001e-02, 0., 1.05000004e-01,
    1.05000004e-01, 0., 1.05000004e-01, 1.74999997e-01, 0.,
    1.05000004e-01, 2.45000005e-01, 0., 1.40000001e-01, 0., 0.,
    1.40000001e-01, 7.00000003e-02, 0., 1.40000001e-01, 1.40000001e-01,
    0., 1.40000001e-01, 2.10000008e-01, 0., 1.74999997e-01,
    3.50000001e-02, 0., 1.74999997e-01, 1.05000004e-01, 0.,
    1.74999997e-01, 1.74999997e-01, 0., 1.74999997e-01, 2.45000005e-01,
    0., 2.10000008e-01, 0., 0., 2.10000008e-01, 7.00000003e-02, 0.,
    2.10000008e-01, 1.40000001e-01, 0., 2.10000008e-01, 2.10000008e-01,
    0., 2.45000005e-01, 3.50000001e-02, 0., 2.45000005e-01,
    1.05000004e-01, 0., 2.45000005e-01, 1.74999997e-01, 0.,
    2.45000005e-01, 2.45000005e-01, 0., 2.80000001e-01, 0., 0.,
    2.80000001e-01, 7.00000003e-02, 0., 2.80000001e-01, 1.40000001e-01,
    0., 2.80000001e-01, 2.10000008e-01, 0., 3.14999998e-01,
    3.50000001e-02, 0., 3.14999998e-01, 1.05000004e-01, 0.,
    3.14999998e-01, 1.74999997e-01, 0., 3.14999998e-01, 2.45000005e-01,
    0., 3.49999994e-01, 0., 0., 3.49999994e-01, 7.00000003e-02, 0.,
    3.49999994e-01, 1.40000001e-01, 0., 3.49999994e-01, 2.10000008e-01,
    0. ]
CalibrationFrameExtRotation: !!opencv-matrix
   rows: 3
   cols: 1
   dt: d
   data: [ -1.6090960937521954e-02, -3.1004059121039229e+00,
       -1.3536788128289118e-01 ]
CalibrationFrameExtTranslation: !!opencv-matrix
   rows: 3
   cols: 1
   dt: d
   data: [ 6.3846174655682952e-01, -8.9095828945816413e-01,
       2.4644313455614402e+00 ]
CalibrationFrameRMSerror: 1.3145205378532410e-01
