%YAML:1.0
---
CalibrationFramePatternImage: [ 4.12918182e+02, 3.34604126e+02,
    4.11147186e+02, 3.51041534e+02, 4.09431549e+02, 3.67408539e+02,
    4.07542542e+02, 3.83856750e+02, 4.03838104e+02, 3.41875977e+02,
    4.01991058e+02, 3.58402893e+02, 4.00184265e+02, 3.74757721e+02,
    3.98342743e+02, 3.91557190e+02, 3.96516296e+02, 3.33045715e+02,
    3.94676025e+02, 3.49509613e+02, 3.92930298e+02, 3.65810364e+02,
    3.91184906e+02, 3.82525726e+02, 3.87360138e+02, 3.40480591e+02,
    3.85693817e+02, 3.56815399e+02, 3.83762970e+02, 3.73523438e+02,
    3.82017761e+02, 3.90070160e+02, 3.80186676e+02, 3.31579041e+02,
    3.78354218e+02, 3.47891571e+02, 3.76547821e+02, 3.64395416e+02,
    3.74844177e+02, 3.80941589e+02, 3.70968140e+02, 3.38941742e+02,
    3.69280853e+02, 3.55437012e+02, 3.67522980e+02, 3.71927765e+02,
    3.65512054e+02, 3.88687103e+02, 3.63767609e+02, 3.29998810e+02,
    3.61918488e+02, 3.46549591e+02, 3.60175842e+02, 3.62823578e+02,
    3.58267670e+02, 3.79502625e+02, 3.54532471e+02, 3.37522125e+02,
    3.52855042e+02, 3.53800934e+02, 3.50861298e+02, 3.70687653e+02,
    3.49160248e+02, 3.87333405e+02, 3.47301300e+02, 3.28610931e+02,
    3.45490753e+02, 3.44907684e+02, 3.43718689e+02, 3.61554016e+02,
    3.41873291e+02, 3.78097076e+02, 3.38191315e+02, 3.36083069e+02,
    3.36230530e+02, 3.52477722e+02, 3.34602722e+02, 3.69089874e+02,
    3.32704285e+02, 3.85906067e+02, 3.30949219e+02, 3.27089600e+02,
    3.28923981e+02, 3.43807343e+02, 3.27179962e+02, 3.60056366e+02,
    3.25343353e+02, 3.77025909e+02 ]
CalibrationFramePatternWorld: [ 0., 0., 0., 0., 7.00000003e-02, 0., 0.,
    1.40000001e-01, 0., 0., 2.10000008e-01, 0., 3.50000001e-02,
    3.50000001e-02, 0., 3.50000001e-02, 1.05000004e-01, 0.,
    3.50000001e-02, 1.74999997e-01, 0., 3.50000001e-02, 2.45000005e-01,
    0., 7.00000003e-02, 0., 0., 7.00000003e-02, 7.00000003e-02, 0.,
    7.00000003e-02, 1.40000001e-01, 0., 7.00000003e-02, 2.10000008e-01,
    0., 1.05000004e-01, 3.50000001e-02, 0., 1.05000004e-01,
    1.05000004e-01, 0., 1.05000004e-01, 1.74999997e-01, 0.,
    1.05000004e-01, 2.45000005e-01, 0., 1.40000001e-01, 0., 0.,
    1.40000001e-01, 7.00000003e-02, 0., 1.40000001e-01, 1.40000001e-01,
    0., 1.40000001e-01, 2.10000008e-01, 0., 1.74999997e-01,
    3.50000001e-02, 0., 1.74999997e-01, 1.05000004e-01, 0.,
    1.74999997e-01, 1.74999997e-01, 0., 1.74999997e-01, 2.45000005e-01,
    0., 2.10000008e-01, 0., 0., 2.10000008e-01, 7.00000003e-02, 0.,
    2.10000008e-01, 1.40000001e-01, 0., 2.10000008e-01, 2.10000008e-01,
    0., 2.45000005e-01, 3.50000001e-02, 0., 2.45000005e-01,
    1.05000004e-01, 0., 2.45000005e-01, 1.74999997e-01, 0.,
    2.45000005e-01, 2.45000005e-01, 0., 2.80000001e-01, 0., 0.,
    2.80000001e-01, 7.00000003e-02, 0., 2.80000001e-01, 1.40000001e-01,
    0., 2.80000001e-01, 2.10000008e-01, 0., 3.14999998e-01,
    3.50000001e-02, 0., 3.14999998e-01, 1.05000004e-01, 0.,
    3.14999998e-01, 1.74999997e-01, 0., 3.14999998e-01, 2.45000005e-01,
    0., 3.49999994e-01, 0., 0., 3.49999994e-01, 7.00000003e-02, 0.,
    3.49999994e-01, 1.40000001e-01, 0., 3.49999994e-01, 2.10000008e-01,
    0. ]
CalibrationFrameExtRotation: !!opencv-matrix
   rows: 3
   cols: 1
   dt: d
   data: [ -1.6648218767033007e-01, 2.9828830849938006e+00,
       5.4291824181624343e-02 ]
CalibrationFrameExtTranslation: !!opencv-matrix
   rows: 3
   cols: 1
   dt: d
   data: [ 1.8812598294410671e-01, 3.7128762742298677e-01,
       2.7767074952074626e+00 ]
CalibrationFrameRMSerror: 1.5626905858516693e-01
