%YAML:1.0
---
CalibrationFramePatternImage: [ 1.90773315e+02, 3.44483002e+02,
    1.95461258e+02, 3.61935730e+02, 2.00180618e+02, 3.79106293e+02,
    2.04929779e+02, 3.96245056e+02, 1.84105881e+02, 3.55897675e+02,
    1.88640045e+02, 3.73407501e+02, 1.93713013e+02, 3.90695526e+02,
    1.98426590e+02, 4.08114990e+02, 1.72590256e+02, 3.50136627e+02,
    1.77319336e+02, 3.67644714e+02, 1.82154572e+02, 3.84848450e+02,
    1.87105545e+02, 4.02321777e+02, 1.65763870e+02, 3.61637512e+02,
    1.70336563e+02, 3.79131714e+02, 1.75544510e+02, 3.96626282e+02,
    1.80308014e+02, 4.14129913e+02, 1.54145874e+02, 3.55620239e+02,
    1.58875076e+02, 3.73361969e+02, 1.63768661e+02, 3.90901184e+02,
    1.68864212e+02, 4.08426453e+02, 1.47081100e+02, 3.67459442e+02,
    1.51953598e+02, 3.85026703e+02, 1.56981476e+02, 4.02686096e+02,
    1.61967697e+02, 4.20699371e+02, 1.35246780e+02, 3.61610535e+02,
    1.40107986e+02, 3.79427338e+02, 1.45279892e+02, 3.97087067e+02,
    1.50070068e+02, 4.14897766e+02, 1.28299011e+02, 3.73492859e+02,
    1.33328613e+02, 3.91061188e+02, 1.38256485e+02, 4.09196411e+02,
    1.43253754e+02, 4.27282227e+02, 1.16128021e+02, 3.67562012e+02,
    1.21244797e+02, 3.85410217e+02, 1.26113213e+02, 4.03272552e+02,
    1.31314438e+02, 4.21197205e+02, 1.09058746e+02, 3.79531769e+02,
    1.13911545e+02, 3.97402740e+02, 1.19143723e+02, 4.15428619e+02,
    1.24227180e+02, 4.33714294e+02, 9.67093658e+01, 3.73586334e+02,
    1.01794891e+02, 3.91700897e+02, 1.06951393e+02, 4.09704559e+02,
    1.12047356e+02, 4.27925385e+02 ]
CalibrationFramePatternWorld: [ 0., 0., 0., 0., 7.00000003e-02, 0., 0.,
    1.40000001e-01, 0., 0., 2.10000008e-01, 0., 3.50000001e-02,
    3.50000001e-02, 0., 3.50000001e-02, 1.05000004e-01, 0.,
    3.50000001e-02, 1.74999997e-01, 0., 3.50000001e-02, 2.45000005e-01,
    0., 7.00000003e-02, 0., 0., 7.00000003e-02, 7.00000003e-02, 0.,
    7.00000003e-02, 1.40000001e-01, 0., 7.00000003e-02, 2.10000008e-01,
    0., 1.05000004e-01, 3.50000001e-02, 0., 1.05000004e-01,
    1.05000004e-01, 0., 1.05000004e-01, 1.74999997e-01, 0.,
    1.05000004e-01, 2.45000005e-01, 0., 1.40000001e-01, 0., 0.,
    1.40000001e-01, 7.00000003e-02, 0., 1.40000001e-01, 1.40000001e-01,
    0., 1.40000001e-01, 2.10000008e-01, 0., 1.74999997e-01,
    3.50000001e-02, 0., 1.74999997e-01, 1.05000004e-01, 0.,
    1.74999997e-01, 1.74999997e-01, 0., 1.74999997e-01, 2.45000005e-01,
    0., 2.10000008e-01, 0., 0., 2.10000008e-01, 7.00000003e-02, 0.,
    2.10000008e-01, 1.40000001e-01, 0., 2.10000008e-01, 2.10000008e-01,
    0., 2.45000005e-01, 3.50000001e-02, 0., 2.45000005e-01,
    1.05000004e-01, 0., 2.45000005e-01, 1.74999997e-01, 0.,
    2.45000005e-01, 2.45000005e-01, 0., 2.80000001e-01, 0., 0.,
    2.80000001e-01, 7.00000003e-02, 0., 2.80000001e-01, 1.40000001e-01,
    0., 2.80000001e-01, 2.10000008e-01, 0., 3.14999998e-01,
    3.50000001e-02, 0., 3.14999998e-01, 1.05000004e-01, 0.,
    3.14999998e-01, 1.74999997e-01, 0., 3.14999998e-01, 2.45000005e-01,
    0., 3.49999994e-01, 0., 0., 3.49999994e-01, 7.00000003e-02, 0.,
    3.49999994e-01, 1.40000001e-01, 0., 3.49999994e-01, 2.10000008e-01,
    0. ]
CalibrationFrameExtRotation: !!opencv-matrix
   rows: 3
   cols: 1
   dt: d
   data: [ 3.6234701802453878e-01, 2.7932611371742238e+00,
       7.3744319340561248e-02 ]
CalibrationFrameExtTranslation: !!opencv-matrix
   rows: 3
   cols: 1
   dt: d
   data: [ -6.8097594963951924e-01, 3.7165732829234338e-01,
       2.4908891273694129e+00 ]
CalibrationFrameRMSerror: 1.5746605396270752e-01
