%YAML:1.0
---
CalibrationFramePatternImage: [ 1.35138916e+02, 1.88779175e+02,
    1.31122391e+02, 2.07502457e+02, 1.27176674e+02, 2.26036926e+02,
    1.23288734e+02, 2.44717911e+02, 1.23267471e+02, 1.96009949e+02,
    1.19262611e+02, 2.14652435e+02, 1.15329712e+02, 2.33482727e+02,
    1.11298508e+02, 2.52443130e+02, 1.15530708e+02, 1.84678452e+02,
    1.11265152e+02, 2.03314484e+02, 1.07346558e+02, 2.21989914e+02,
    1.03373322e+02, 2.41197617e+02, 1.03519112e+02, 1.91696518e+02,
    9.93703384e+01, 2.10434341e+02, 9.52560806e+01, 2.29588287e+02,
    9.13088531e+01, 2.48738266e+02, 9.54448395e+01, 1.79987976e+02,
    9.13520889e+01, 1.99263321e+02, 8.72535934e+01, 2.17990036e+02,
    8.31727295e+01, 2.37128906e+02, 8.32038879e+01, 1.87282181e+02,
    7.91932526e+01, 2.06307419e+02, 7.50571899e+01, 2.25562317e+02,
    7.09957047e+01, 2.45038620e+02, 7.52582016e+01, 1.75839081e+02,
    7.10136414e+01, 1.94879257e+02, 6.69505997e+01, 2.14023605e+02,
    6.25630264e+01, 2.33118500e+02, 6.28615189e+01, 1.83100693e+02,
    5.87445297e+01, 2.02134277e+02, 5.44400749e+01, 2.21586151e+02,
    5.02788658e+01, 2.41329819e+02, 5.46442642e+01, 1.71444427e+02,
    5.02817535e+01, 1.90499344e+02, 4.61398849e+01, 2.09654007e+02,
    4.20158958e+01, 2.29293564e+02, 4.22386093e+01, 1.78712128e+02,
    3.78349495e+01, 1.97789459e+02, 3.36447906e+01, 2.17382263e+02,
    2.93681698e+01, 2.37069916e+02, 3.38341866e+01, 1.66674423e+02,
    2.94475994e+01, 1.86086502e+02, 2.52595425e+01, 2.05418716e+02,
    2.09048786e+01, 2.25136246e+02 ]
CalibrationFramePatternWorld: [ 0., 0., 0., 0., 7.00000003e-02, 0., 0.,
    1.40000001e-01, 0., 0., 2.10000008e-01, 0., 3.50000001e-02,
    3.50000001e-02, 0., 3.50000001e-02, 1.05000004e-01, 0.,
    3.50000001e-02, 1.74999997e-01, 0., 3.50000001e-02, 2.45000005e-01,
    0., 7.00000003e-02, 0., 0., 7.00000003e-02, 7.00000003e-02, 0.,
    7.00000003e-02, 1.40000001e-01, 0., 7.00000003e-02, 2.10000008e-01,
    0., 1.05000004e-01, 3.50000001e-02, 0., 1.05000004e-01,
    1.05000004e-01, 0., 1.05000004e-01, 1.74999997e-01, 0.,
    1.05000004e-01, 2.45000005e-01, 0., 1.40000001e-01, 0., 0.,
    1.40000001e-01, 7.00000003e-02, 0., 1.40000001e-01, 1.40000001e-01,
    0., 1.40000001e-01, 2.10000008e-01, 0., 1.74999997e-01,
    3.50000001e-02, 0., 1.74999997e-01, 1.05000004e-01, 0.,
    1.74999997e-01, 1.74999997e-01, 0., 1.74999997e-01, 2.45000005e-01,
    0., 2.10000008e-01, 0., 0., 2.10000008e-01, 7.00000003e-02, 0.,
    2.10000008e-01, 1.40000001e-01, 0., 2.10000008e-01, 2.10000008e-01,
    0., 2.45000005e-01, 3.50000001e-02, 0., 2.45000005e-01,
    1.05000004e-01, 0., 2.45000005e-01, 1.74999997e-01, 0.,
    2.45000005e-01, 2.45000005e-01, 0., 2.80000001e-01, 0., 0.,
    2.80000001e-01, 7.00000003e-02, 0., 2.80000001e-01, 1.40000001e-01,
    0., 2.80000001e-01, 2.10000008e-01, 0., 3.14999998e-01,
    3.50000001e-02, 0., 3.14999998e-01, 1.05000004e-01, 0.,
    3.14999998e-01, 1.74999997e-01, 0., 3.14999998e-01, 2.45000005e-01,
    0., 3.49999994e-01, 0., 0., 3.49999994e-01, 7.00000003e-02, 0.,
    3.49999994e-01, 1.40000001e-01, 0., 3.49999994e-01, 2.10000008e-01,
    0. ]
CalibrationFrameExtRotation: !!opencv-matrix
   rows: 3
   cols: 1
   dt: d
   data: [ -3.1792506170201629e-01, 2.8728517772169480e+00,
       9.5873095444698381e-02 ]
CalibrationFrameExtTranslation: !!opencv-matrix
   rows: 3
   cols: 1
   dt: d
   data: [ -8.4398028801486746e-01, -2.1607889679348655e-01,
       2.3354299599227026e+00 ]
CalibrationFrameRMSerror: 2.1385818719863892e-01
