%YAML:1.0
---
CalibrationFramePatternImage: [ 3.62978180e+02, 5.94212494e+01,
    3.73902405e+02, 8.51482544e+01, 3.84795685e+02, 1.10432930e+02,
    3.95693298e+02, 1.35762314e+02, 3.56408691e+02, 7.71194382e+01,
    3.67407349e+02, 1.02707352e+02, 3.78383148e+02, 1.28188461e+02,
    3.89490692e+02, 1.53681137e+02, 3.38963989e+02, 6.90977325e+01,
    3.50010803e+02, 9.48259354e+01, 3.61028931e+02, 1.20520958e+02,
    3.72191132e+02, 1.46285492e+02, 3.32423645e+02, 8.69382477e+01,
    3.43414551e+02, 1.12791985e+02, 3.54608063e+02, 1.38631989e+02,
    3.66035675e+02, 1.64193039e+02, 3.14406433e+02, 7.87934036e+01,
    3.25754974e+02, 1.05082497e+02, 3.36896484e+02, 1.30885208e+02,
    3.48404633e+02, 1.56626251e+02, 3.07610718e+02, 9.70502243e+01,
    3.18979401e+02, 1.23084679e+02, 3.30410126e+02, 1.48969849e+02,
    3.42096649e+02, 1.75075500e+02, 2.89278656e+02, 8.88121262e+01,
    3.00888458e+02, 1.15186661e+02, 3.12495148e+02, 1.41386368e+02,
    3.23993774e+02, 1.67547256e+02, 2.82492279e+02, 1.07177155e+02,
    2.94049500e+02, 1.33468872e+02, 3.05846771e+02, 1.60023544e+02,
    3.17517761e+02, 1.86162170e+02, 2.63736725e+02, 9.91153030e+01,
    2.75454437e+02, 1.25646446e+02, 2.87250977e+02, 1.52128448e+02,
    2.99093964e+02, 1.78572693e+02, 2.56646210e+02, 1.17493118e+02,
    2.68381439e+02, 1.44158051e+02, 2.80353760e+02, 1.70740860e+02,
    2.92173859e+02, 1.97398453e+02, 2.37472321e+02, 1.09140442e+02,
    2.49576981e+02, 1.36217361e+02, 2.61527069e+02, 1.63000244e+02,
    2.73571747e+02, 1.89843536e+02 ]
CalibrationFramePatternWorld: [ 0., 0., 0., 0., 7.00000003e-02, 0., 0.,
    1.40000001e-01, 0., 0., 2.10000008e-01, 0., 3.50000001e-02,
    3.50000001e-02, 0., 3.50000001e-02, 1.05000004e-01, 0.,
    3.50000001e-02, 1.74999997e-01, 0., 3.50000001e-02, 2.45000005e-01,
    0., 7.00000003e-02, 0., 0., 7.00000003e-02, 7.00000003e-02, 0.,
    7.00000003e-02, 1.40000001e-01, 0., 7.00000003e-02, 2.10000008e-01,
    0., 1.05000004e-01, 3.50000001e-02, 0., 1.05000004e-01,
    1.05000004e-01, 0., 1.05000004e-01, 1.74999997e-01, 0.,
    1.05000004e-01, 2.45000005e-01, 0., 1.40000001e-01, 0., 0.,
    1.40000001e-01, 7.00000003e-02, 0., 1.40000001e-01, 1.40000001e-01,
    0., 1.40000001e-01, 2.10000008e-01, 0., 1.74999997e-01,
    3.50000001e-02, 0., 1.74999997e-01, 1.05000004e-01, 0.,
    1.74999997e-01, 1.74999997e-01, 0., 1.74999997e-01, 2.45000005e-01,
    0., 2.10000008e-01, 0., 0., 2.10000008e-01, 7.00000003e-02, 0.,
    2.10000008e-01, 1.40000001e-01, 0., 2.10000008e-01, 2.10000008e-01,
    0., 2.45000005e-01, 3.50000001e-02, 0., 2.45000005e-01,
    1.05000004e-01, 0., 2.45000005e-01, 1.74999997e-01, 0.,
    2.45000005e-01, 2.45000005e-01, 0., 2.80000001e-01, 0., 0.,
    2.80000001e-01, 7.00000003e-02, 0., 2.80000001e-01, 1.40000001e-01,
    0., 2.80000001e-01, 2.10000008e-01, 0., 3.14999998e-01,
    3.50000001e-02, 0., 3.14999998e-01, 1.05000004e-01, 0.,
    3.14999998e-01, 1.74999997e-01, 0., 3.14999998e-01, 2.45000005e-01,
    0., 3.49999994e-01, 0., 0., 3.49999994e-01, 7.00000003e-02, 0.,
    3.49999994e-01, 1.40000001e-01, 0., 3.49999994e-01, 2.10000008e-01,
    0. ]
CalibrationFrameExtRotation: !!opencv-matrix
   rows: 3
   cols: 1
   dt: d
   data: [ 6.0876133869207372e-01, 2.7232977323483794e+00,
       9.5966469151297043e-02 ]
CalibrationFrameExtTranslation: !!opencv-matrix
   rows: 3
   cols: 1
   dt: d
   data: [ -1.4885153577041871e-02, -4.7775762303799824e-01,
       1.6438914053334750e+00 ]
CalibrationFrameRMSerror: 2.2848446667194366e-01
