%YAML:1.0
---
CalibrationFramePatternImage: [ 2.65892426e+02, 3.46766388e+02,
    2.69047791e+02, 3.65627319e+02, 2.72212402e+02, 3.84749756e+02,
    2.75510925e+02, 4.04150299e+02, 2.58950470e+02, 3.57952454e+02,
    2.62105347e+02, 3.77057526e+02, 2.65317719e+02, 3.96279724e+02,
    2.68447906e+02, 4.15963013e+02, 2.48623856e+02, 3.50782959e+02,
    2.51694183e+02, 3.69457672e+02, 2.54942719e+02, 3.88536285e+02,
    2.57971039e+02, 4.08001495e+02, 2.41867172e+02, 3.62005493e+02,
    2.44780945e+02, 3.80723236e+02, 2.47886932e+02, 4.00124329e+02,
    2.50984970e+02, 4.19376617e+02, 2.31905792e+02, 3.54604401e+02,
    2.34709122e+02, 3.73471466e+02, 2.37710129e+02, 3.92191925e+02,
    2.40801071e+02, 4.11479584e+02, 2.24770996e+02, 3.65814728e+02,
    2.27663269e+02, 3.84629578e+02, 2.30605255e+02, 4.03635040e+02,
    2.33491638e+02, 4.23014099e+02, 2.15068481e+02, 3.58628662e+02,
    2.17835220e+02, 3.77167084e+02, 2.20695099e+02, 3.95837067e+02,
    2.23532486e+02, 4.15113098e+02, 2.08096283e+02, 3.69836304e+02,
    2.10921967e+02, 3.88326080e+02, 2.13575699e+02, 4.07300964e+02,
    2.16273361e+02, 4.26535980e+02, 1.98394012e+02, 3.62444733e+02,
    2.01020889e+02, 3.80882050e+02, 2.03638565e+02, 3.99546082e+02,
    2.06447754e+02, 4.18544434e+02, 1.91330612e+02, 3.73567413e+02,
    1.93972382e+02, 3.91974518e+02, 1.96647461e+02, 4.10785950e+02,
    1.99414978e+02, 4.29929413e+02, 1.81771957e+02, 3.66212891e+02,
    1.84233337e+02, 3.84654663e+02, 1.87002548e+02, 4.03271423e+02,
    1.89406982e+02, 4.22202240e+02 ]
CalibrationFramePatternWorld: [ 0., 0., 0., 0., 7.00000003e-02, 0., 0.,
    1.40000001e-01, 0., 0., 2.10000008e-01, 0., 3.50000001e-02,
    3.50000001e-02, 0., 3.50000001e-02, 1.05000004e-01, 0.,
    3.50000001e-02, 1.74999997e-01, 0., 3.50000001e-02, 2.45000005e-01,
    0., 7.00000003e-02, 0., 0., 7.00000003e-02, 7.00000003e-02, 0.,
    7.00000003e-02, 1.40000001e-01, 0., 7.00000003e-02, 2.10000008e-01,
    0., 1.05000004e-01, 3.50000001e-02, 0., 1.05000004e-01,
    1.05000004e-01, 0., 1.05000004e-01, 1.74999997e-01, 0.,
    1.05000004e-01, 2.45000005e-01, 0., 1.40000001e-01, 0., 0.,
    1.40000001e-01, 7.00000003e-02, 0., 1.40000001e-01, 1.40000001e-01,
    0., 1.40000001e-01, 2.10000008e-01, 0., 1.74999997e-01,
    3.50000001e-02, 0., 1.74999997e-01, 1.05000004e-01, 0.,
    1.74999997e-01, 1.74999997e-01, 0., 1.74999997e-01, 2.45000005e-01,
    0., 2.10000008e-01, 0., 0., 2.10000008e-01, 7.00000003e-02, 0.,
    2.10000008e-01, 1.40000001e-01, 0., 2.10000008e-01, 2.10000008e-01,
    0., 2.45000005e-01, 3.50000001e-02, 0., 2.45000005e-01,
    1.05000004e-01, 0., 2.45000005e-01, 1.74999997e-01, 0.,
    2.45000005e-01, 2.45000005e-01, 0., 2.80000001e-01, 0., 0.,
    2.80000001e-01, 7.00000003e-02, 0., 2.80000001e-01, 1.40000001e-01,
    0., 2.80000001e-01, 2.10000008e-01, 0., 3.14999998e-01,
    3.50000001e-02, 0., 3.14999998e-01, 1.05000004e-01, 0.,
    3.14999998e-01, 1.74999997e-01, 0., 3.14999998e-01, 2.45000005e-01,
    0., 3.49999994e-01, 0., 0., 3.49999994e-01, 7.00000003e-02, 0.,
    3.49999994e-01, 1.40000001e-01, 0., 3.49999994e-01, 2.10000008e-01,
    0. ]
CalibrationFrameExtRotation: !!opencv-matrix
   rows: 3
   cols: 1
   dt: d
   data: [ -3.2731662213229384e-01, -2.9063127525240491e+00,
       2.7451797798386418e-01 ]
CalibrationFrameExtTranslation: !!opencv-matrix
   rows: 3
   cols: 1
   dt: d
   data: [ -3.7988664908044029e-01, 3.7148327884718624e-01,
       2.4246026029935295e+00 ]
CalibrationFrameRMSerror: 1.4212007820606232e-01
