%YAML:1.0
---
CalibrationFramePatternImage: [ 4.82583405e+02, 1.99571350e+02,
    4.79182892e+02, 2.17234985e+02, 4.75698761e+02, 2.34653656e+02,
    4.72012238e+02, 2.52164307e+02, 4.72044373e+02, 2.06720886e+02,
    4.68446747e+02, 2.24298691e+02, 4.64764679e+02, 2.41813812e+02,
    4.60921265e+02, 2.59434570e+02, 4.64580750e+02, 1.96867523e+02,
    4.61273132e+02, 2.14236206e+02, 4.57846313e+02, 2.31383316e+02,
    4.54198761e+02, 2.48780807e+02, 4.54380096e+02, 2.04038727e+02,
    4.50772430e+02, 2.21264465e+02, 4.47162323e+02, 2.38589615e+02,
    4.43459808e+02, 2.55990540e+02, 4.47085236e+02, 1.94089355e+02,
    4.43642365e+02, 2.11341888e+02, 4.40227966e+02, 2.28307434e+02,
    4.36783112e+02, 2.45466827e+02, 4.36936493e+02, 2.01335022e+02,
    4.33565796e+02, 2.18297913e+02, 4.29985657e+02, 2.35371185e+02,
    4.26227936e+02, 2.52379272e+02, 4.30089783e+02, 1.91465225e+02,
    4.26671631e+02, 2.08447861e+02, 4.23174957e+02, 2.25395187e+02,
    4.19467896e+02, 2.42244034e+02, 4.19795685e+02, 1.98751816e+02,
    4.16498352e+02, 2.15344986e+02, 4.13004517e+02, 2.32343643e+02,
    4.09518524e+02, 2.49110321e+02, 4.13147736e+02, 1.89006134e+02,
    4.09877686e+02, 2.05688629e+02, 4.06374847e+02, 2.22265900e+02,
    4.02942078e+02, 2.39119446e+02, 4.03348541e+02, 1.96115738e+02,
    3.99824646e+02, 2.12455902e+02, 3.96276794e+02, 2.29187439e+02,
    3.92805328e+02, 2.45778885e+02, 3.96671356e+02, 1.86520004e+02,
    3.93294678e+02, 2.02940018e+02, 3.89961792e+02, 2.19568115e+02,
    3.86349915e+02, 2.36017349e+02 ]
CalibrationFramePatternWorld: [ 0., 0., 0., 0., 7.00000003e-02, 0., 0.,
    1.40000001e-01, 0., 0., 2.10000008e-01, 0., 3.50000001e-02,
    3.50000001e-02, 0., 3.50000001e-02, 1.05000004e-01, 0.,
    3.50000001e-02, 1.74999997e-01, 0., 3.50000001e-02, 2.45000005e-01,
    0., 7.00000003e-02, 0., 0., 7.00000003e-02, 7.00000003e-02, 0.,
    7.00000003e-02, 1.40000001e-01, 0., 7.00000003e-02, 2.10000008e-01,
    0., 1.05000004e-01, 3.50000001e-02, 0., 1.05000004e-01,
    1.05000004e-01, 0., 1.05000004e-01, 1.74999997e-01, 0.,
    1.05000004e-01, 2.45000005e-01, 0., 1.40000001e-01, 0., 0.,
    1.40000001e-01, 7.00000003e-02, 0., 1.40000001e-01, 1.40000001e-01,
    0., 1.40000001e-01, 2.10000008e-01, 0., 1.74999997e-01,
    3.50000001e-02, 0., 1.74999997e-01, 1.05000004e-01, 0.,
    1.74999997e-01, 1.74999997e-01, 0., 1.74999997e-01, 2.45000005e-01,
    0., 2.10000008e-01, 0., 0., 2.10000008e-01, 7.00000003e-02, 0.,
    2.10000008e-01, 1.40000001e-01, 0., 2.10000008e-01, 2.10000008e-01,
    0., 2.45000005e-01, 3.50000001e-02, 0., 2.45000005e-01,
    1.05000004e-01, 0., 2.45000005e-01, 1.74999997e-01, 0.,
    2.45000005e-01, 2.45000005e-01, 0., 2.80000001e-01, 0., 0.,
    2.80000001e-01, 7.00000003e-02, 0., 2.80000001e-01, 1.40000001e-01,
    0., 2.80000001e-01, 2.10000008e-01, 0., 3.14999998e-01,
    3.50000001e-02, 0., 3.14999998e-01, 1.05000004e-01, 0.,
    3.14999998e-01, 1.74999997e-01, 0., 3.14999998e-01, 2.45000005e-01,
    0., 3.49999994e-01, 0., 0., 3.49999994e-01, 7.00000003e-02, 0.,
    3.49999994e-01, 1.40000001e-01, 0., 3.49999994e-01, 2.10000008e-01,
    0. ]
CalibrationFrameExtRotation: !!opencv-matrix
   rows: 3
   cols: 1
   dt: d
   data: [ 2.8049803649732097e-01, -2.8222311536781848e+00,
       9.7074765444071329e-02 ]
CalibrationFrameExtTranslation: !!opencv-matrix
   rows: 3
   cols: 1
   dt: d
   data: [ 4.4464957638855285e-01, -1.8684228819122750e-01,
       2.5614000769872418e+00 ]
CalibrationFrameRMSerror: 1.7681944370269775e-01
