%YAML:1.0
---
CalibrationFramePatternImage: [ 3.26382721e+02, 3.27968102e+01,
    3.37199280e+02, 5.76007233e+01, 3.47741241e+02, 8.16099167e+01,
    3.58207306e+02, 1.05198059e+02, 3.21560577e+02, 5.04849968e+01,
    3.32614960e+02, 7.51010513e+01, 3.43201141e+02, 9.91691742e+01,
    3.54013702e+02, 1.22468552e+02, 3.05766327e+02, 4.31906013e+01,
    3.17137085e+02, 6.82254333e+01, 3.27927856e+02, 9.27467957e+01,
    3.39064301e+02, 1.16649323e+02, 3.00933716e+02, 6.12111206e+01,
    3.12388092e+02, 8.62103119e+01, 3.23738861e+02, 1.10614922e+02,
    3.34985321e+02, 1.34131699e+02, 2.84550934e+02, 5.38982430e+01,
    2.96462860e+02, 7.94518890e+01, 3.07822998e+02, 1.04356491e+02,
    3.19535919e+02, 1.28355103e+02, 2.79643524e+02, 7.24873734e+01,
    2.91603943e+02, 9.78040771e+01, 3.03591919e+02, 1.22351440e+02,
    3.15418549e+02, 1.46342545e+02, 2.62414612e+02, 6.53260117e+01,
    2.75072388e+02, 9.12547836e+01, 2.87215942e+02, 1.16217400e+02,
    2.99247070e+02, 1.40670898e+02, 2.57667419e+02, 8.43097000e+01,
    2.70179321e+02, 1.09740990e+02, 2.82761322e+02, 1.34811401e+02,
    2.95185669e+02, 1.58879211e+02, 2.39868134e+02, 7.69741135e+01,
    2.52787338e+02, 1.03261269e+02, 2.65617615e+02, 1.28701523e+02,
    2.78465485e+02, 1.53314041e+02, 2.34969360e+02, 9.64194260e+01,
    2.48232559e+02, 1.22410545e+02, 2.61267212e+02, 1.47460693e+02,
    2.74304321e+02, 1.71997574e+02, 2.16396988e+02, 8.92205887e+01,
    2.30406891e+02, 1.15845947e+02, 2.43697113e+02, 1.41547455e+02,
    2.57130493e+02, 1.66523605e+02 ]
CalibrationFramePatternWorld: [ 0., 0., 0., 0., 7.00000003e-02, 0., 0.,
    1.40000001e-01, 0., 0., 2.10000008e-01, 0., 3.50000001e-02,
    3.50000001e-02, 0., 3.50000001e-02, 1.05000004e-01, 0.,
    3.50000001e-02, 1.74999997e-01, 0., 3.50000001e-02, 2.45000005e-01,
    0., 7.00000003e-02, 0., 0., 7.00000003e-02, 7.00000003e-02, 0.,
    7.00000003e-02, 1.40000001e-01, 0., 7.00000003e-02, 2.10000008e-01,
    0., 1.05000004e-01, 3.50000001e-02, 0., 1.05000004e-01,
    1.05000004e-01, 0., 1.05000004e-01, 1.74999997e-01, 0.,
    1.05000004e-01, 2.45000005e-01, 0., 1.40000001e-01, 0., 0.,
    1.40000001e-01, 7.00000003e-02, 0., 1.40000001e-01, 1.40000001e-01,
    0., 1.40000001e-01, 2.10000008e-01, 0., 1.74999997e-01,
    3.50000001e-02, 0., 1.74999997e-01, 1.05000004e-01, 0.,
    1.74999997e-01, 1.74999997e-01, 0., 1.74999997e-01, 2.45000005e-01,
    0., 2.10000008e-01, 0., 0., 2.10000008e-01, 7.00000003e-02, 0.,
    2.10000008e-01, 1.40000001e-01, 0., 2.10000008e-01, 2.10000008e-01,
    0., 2.45000005e-01, 3.50000001e-02, 0., 2.45000005e-01,
    1.05000004e-01, 0., 2.45000005e-01, 1.74999997e-01, 0.,
    2.45000005e-01, 2.45000005e-01, 0., 2.80000001e-01, 0., 0.,
    2.80000001e-01, 7.00000003e-02, 0., 2.80000001e-01, 1.40000001e-01,
    0., 2.80000001e-01, 2.10000008e-01, 0., 3.14999998e-01,
    3.50000001e-02, 0., 3.14999998e-01, 1.05000004e-01, 0.,
    3.14999998e-01, 1.74999997e-01, 0., 3.14999998e-01, 2.45000005e-01,
    0., 3.49999994e-01, 0., 0., 3.49999994e-01, 7.00000003e-02, 0.,
    3.49999994e-01, 1.40000001e-01, 0., 3.49999994e-01, 2.10000008e-01,
    0. ]
CalibrationFrameExtRotation: !!opencv-matrix
   rows: 3
   cols: 1
   dt: d
   data: [ 6.8653074652480817e-01, 2.4656455201170382e+00,
       3.0734473709062343e-01 ]
CalibrationFrameExtTranslation: !!opencv-matrix
   rows: 3
   cols: 1
   dt: d
   data: [ -1.1343300998780938e-01, -5.6680811607254877e-01,
       1.7001184583635403e+00 ]
CalibrationFrameRMSerror: 2.3870153725147247e-01
