%YAML:1.0
---
CalibrationFramePatternImage: [ 1.32036774e+02, 2.67812195e+02,
    1.30290344e+02, 2.83141541e+02, 1.28719437e+02, 2.98344055e+02,
    1.27475090e+02, 3.13412537e+02, 1.22731934e+02, 2.75113800e+02,
    1.21419907e+02, 2.90424774e+02, 1.19752495e+02, 3.05429352e+02,
    1.18367500e+02, 3.20632446e+02, 1.15007668e+02, 2.66926636e+02,
    1.13151436e+02, 2.82344482e+02, 1.11832993e+02, 2.97809875e+02,
    1.10386955e+02, 3.13232635e+02, 1.05832474e+02, 2.74525360e+02,
    1.03949028e+02, 2.89915314e+02, 1.02510582e+02, 3.05311310e+02,
    1.01289658e+02, 3.20749969e+02, 9.76687241e+01, 2.66114471e+02,
    9.59958115e+01, 2.81880890e+02, 9.45850830e+01, 2.97289001e+02,
    9.32923737e+01, 3.13209198e+02, 8.81884842e+01, 2.73678833e+02,
    8.65755310e+01, 2.89460236e+02, 8.52266464e+01, 3.05059082e+02,
    8.38114700e+01, 3.20843933e+02, 7.99116287e+01, 2.65433228e+02,
    7.82386856e+01, 2.81214844e+02, 7.69617081e+01, 2.96997406e+02,
    7.55632935e+01, 3.13231171e+02, 7.01082153e+01, 2.72774200e+02,
    6.87701111e+01, 2.88945099e+02, 6.73609924e+01, 3.04824921e+02,
    6.60998993e+01, 3.20984039e+02, 6.18870621e+01, 2.64660858e+02,
    6.03564339e+01, 2.80748657e+02, 5.87974281e+01, 2.96897400e+02,
    5.77777824e+01, 3.12965668e+02, 5.17230759e+01, 2.72380524e+02,
    5.03144264e+01, 2.88508301e+02, 4.91514702e+01, 3.04843353e+02,
    4.79256210e+01, 3.21123932e+02, 4.32348557e+01, 2.63680328e+02,
    4.15433807e+01, 2.80359802e+02, 4.04485893e+01, 2.96502289e+02,
    3.93635330e+01, 3.12798767e+02 ]
CalibrationFramePatternWorld: [ 0., 0., 0., 0., 7.00000003e-02, 0., 0.,
    1.40000001e-01, 0., 0., 2.10000008e-01, 0., 3.50000001e-02,
    3.50000001e-02, 0., 3.50000001e-02, 1.05000004e-01, 0.,
    3.50000001e-02, 1.74999997e-01, 0., 3.50000001e-02, 2.45000005e-01,
    0., 7.00000003e-02, 0., 0., 7.00000003e-02, 7.00000003e-02, 0.,
    7.00000003e-02, 1.40000001e-01, 0., 7.00000003e-02, 2.10000008e-01,
    0., 1.05000004e-01, 3.50000001e-02, 0., 1.05000004e-01,
    1.05000004e-01, 0., 1.05000004e-01, 1.74999997e-01, 0.,
    1.05000004e-01, 2.45000005e-01, 0., 1.40000001e-01, 0., 0.,
    1.40000001e-01, 7.00000003e-02, 0., 1.40000001e-01, 1.40000001e-01,
    0., 1.40000001e-01, 2.10000008e-01, 0., 1.74999997e-01,
    3.50000001e-02, 0., 1.74999997e-01, 1.05000004e-01, 0.,
    1.74999997e-01, 1.74999997e-01, 0., 1.74999997e-01, 2.45000005e-01,
    0., 2.10000008e-01, 0., 0., 2.10000008e-01, 7.00000003e-02, 0.,
    2.10000008e-01, 1.40000001e-01, 0., 2.10000008e-01, 2.10000008e-01,
    0., 2.45000005e-01, 3.50000001e-02, 0., 2.45000005e-01,
    1.05000004e-01, 0., 2.45000005e-01, 1.74999997e-01, 0.,
    2.45000005e-01, 2.45000005e-01, 0., 2.80000001e-01, 0., 0.,
    2.80000001e-01, 7.00000003e-02, 0., 2.80000001e-01, 1.40000001e-01,
    0., 2.80000001e-01, 2.10000008e-01, 0., 3.14999998e-01,
    3.50000001e-02, 0., 3.14999998e-01, 1.05000004e-01, 0.,
    3.14999998e-01, 1.74999997e-01, 0., 3.14999998e-01, 2.45000005e-01,
    0., 3.49999994e-01, 0., 0., 3.49999994e-01, 7.00000003e-02, 0.,
    3.49999994e-01, 1.40000001e-01, 0., 3.49999994e-01, 2.10000008e-01,
    0. ]
CalibrationFrameExtRotation: !!opencv-matrix
   rows: 3
   cols: 1
   dt: d
   data: [ -1.6464384012494615e-01, 2.6628706449983293e+00,
       3.2289296488823749e-01 ]
CalibrationFrameExtTranslation: !!opencv-matrix
   rows: 3
   cols: 1
   dt: d
   data: [ -1.0190743234897361e+00, 8.3959327305467374e-02,
       2.7864347306436801e+00 ]
CalibrationFrameRMSerror: 2.2694247961044312e-01
