%YAML:1.0
---
CalibrationFramePatternImage: [ 4.28554840e+02, 3.18442963e+02,
    4.35106262e+02, 3.47270569e+02, 4.41563507e+02, 3.76598480e+02,
    4.48116852e+02, 4.06925385e+02, 4.18727570e+02, 3.34981110e+02,
    4.25188141e+02, 3.64235901e+02, 4.31552063e+02, 3.94497742e+02,
    4.38155762e+02, 4.25602509e+02, 4.02630859e+02, 3.22830597e+02,
    4.08942230e+02, 3.51979492e+02, 4.15016296e+02, 3.82017517e+02,
    4.21465149e+02, 4.12998688e+02, 3.92531403e+02, 3.39730286e+02,
    3.98578979e+02, 3.69416931e+02, 4.04794037e+02, 4.00278748e+02,
    4.11178741e+02, 4.31793732e+02, 3.75949799e+02, 3.27320190e+02,
    3.82092804e+02, 3.57168091e+02, 3.87923340e+02, 3.87537415e+02,
    3.94255890e+02, 4.19002960e+02, 3.65352234e+02, 3.44595337e+02,
    3.71152252e+02, 3.74768768e+02, 3.77207947e+02, 4.06135010e+02,
    3.83200104e+02, 4.38310333e+02, 3.48596985e+02, 3.32067261e+02,
    3.54355682e+02, 3.62285400e+02, 3.60077972e+02, 3.93272430e+02,
    3.65839600e+02, 4.25298370e+02, 3.37299500e+02, 3.49679688e+02,
    3.42772308e+02, 3.80354065e+02, 3.48559143e+02, 4.12415588e+02,
    3.54335052e+02, 4.45126251e+02, 3.20114441e+02, 3.36981934e+02,
    3.25637878e+02, 3.67682251e+02, 3.31133362e+02, 3.99212006e+02,
    3.36678436e+02, 4.31718964e+02, 3.08343903e+02, 3.54787445e+02,
    3.13708923e+02, 3.86119263e+02, 3.19078033e+02, 4.18574036e+02,
    3.24409241e+02, 4.51957306e+02, 2.90942749e+02, 3.41731445e+02,
    2.96152069e+02, 3.73215332e+02, 3.01364777e+02, 4.05296478e+02,
    3.06597015e+02, 4.38576477e+02 ]
CalibrationFramePatternWorld: [ 0., 0., 0., 0., 7.00000003e-02, 0., 0.,
    1.40000001e-01, 0., 0., 2.10000008e-01, 0., 3.50000001e-02,
    3.50000001e-02, 0., 3.50000001e-02, 1.05000004e-01, 0.,
    3.50000001e-02, 1.74999997e-01, 0., 3.50000001e-02, 2.45000005e-01,
    0., 7.00000003e-02, 0., 0., 7.00000003e-02, 7.00000003e-02, 0.,
    7.00000003e-02, 1.40000001e-01, 0., 7.00000003e-02, 2.10000008e-01,
    0., 1.05000004e-01, 3.50000001e-02, 0., 1.05000004e-01,
    1.05000004e-01, 0., 1.05000004e-01, 1.74999997e-01, 0.,
    1.05000004e-01, 2.45000005e-01, 0., 1.40000001e-01, 0., 0.,
    1.40000001e-01, 7.00000003e-02, 0., 1.40000001e-01, 1.40000001e-01,
    0., 1.40000001e-01, 2.10000008e-01, 0., 1.74999997e-01,
    3.50000001e-02, 0., 1.74999997e-01, 1.05000004e-01, 0.,
    1.74999997e-01, 1.74999997e-01, 0., 1.74999997e-01, 2.45000005e-01,
    0., 2.10000008e-01, 0., 0., 2.10000008e-01, 7.00000003e-02, 0.,
    2.10000008e-01, 1.40000001e-01, 0., 2.10000008e-01, 2.10000008e-01,
    0., 2.45000005e-01, 3.50000001e-02, 0., 2.45000005e-01,
    1.05000004e-01, 0., 2.45000005e-01, 1.74999997e-01, 0.,
    2.45000005e-01, 2.45000005e-01, 0., 2.80000001e-01, 0., 0.,
    2.80000001e-01, 7.00000003e-02, 0., 2.80000001e-01, 1.40000001e-01,
    0., 2.80000001e-01, 2.10000008e-01, 0., 3.14999998e-01,
    3.50000001e-02, 0., 3.14999998e-01, 1.05000004e-01, 0.,
    3.14999998e-01, 1.74999997e-01, 0., 3.14999998e-01, 2.45000005e-01,
    0., 3.49999994e-01, 0., 0., 3.49999994e-01, 7.00000003e-02, 0.,
    3.49999994e-01, 1.40000001e-01, 0., 3.49999994e-01, 2.10000008e-01,
    0. ]
CalibrationFrameExtRotation: !!opencv-matrix
   rows: 3
   cols: 1
   dt: d
   data: [ 2.0890174622182056e-01, 2.7232321402467332e+00,
       -2.8459507710276005e-01 ]
CalibrationFrameExtTranslation: !!opencv-matrix
   rows: 3
   cols: 1
   dt: d
   data: [ 1.4651783191065076e-01, 1.7350747674149847e-01,
       1.5885815476973186e+00 ]
CalibrationFrameRMSerror: 2.9505771398544312e-01
