%YAML:1.0
---
CalibrationFramePatternImage: [ 2.81871429e+02, 2.94232635e+02,
    2.78243347e+02, 3.20880707e+02, 2.74826080e+02, 3.47599548e+02,
    2.71573395e+02, 3.74812836e+02, 2.66781311e+02, 3.05956055e+02,
    2.63380402e+02, 3.32803101e+02, 2.59824707e+02, 3.59936249e+02,
    2.56352020e+02, 3.87515442e+02, 2.55407349e+02, 2.91361969e+02,
    2.51734634e+02, 3.18100739e+02, 2.48132553e+02, 3.45198578e+02,
    2.44747757e+02, 3.72755981e+02, 2.40127960e+02, 3.03230377e+02,
    2.36327560e+02, 3.30262726e+02, 2.32774979e+02, 3.57855194e+02,
    2.29387985e+02, 3.85773132e+02, 2.28496140e+02, 2.87940216e+02,
    2.24625702e+02, 3.15342194e+02, 2.20752960e+02, 3.42693024e+02,
    2.17281326e+02, 3.70942596e+02, 2.12696732e+02, 3.00135284e+02,
    2.08790695e+02, 3.27647583e+02, 2.05078751e+02, 3.55455627e+02,
    2.01521088e+02, 3.84137329e+02, 2.00751938e+02, 2.84998505e+02,
    1.96749542e+02, 3.12531769e+02, 1.92977737e+02, 3.40385620e+02,
    1.89112167e+02, 3.68727783e+02, 1.84587860e+02, 2.97214386e+02,
    1.80649475e+02, 3.24860626e+02, 1.76723694e+02, 3.53360657e+02,
    1.72993607e+02, 3.82272247e+02, 1.72243088e+02, 2.81756439e+02,
    1.68144287e+02, 3.09527313e+02, 1.64270676e+02, 3.37715302e+02,
    1.60342422e+02, 3.66701447e+02, 1.55814697e+02, 2.94096436e+02,
    1.51634918e+02, 3.22268738e+02, 1.47658371e+02, 3.51086334e+02,
    1.43735306e+02, 3.80301270e+02, 1.43145493e+02, 2.78287506e+02,
    1.39019165e+02, 3.06728912e+02, 1.34776840e+02, 3.35346008e+02,
    1.30826035e+02, 3.64803528e+02 ]
CalibrationFramePatternWorld: [ 0., 0., 0., 0., 7.00000003e-02, 0., 0.,
    1.40000001e-01, 0., 0., 2.10000008e-01, 0., 3.50000001e-02,
    3.50000001e-02, 0., 3.50000001e-02, 1.05000004e-01, 0.,
    3.50000001e-02, 1.74999997e-01, 0., 3.50000001e-02, 2.45000005e-01,
    0., 7.00000003e-02, 0., 0., 7.00000003e-02, 7.00000003e-02, 0.,
    7.00000003e-02, 1.40000001e-01, 0., 7.00000003e-02, 2.10000008e-01,
    0., 1.05000004e-01, 3.50000001e-02, 0., 1.05000004e-01,
    1.05000004e-01, 0., 1.05000004e-01, 1.74999997e-01, 0.,
    1.05000004e-01, 2.45000005e-01, 0., 1.40000001e-01, 0., 0.,
    1.40000001e-01, 7.00000003e-02, 0., 1.40000001e-01, 1.40000001e-01,
    0., 1.40000001e-01, 2.10000008e-01, 0., 1.74999997e-01,
    3.50000001e-02, 0., 1.74999997e-01, 1.05000004e-01, 0.,
    1.74999997e-01, 1.74999997e-01, 0., 1.74999997e-01, 2.45000005e-01,
    0., 2.10000008e-01, 0., 0., 2.10000008e-01, 7.00000003e-02, 0.,
    2.10000008e-01, 1.40000001e-01, 0., 2.10000008e-01, 2.10000008e-01,
    0., 2.45000005e-01, 3.50000001e-02, 0., 2.45000005e-01,
    1.05000004e-01, 0., 2.45000005e-01, 1.74999997e-01, 0.,
    2.45000005e-01, 2.45000005e-01, 0., 2.80000001e-01, 0., 0.,
    2.80000001e-01, 7.00000003e-02, 0., 2.80000001e-01, 1.40000001e-01,
    0., 2.80000001e-01, 2.10000008e-01, 0., 3.14999998e-01,
    3.50000001e-02, 0., 3.14999998e-01, 1.05000004e-01, 0.,
    3.14999998e-01, 1.74999997e-01, 0., 3.14999998e-01, 2.45000005e-01,
    0., 3.49999994e-01, 0., 0., 3.49999994e-01, 7.00000003e-02, 0.,
    3.49999994e-01, 1.40000001e-01, 0., 3.49999994e-01, 2.10000008e-01,
    0. ]
CalibrationFrameExtRotation: !!opencv-matrix
   rows: 3
   cols: 1
   dt: d
   data: [ -1.8161844166406441e-01, 2.7960380325276408e+00,
       -8.8903243038052790e-02 ]
CalibrationFrameExtTranslation: !!opencv-matrix
   rows: 3
   cols: 1
   dt: d
   data: [ -2.2612000410393238e-01, 1.2290583876023345e-01,
       1.7051413000543048e+00 ]
CalibrationFrameRMSerror: 1.9814884662628174e-01
