%YAML:1.0
---
CalibrationFramePatternImage: [ 5.85044006e+02, 3.56289490e+02,
    5.83928284e+02, 3.76006317e+02, 5.82983948e+02, 3.95279449e+02,
    5.82265320e+02, 4.14969086e+02, 5.75462891e+02, 3.64710358e+02,
    5.74672180e+02, 3.84242096e+02, 5.73461609e+02, 4.04200958e+02,
    5.72640747e+02, 4.24255096e+02, 5.67436279e+02, 3.54101013e+02,
    5.66113770e+02, 3.73486694e+02, 5.64926208e+02, 3.92965759e+02,
    5.63890991e+02, 4.13173859e+02, 5.57736084e+02, 3.62557159e+02,
    5.56592163e+02, 3.82052216e+02, 5.55514465e+02, 4.02017944e+02,
    5.54964111e+02, 4.22188507e+02, 5.49687134e+02, 3.51564789e+02,
    5.48232178e+02, 3.71268951e+02, 5.46982483e+02, 3.91028595e+02,
    5.46213745e+02, 4.11231598e+02, 5.39871094e+02, 3.60274567e+02,
    5.38521057e+02, 3.79903839e+02, 5.37513916e+02, 4.00003418e+02,
    5.36540527e+02, 4.20500458e+02, 5.31846069e+02, 3.49270538e+02,
    5.30230957e+02, 3.68998230e+02, 5.28954407e+02, 3.88854614e+02,
    5.27694824e+02, 4.09134369e+02, 5.21914429e+02, 3.57803894e+02,
    5.20453125e+02, 3.77704132e+02, 5.19170654e+02, 3.97930908e+02,
    5.18256226e+02, 4.18580139e+02, 5.13560242e+02, 3.47017303e+02,
    5.12047058e+02, 3.66590027e+02, 5.10591034e+02, 3.86715942e+02,
    5.09513092e+02, 4.07163788e+02, 5.03917877e+02, 3.55571625e+02,
    5.02206238e+02, 3.75349548e+02, 5.00604004e+02, 3.95837555e+02,
    4.99582886e+02, 4.16503693e+02, 4.95684509e+02, 3.44291321e+02,
    4.93791412e+02, 3.64254486e+02, 4.92284302e+02, 3.84523773e+02,
    4.91056702e+02, 4.05248352e+02 ]
CalibrationFramePatternWorld: [ 0., 0., 0., 0., 7.00000003e-02, 0., 0.,
    1.40000001e-01, 0., 0., 2.10000008e-01, 0., 3.50000001e-02,
    3.50000001e-02, 0., 3.50000001e-02, 1.05000004e-01, 0.,
    3.50000001e-02, 1.74999997e-01, 0., 3.50000001e-02, 2.45000005e-01,
    0., 7.00000003e-02, 0., 0., 7.00000003e-02, 7.00000003e-02, 0.,
    7.00000003e-02, 1.40000001e-01, 0., 7.00000003e-02, 2.10000008e-01,
    0., 1.05000004e-01, 3.50000001e-02, 0., 1.05000004e-01,
    1.05000004e-01, 0., 1.05000004e-01, 1.74999997e-01, 0.,
    1.05000004e-01, 2.45000005e-01, 0., 1.40000001e-01, 0., 0.,
    1.40000001e-01, 7.00000003e-02, 0., 1.40000001e-01, 1.40000001e-01,
    0., 1.40000001e-01, 2.10000008e-01, 0., 1.74999997e-01,
    3.50000001e-02, 0., 1.74999997e-01, 1.05000004e-01, 0.,
    1.74999997e-01, 1.74999997e-01, 0., 1.74999997e-01, 2.45000005e-01,
    0., 2.10000008e-01, 0., 0., 2.10000008e-01, 7.00000003e-02, 0.,
    2.10000008e-01, 1.40000001e-01, 0., 2.10000008e-01, 2.10000008e-01,
    0., 2.45000005e-01, 3.50000001e-02, 0., 2.45000005e-01,
    1.05000004e-01, 0., 2.45000005e-01, 1.74999997e-01, 0.,
    2.45000005e-01, 2.45000005e-01, 0., 2.80000001e-01, 0., 0.,
    2.80000001e-01, 7.00000003e-02, 0., 2.80000001e-01, 1.40000001e-01,
    0., 2.80000001e-01, 2.10000008e-01, 0., 3.14999998e-01,
    3.50000001e-02, 0., 3.14999998e-01, 1.05000004e-01, 0.,
    3.14999998e-01, 1.74999997e-01, 0., 3.14999998e-01, 2.45000005e-01,
    0., 3.49999994e-01, 0., 0., 3.49999994e-01, 7.00000003e-02, 0.,
    3.49999994e-01, 1.40000001e-01, 0., 3.49999994e-01, 2.10000008e-01,
    0. ]
CalibrationFrameExtRotation: !!opencv-matrix
   rows: 3
   cols: 1
   dt: d
   data: [ -1.9150356450174502e-01, 2.8752578897527981e+00,
       -1.9843049540229318e-01 ]
CalibrationFrameExtTranslation: !!opencv-matrix
   rows: 3
   cols: 1
   dt: d
   data: [ 7.8336078180470314e-01, 3.9683696416903236e-01,
       2.4247077158971191e+00 ]
CalibrationFrameRMSerror: 2.2548671066761017e-01
