%YAML:1.0
---
CalibrationFramePatternImage: [ 5.56309265e+02, 3.47761154e+01,
    5.62335327e+02, 5.94586220e+01, 5.68359375e+02, 8.41712723e+01,
    5.74726013e+02, 1.09563591e+02, 5.46162048e+02, 4.88410187e+01,
    5.52245728e+02, 7.36425247e+01, 5.58269104e+02, 9.91211777e+01,
    5.64588501e+02, 1.24835739e+02, 5.30345581e+02, 3.87345734e+01,
    5.36148743e+02, 6.32373619e+01, 5.41892517e+02, 8.83220291e+01,
    5.48163208e+02, 1.14114426e+02, 5.19971252e+02, 5.27554321e+01,
    5.25735352e+02, 7.77525711e+01, 5.31691345e+02, 1.03209740e+02,
    5.37978088e+02, 1.28957764e+02, 5.04153931e+02, 4.23710442e+01,
    5.09904541e+02, 6.71550980e+01, 5.15490723e+02, 9.25034790e+01,
    5.21664307e+02, 1.18034836e+02, 4.93785339e+02, 5.67435303e+01,
    4.99289001e+02, 8.17370071e+01, 5.05180603e+02, 1.07300377e+02,
    5.11375671e+02, 1.33165588e+02, 4.77987671e+02, 4.60443153e+01,
    4.83394043e+02, 7.12468338e+01, 4.89080353e+02, 9.66155014e+01,
    4.94969513e+02, 1.22285057e+02, 4.67506531e+02, 6.05895729e+01,
    4.72892120e+02, 8.57986069e+01, 4.78573425e+02, 1.11512787e+02,
    4.84606110e+02, 1.37497421e+02, 4.51641388e+02, 5.00228195e+01,
    4.56855469e+02, 7.51939163e+01, 4.62397156e+02, 1.00521568e+02,
    4.68167877e+02, 1.26492867e+02, 4.41148376e+02, 6.41892242e+01,
    4.46302307e+02, 8.96765213e+01, 4.51866180e+02, 1.15435242e+02,
    4.57581116e+02, 1.41644455e+02, 4.25443909e+02, 5.34376564e+01,
    4.30503876e+02, 7.86954346e+01, 4.35780823e+02, 1.04552895e+02,
    4.41385162e+02, 1.30452042e+02 ]
CalibrationFramePatternWorld: [ 0., 0., 0., 0., 7.00000003e-02, 0., 0.,
    1.40000001e-01, 0., 0., 2.10000008e-01, 0., 3.50000001e-02,
    3.50000001e-02, 0., 3.50000001e-02, 1.05000004e-01, 0.,
    3.50000001e-02, 1.74999997e-01, 0., 3.50000001e-02, 2.45000005e-01,
    0., 7.00000003e-02, 0., 0., 7.00000003e-02, 7.00000003e-02, 0.,
    7.00000003e-02, 1.40000001e-01, 0., 7.00000003e-02, 2.10000008e-01,
    0., 1.05000004e-01, 3.50000001e-02, 0., 1.05000004e-01,
    1.05000004e-01, 0., 1.05000004e-01, 1.74999997e-01, 0.,
    1.05000004e-01, 2.45000005e-01, 0., 1.40000001e-01, 0., 0.,
    1.40000001e-01, 7.00000003e-02, 0., 1.40000001e-01, 1.40000001e-01,
    0., 1.40000001e-01, 2.10000008e-01, 0., 1.74999997e-01,
    3.50000001e-02, 0., 1.74999997e-01, 1.05000004e-01, 0.,
    1.74999997e-01, 1.74999997e-01, 0., 1.74999997e-01, 2.45000005e-01,
    0., 2.10000008e-01, 0., 0., 2.10000008e-01, 7.00000003e-02, 0.,
    2.10000008e-01, 1.40000001e-01, 0., 2.10000008e-01, 2.10000008e-01,
    0., 2.45000005e-01, 3.50000001e-02, 0., 2.45000005e-01,
    1.05000004e-01, 0., 2.45000005e-01, 1.74999997e-01, 0.,
    2.45000005e-01, 2.45000005e-01, 0., 2.80000001e-01, 0., 0.,
    2.80000001e-01, 7.00000003e-02, 0., 2.80000001e-01, 1.40000001e-01,
    0., 2.80000001e-01, 2.10000008e-01, 0., 3.14999998e-01,
    3.50000001e-02, 0., 3.14999998e-01, 1.05000004e-01, 0.,
    3.14999998e-01, 1.74999997e-01, 0., 3.14999998e-01, 2.45000005e-01,
    0., 3.49999994e-01, 0., 0., 3.49999994e-01, 7.00000003e-02, 0.,
    3.49999994e-01, 1.40000001e-01, 0., 3.49999994e-01, 2.10000008e-01,
    0. ]
CalibrationFrameExtRotation: !!opencv-matrix
   rows: 3
   cols: 1
   dt: d
   data: [ 2.7619690144867010e-01, 3.0056920076515059e+00,
       -2.0801208331478860e-01 ]
CalibrationFrameExtTranslation: !!opencv-matrix
   rows: 3
   cols: 1
   dt: d
   data: [ 4.8517632470668570e-01, -5.6128420303634741e-01,
       1.7208348532934030e+00 ]
CalibrationFrameRMSerror: 2.0758257806301117e-01
