%YAML:1.0
---
CalibrationFramePatternImage: [ 3.31751556e+02, 1.84148026e+02,
    3.21549042e+02, 2.04720474e+02, 3.10996643e+02, 2.25665512e+02,
    2.99975952e+02, 2.47749634e+02, 3.15399750e+02, 1.87882202e+02,
    3.04905396e+02, 2.08561935e+02, 2.93710938e+02, 2.30139954e+02,
    2.82031158e+02, 2.52561035e+02, 3.09391357e+02, 1.71409225e+02,
    2.98711700e+02, 1.91680298e+02, 2.87729736e+02, 2.12818405e+02,
    2.76006744e+02, 2.34727020e+02, 2.92728333e+02, 1.74947876e+02,
    2.81758301e+02, 1.95623703e+02, 2.70058228e+02, 2.17076324e+02,
    2.58085754e+02, 2.39192841e+02, 2.86816345e+02, 1.58416519e+02,
    2.75816467e+02, 1.78737213e+02, 2.64126862e+02, 1.99631561e+02,
    2.52091217e+02, 2.21371918e+02, 2.69917358e+02, 1.61903503e+02,
    2.58310638e+02, 1.82465759e+02, 2.46281952e+02, 2.03711884e+02,
    2.33597931e+02, 2.25686996e+02, 2.64173553e+02, 1.45475052e+02,
    2.52441376e+02, 1.65520920e+02, 2.40361084e+02, 1.86406097e+02,
    2.27808289e+02, 2.07770569e+02, 2.46666336e+02, 1.48873413e+02,
    2.34636810e+02, 1.69163162e+02, 2.22026657e+02, 1.90248627e+02,
    2.08882843e+02, 2.12208282e+02, 2.40935318e+02, 1.32460953e+02,
    2.28903687e+02, 1.52322021e+02, 2.16367996e+02, 1.72767975e+02,
    2.03238846e+02, 1.94335449e+02, 2.23404236e+02, 1.35489929e+02,
    2.10773026e+02, 1.55499390e+02, 1.97635178e+02, 1.76601746e+02,
    1.83913895e+02, 1.98264145e+02, 2.17817459e+02, 1.18874008e+02,
    2.05180618e+02, 1.38540787e+02, 1.92143158e+02, 1.59139664e+02,
    1.78432556e+02, 1.80241562e+02 ]
CalibrationFramePatternWorld: [ 0., 0., 0., 0., 7.00000003e-02, 0., 0.,
    1.40000001e-01, 0., 0., 2.10000008e-01, 0., 3.50000001e-02,
    3.50000001e-02, 0., 3.50000001e-02, 1.05000004e-01, 0.,
    3.50000001e-02, 1.74999997e-01, 0., 3.50000001e-02, 2.45000005e-01,
    0., 7.00000003e-02, 0., 0., 7.00000003e-02, 7.00000003e-02, 0.,
    7.00000003e-02, 1.40000001e-01, 0., 7.00000003e-02, 2.10000008e-01,
    0., 1.05000004e-01, 3.50000001e-02, 0., 1.05000004e-01,
    1.05000004e-01, 0., 1.05000004e-01, 1.74999997e-01, 0.,
    1.05000004e-01, 2.45000005e-01, 0., 1.40000001e-01, 0., 0.,
    1.40000001e-01, 7.00000003e-02, 0., 1.40000001e-01, 1.40000001e-01,
    0., 1.40000001e-01, 2.10000008e-01, 0., 1.74999997e-01,
    3.50000001e-02, 0., 1.74999997e-01, 1.05000004e-01, 0.,
    1.74999997e-01, 1.74999997e-01, 0., 1.74999997e-01, 2.45000005e-01,
    0., 2.10000008e-01, 0., 0., 2.10000008e-01, 7.00000003e-02, 0.,
    2.10000008e-01, 1.40000001e-01, 0., 2.10000008e-01, 2.10000008e-01,
    0., 2.45000005e-01, 3.50000001e-02, 0., 2.45000005e-01,
    1.05000004e-01, 0., 2.45000005e-01, 1.74999997e-01, 0.,
    2.45000005e-01, 2.45000005e-01, 0., 2.80000001e-01, 0., 0.,
    2.80000001e-01, 7.00000003e-02, 0., 2.80000001e-01, 1.40000001e-01,
    0., 2.80000001e-01, 2.10000008e-01, 0., 3.14999998e-01,
    3.50000001e-02, 0., 3.14999998e-01, 1.05000004e-01, 0.,
    3.14999998e-01, 1.74999997e-01, 0., 3.14999998e-01, 2.45000005e-01,
    0., 3.49999994e-01, 0., 0., 3.49999994e-01, 7.00000003e-02, 0.,
    3.49999994e-01, 1.40000001e-01, 0., 3.49999994e-01, 2.10000008e-01,
    0. ]
CalibrationFrameExtRotation: !!opencv-matrix
   rows: 3
   cols: 1
   dt: d
   data: [ -6.4883425415500673e-01, 2.7087368082909822e+00,
       -5.5147102554113592e-01 ]
CalibrationFrameExtTranslation: !!opencv-matrix
   rows: 3
   cols: 1
   dt: d
   data: [ -9.8641247032288257e-02, -1.7221332234733022e-01,
       1.7720670145720976e+00 ]
CalibrationFrameRMSerror: 1.7179793119430542e-01
