%YAML:1.0
---
CalibrationFramePatternImage: [ 3.23326080e+02, 3.17958893e+02,
    3.26882355e+02, 3.36199280e+02, 3.30442719e+02, 3.54358734e+02,
    3.34179871e+02, 3.73129944e+02, 3.16742615e+02, 3.28796692e+02,
    3.20172668e+02, 3.46958496e+02, 3.23632965e+02, 3.65438660e+02,
    3.27138855e+02, 3.84231232e+02, 3.06518250e+02, 3.21846436e+02,
    3.10039032e+02, 3.39742798e+02, 3.13476196e+02, 3.57817719e+02,
    3.16847382e+02, 3.76507355e+02, 2.99738953e+02, 3.32354309e+02,
    3.03148102e+02, 3.50404327e+02, 3.06613037e+02, 3.68731964e+02,
    3.10018280e+02, 3.87296600e+02, 2.89782928e+02, 3.25416992e+02,
    2.93108673e+02, 3.43289398e+02, 2.96461975e+02, 3.61272980e+02,
    2.99661591e+02, 3.79590912e+02, 2.83269623e+02, 3.35838379e+02,
    2.86486847e+02, 3.53677582e+02, 2.89662750e+02, 3.71902924e+02,
    2.92960205e+02, 3.90535004e+02, 2.73289459e+02, 3.28921448e+02,
    2.76553284e+02, 3.46692169e+02, 2.79858765e+02, 3.64525574e+02,
    2.83062683e+02, 3.82768524e+02, 2.66724060e+02, 3.39470581e+02,
    2.69836212e+02, 3.57075226e+02, 2.73055023e+02, 3.75313843e+02,
    2.76105682e+02, 3.93691559e+02, 2.57097137e+02, 3.32394897e+02,
    2.60180542e+02, 3.50003510e+02, 2.63278473e+02, 3.67816315e+02,
    2.66301910e+02, 3.85861908e+02, 2.50545853e+02, 3.42987213e+02,
    2.53583862e+02, 3.60528748e+02, 2.56644318e+02, 3.78465912e+02,
    2.59602875e+02, 3.96628723e+02, 2.40987885e+02, 3.35887390e+02,
    2.43915726e+02, 3.53445099e+02, 2.47000458e+02, 3.71112823e+02,
    2.49926453e+02, 3.89114075e+02 ]
CalibrationFramePatternWorld: [ 0., 0., 0., 0., 7.00000003e-02, 0., 0.,
    1.40000001e-01, 0., 0., 2.10000008e-01, 0., 3.50000001e-02,
    3.50000001e-02, 0., 3.50000001e-02, 1.05000004e-01, 0.,
    3.50000001e-02, 1.74999997e-01, 0., 3.50000001e-02, 2.45000005e-01,
    0., 7.00000003e-02, 0., 0., 7.00000003e-02, 7.00000003e-02, 0.,
    7.00000003e-02, 1.40000001e-01, 0., 7.00000003e-02, 2.10000008e-01,
    0., 1.05000004e-01, 3.50000001e-02, 0., 1.05000004e-01,
    1.05000004e-01, 0., 1.05000004e-01, 1.74999997e-01, 0.,
    1.05000004e-01, 2.45000005e-01, 0., 1.40000001e-01, 0., 0.,
    1.40000001e-01, 7.00000003e-02, 0., 1.40000001e-01, 1.40000001e-01,
    0., 1.40000001e-01, 2.10000008e-01, 0., 1.74999997e-01,
    3.50000001e-02, 0., 1.74999997e-01, 1.05000004e-01, 0.,
    1.74999997e-01, 1.74999997e-01, 0., 1.74999997e-01, 2.45000005e-01,
    0., 2.10000008e-01, 0., 0., 2.10000008e-01, 7.00000003e-02, 0.,
    2.10000008e-01, 1.40000001e-01, 0., 2.10000008e-01, 2.10000008e-01,
    0., 2.45000005e-01, 3.50000001e-02, 0., 2.45000005e-01,
    1.05000004e-01, 0., 2.45000005e-01, 1.74999997e-01, 0.,
    2.45000005e-01, 2.45000005e-01, 0., 2.80000001e-01, 0., 0.,
    2.80000001e-01, 7.00000003e-02, 0., 2.80000001e-01, 1.40000001e-01,
    0., 2.80000001e-01, 2.10000008e-01, 0., 3.14999998e-01,
    3.50000001e-02, 0., 3.14999998e-01, 1.05000004e-01, 0.,
    3.14999998e-01, 1.74999997e-01, 0., 3.14999998e-01, 2.45000005e-01,
    0., 3.49999994e-01, 0., 0., 3.49999994e-01, 7.00000003e-02, 0.,
    3.49999994e-01, 1.40000001e-01, 0., 3.49999994e-01, 2.10000008e-01,
    0. ]
CalibrationFrameExtRotation: !!opencv-matrix
   rows: 3
   cols: 1
   dt: d
   data: [ -3.1149851206216367e-01, -2.8883384617300405e+00,
       1.7294750253866198e-01 ]
CalibrationFrameExtTranslation: !!opencv-matrix
   rows: 3
   cols: 1
   dt: d
   data: [ -1.7028907523623063e-01, 2.7266289027091761e-01,
       2.5000666885869012e+00 ]
CalibrationFrameRMSerror: 1.3904477655887604e-01
