%YAML:1.0
---
CalibrationFramePatternImage: [ 1.20777107e+02, 4.23342133e+01,
    1.21092789e+02, 5.77996140e+01, 1.21228416e+02, 7.31396866e+01,
    1.21625504e+02, 8.85982742e+01, 1.13110802e+02, 5.01186905e+01,
    1.13424881e+02, 6.55257874e+01, 1.13790405e+02, 8.10409241e+01,
    1.13960045e+02, 9.67089233e+01, 1.05146156e+02, 4.29540253e+01,
    1.05486336e+02, 5.83228035e+01, 1.06046272e+02, 7.35506821e+01,
    1.06300270e+02, 8.90298843e+01, 9.76993561e+01, 5.06908188e+01,
    9.79649734e+01, 6.60677490e+01, 9.82428665e+01, 8.15838776e+01,
    9.83890457e+01, 9.70428543e+01, 8.96371078e+01, 4.34158096e+01,
    9.00422363e+01, 5.87722473e+01, 9.04959793e+01, 7.40705948e+01,
    9.07308121e+01, 8.94218826e+01, 8.21357880e+01, 5.11548691e+01,
    8.25035934e+01, 6.66512909e+01, 8.27966843e+01, 8.21285629e+01,
    8.29039154e+01, 9.75346756e+01, 7.41973801e+01, 4.38482666e+01,
    7.45805817e+01, 5.91954918e+01, 7.50042877e+01, 7.45228195e+01,
    7.50683823e+01, 8.98366928e+01, 6.67403488e+01, 5.18929939e+01,
    6.70749741e+01, 6.71037140e+01, 6.72630234e+01, 8.25959167e+01,
    6.75060349e+01, 9.79837036e+01, 5.88080978e+01, 4.43848953e+01,
    5.91532288e+01, 5.96319962e+01, 5.92695389e+01, 7.49112015e+01,
    5.96558876e+01, 9.03958969e+01, 5.10329895e+01, 5.23150787e+01,
    5.13423538e+01, 6.75320053e+01, 5.16522522e+01, 8.29496231e+01,
    5.17665787e+01, 9.82890320e+01, 4.32438202e+01, 4.48228493e+01,
    4.34254570e+01, 6.00180092e+01, 4.38476524e+01, 7.53335571e+01,
    4.38967400e+01, 9.08173904e+01 ]
CalibrationFramePatternWorld: [ 0., 0., 0., 0., 7.00000003e-02, 0., 0.,
    1.40000001e-01, 0., 0., 2.10000008e-01, 0., 3.50000001e-02,
    3.50000001e-02, 0., 3.50000001e-02, 1.05000004e-01, 0.,
    3.50000001e-02, 1.74999997e-01, 0., 3.50000001e-02, 2.45000005e-01,
    0., 7.00000003e-02, 0., 0., 7.00000003e-02, 7.00000003e-02, 0.,
    7.00000003e-02, 1.40000001e-01, 0., 7.00000003e-02, 2.10000008e-01,
    0., 1.05000004e-01, 3.50000001e-02, 0., 1.05000004e-01,
    1.05000004e-01, 0., 1.05000004e-01, 1.74999997e-01, 0.,
    1.05000004e-01, 2.45000005e-01, 0., 1.40000001e-01, 0., 0.,
    1.40000001e-01, 7.00000003e-02, 0., 1.40000001e-01, 1.40000001e-01,
    0., 1.40000001e-01, 2.10000008e-01, 0., 1.74999997e-01,
    3.50000001e-02, 0., 1.74999997e-01, 1.05000004e-01, 0.,
    1.74999997e-01, 1.74999997e-01, 0., 1.74999997e-01, 2.45000005e-01,
    0., 2.10000008e-01, 0., 0., 2.10000008e-01, 7.00000003e-02, 0.,
    2.10000008e-01, 1.40000001e-01, 0., 2.10000008e-01, 2.10000008e-01,
    0., 2.45000005e-01, 3.50000001e-02, 0., 2.45000005e-01,
    1.05000004e-01, 0., 2.45000005e-01, 1.74999997e-01, 0.,
    2.45000005e-01, 2.45000005e-01, 0., 2.80000001e-01, 0., 0.,
    2.80000001e-01, 7.00000003e-02, 0., 2.80000001e-01, 1.40000001e-01,
    0., 2.80000001e-01, 2.10000008e-01, 0., 3.14999998e-01,
    3.50000001e-02, 0., 3.14999998e-01, 1.05000004e-01, 0.,
    3.14999998e-01, 1.74999997e-01, 0., 3.14999998e-01, 2.45000005e-01,
    0., 3.49999994e-01, 0., 0., 3.49999994e-01, 7.00000003e-02, 0.,
    3.49999994e-01, 1.40000001e-01, 0., 3.49999994e-01, 2.10000008e-01,
    0. ]
CalibrationFrameExtRotation: !!opencv-matrix
   rows: 3
   cols: 1
   dt: d
   data: [ 4.3785315769377338e-02, 3.1062172895362696e+00,
       5.9966144500802716e-03 ]
CalibrationFrameExtTranslation: !!opencv-matrix
   rows: 3
   cols: 1
   dt: d
   data: [ -1.1226594966243673e+00, -9.3400548699738639e-01,
       2.8996036045041556e+00 ]
CalibrationFrameRMSerror: 1.5001243352890015e-01
