%YAML:1.0
---
CalibrationFramePatternImage: [ 3.91946991e+02, 2.08346832e+02,
    3.74685333e+02, 2.60318146e+02, 3.58553375e+02, 3.10515747e+02,
    3.42596405e+02, 3.60088440e+02, 3.57166809e+02, 2.27441528e+02,
    3.40900360e+02, 2.79223541e+02, 3.24649384e+02, 3.29727814e+02,
    3.09124725e+02, 3.79544220e+02, 3.39728363e+02, 1.94077103e+02,
    3.22500488e+02, 2.47194321e+02, 3.06750916e+02, 2.98640167e+02,
    2.90897095e+02, 3.49775330e+02, 3.04281525e+02, 2.13565338e+02,
    2.87843872e+02, 2.66543854e+02, 2.72255951e+02, 3.18640564e+02,
    2.57268555e+02, 3.69888733e+02, 2.85821564e+02, 1.78758713e+02,
    2.68529602e+02, 2.33819717e+02, 2.52920914e+02, 2.86572266e+02,
    2.37872665e+02, 3.39167786e+02, 2.49347366e+02, 1.98990509e+02,
    2.33050766e+02, 2.53398712e+02, 2.17985077e+02, 3.07086884e+02,
    2.02888504e+02, 3.60042328e+02, 2.29669754e+02, 1.63383728e+02,
    2.12715439e+02, 2.19527908e+02, 1.97439255e+02, 2.74091034e+02,
    1.82366760e+02, 3.28036865e+02, 1.92356674e+02, 1.83820557e+02,
    1.76165924e+02, 2.39883209e+02, 1.61145782e+02, 2.95319641e+02,
    1.46483932e+02, 3.49788818e+02, 1.70991425e+02, 1.47301300e+02,
    1.54605362e+02, 2.04566666e+02, 1.39120270e+02, 2.61131714e+02,
    1.24756866e+02, 3.16775909e+02, 1.33016785e+02, 1.67927917e+02,
    1.16626869e+02, 2.25709335e+02, 1.02030670e+02, 2.82562592e+02,
    8.78697052e+01, 3.38624451e+02, 1.10129707e+02, 1.29912582e+02,
    9.37711029e+01, 1.89436111e+02, 7.85942001e+01, 2.47730621e+02,
    6.43830795e+01, 3.04888824e+02 ]
CalibrationFramePatternWorld: [ 0., 0., 0., 0., 7.00000003e-02, 0., 0.,
    1.40000001e-01, 0., 0., 2.10000008e-01, 0., 3.50000001e-02,
    3.50000001e-02, 0., 3.50000001e-02, 1.05000004e-01, 0.,
    3.50000001e-02, 1.74999997e-01, 0., 3.50000001e-02, 2.45000005e-01,
    0., 7.00000003e-02, 0., 0., 7.00000003e-02, 7.00000003e-02, 0.,
    7.00000003e-02, 1.40000001e-01, 0., 7.00000003e-02, 2.10000008e-01,
    0., 1.05000004e-01, 3.50000001e-02, 0., 1.05000004e-01,
    1.05000004e-01, 0., 1.05000004e-01, 1.74999997e-01, 0.,
    1.05000004e-01, 2.45000005e-01, 0., 1.40000001e-01, 0., 0.,
    1.40000001e-01, 7.00000003e-02, 0., 1.40000001e-01, 1.40000001e-01,
    0., 1.40000001e-01, 2.10000008e-01, 0., 1.74999997e-01,
    3.50000001e-02, 0., 1.74999997e-01, 1.05000004e-01, 0.,
    1.74999997e-01, 1.74999997e-01, 0., 1.74999997e-01, 2.45000005e-01,
    0., 2.10000008e-01, 0., 0., 2.10000008e-01, 7.00000003e-02, 0.,
    2.10000008e-01, 1.40000001e-01, 0., 2.10000008e-01, 2.10000008e-01,
    0., 2.45000005e-01, 3.50000001e-02, 0., 2.45000005e-01,
    1.05000004e-01, 0., 2.45000005e-01, 1.74999997e-01, 0.,
    2.45000005e-01, 2.45000005e-01, 0., 2.80000001e-01, 0., 0.,
    2.80000001e-01, 7.00000003e-02, 0., 2.80000001e-01, 1.40000001e-01,
    0., 2.80000001e-01, 2.10000008e-01, 0., 3.14999998e-01,
    3.50000001e-02, 0., 3.14999998e-01, 1.05000004e-01, 0.,
    3.14999998e-01, 1.74999997e-01, 0., 3.14999998e-01, 2.45000005e-01,
    0., 3.49999994e-01, 0., 0., 3.49999994e-01, 7.00000003e-02, 0.,
    3.49999994e-01, 1.40000001e-01, 0., 3.49999994e-01, 2.10000008e-01,
    0. ]
CalibrationFrameExtRotation: !!opencv-matrix
   rows: 3
   cols: 1
   dt: d
   data: [ -3.9686716429816049e-01, 2.7989841472670398e+00,
       2.5922550246669340e-01 ]
CalibrationFrameExtTranslation: !!opencv-matrix
   rows: 3
   cols: 1
   dt: d
   data: [ 2.7994555325443413e-02, -4.9131864102646798e-02,
       8.3349355643304546e-01 ]
CalibrationFrameRMSerror: 8.4780925512313843e-01
