%YAML:1.0
---
CalibrationFramePatternImage: [ 1.95283127e+02, 2.22377045e+02,
    1.92048965e+02, 2.48323700e+02, 1.88973022e+02, 2.73852692e+02,
    1.85899292e+02, 2.99588104e+02, 1.79926331e+02, 2.33906357e+02,
    1.76831619e+02, 2.59726868e+02, 1.73760559e+02, 2.85652405e+02,
    1.70798874e+02, 3.11573730e+02, 1.67677185e+02, 2.19282013e+02,
    1.64481323e+02, 2.45444885e+02, 1.61478073e+02, 2.71361115e+02,
    1.58383560e+02, 2.97616882e+02, 1.51994904e+02, 2.30844223e+02,
    1.48876282e+02, 2.57113129e+02, 1.45861816e+02, 2.83504669e+02,
    1.43020691e+02, 3.09805573e+02, 1.39228516e+02, 2.15955948e+02,
    1.36184296e+02, 2.42752533e+02, 1.33214966e+02, 2.69039612e+02,
    1.30359512e+02, 2.95697845e+02, 1.23281105e+02, 2.27723587e+02,
    1.20362869e+02, 2.54534729e+02, 1.17424805e+02, 2.81217194e+02,
    1.14489120e+02, 3.08060089e+02, 1.10073387e+02, 2.12581299e+02,
    1.07102127e+02, 2.39820251e+02, 1.04386726e+02, 2.66697205e+02,
    1.01283966e+02, 2.93639648e+02, 9.37588577e+01, 2.24572388e+02,
    9.09615250e+01, 2.51779007e+02, 8.81050491e+01, 2.79189270e+02,
    8.52284470e+01, 3.06398621e+02, 8.01212692e+01, 2.09172028e+02,
    7.72019196e+01, 2.36722397e+02, 7.44694366e+01, 2.64197845e+02,
    7.16271591e+01, 2.91672913e+02, 6.34126701e+01, 2.21378311e+02,
    6.06200562e+01, 2.49068420e+02, 5.79561005e+01, 2.76676331e+02,
    5.51221619e+01, 3.04438141e+02, 4.95237732e+01, 2.05582962e+02,
    4.65083923e+01, 2.33831131e+02, 4.38246193e+01, 2.61758484e+02,
    4.11155167e+01, 2.89790741e+02 ]
CalibrationFramePatternWorld: [ 0., 0., 0., 0., 7.00000003e-02, 0., 0.,
    1.40000001e-01, 0., 0., 2.10000008e-01, 0., 3.50000001e-02,
    3.50000001e-02, 0., 3.50000001e-02, 1.05000004e-01, 0.,
    3.50000001e-02, 1.74999997e-01, 0., 3.50000001e-02, 2.45000005e-01,
    0., 7.00000003e-02, 0., 0., 7.00000003e-02, 7.00000003e-02, 0.,
    7.00000003e-02, 1.40000001e-01, 0., 7.00000003e-02, 2.10000008e-01,
    0., 1.05000004e-01, 3.50000001e-02, 0., 1.05000004e-01,
    1.05000004e-01, 0., 1.05000004e-01, 1.74999997e-01, 0.,
    1.05000004e-01, 2.45000005e-01, 0., 1.40000001e-01, 0., 0.,
    1.40000001e-01, 7.00000003e-02, 0., 1.40000001e-01, 1.40000001e-01,
    0., 1.40000001e-01, 2.10000008e-01, 0., 1.74999997e-01,
    3.50000001e-02, 0., 1.74999997e-01, 1.05000004e-01, 0.,
    1.74999997e-01, 1.74999997e-01, 0., 1.74999997e-01, 2.45000005e-01,
    0., 2.10000008e-01, 0., 0., 2.10000008e-01, 7.00000003e-02, 0.,
    2.10000008e-01, 1.40000001e-01, 0., 2.10000008e-01, 2.10000008e-01,
    0., 2.45000005e-01, 3.50000001e-02, 0., 2.45000005e-01,
    1.05000004e-01, 0., 2.45000005e-01, 1.74999997e-01, 0.,
    2.45000005e-01, 2.45000005e-01, 0., 2.80000001e-01, 0., 0.,
    2.80000001e-01, 7.00000003e-02, 0., 2.80000001e-01, 1.40000001e-01,
    0., 2.80000001e-01, 2.10000008e-01, 0., 3.14999998e-01,
    3.50000001e-02, 0., 3.14999998e-01, 1.05000004e-01, 0.,
    3.14999998e-01, 1.74999997e-01, 0., 3.14999998e-01, 2.45000005e-01,
    0., 3.49999994e-01, 0., 0., 3.49999994e-01, 7.00000003e-02, 0.,
    3.49999994e-01, 1.40000001e-01, 0., 3.49999994e-01, 2.10000008e-01,
    0. ]
CalibrationFrameExtRotation: !!opencv-matrix
   rows: 3
   cols: 1
   dt: d
   data: [ -1.9650287157143145e-01, 2.8006719076614193e+00,
       2.6206524634484984e-01 ]
CalibrationFrameExtTranslation: !!opencv-matrix
   rows: 3
   cols: 1
   dt: d
   data: [ -4.4516236998520814e-01, -6.7076564153735835e-02,
       1.6708419844879503e+00 ]
CalibrationFrameRMSerror: 3.0092629790306091e-01
