%YAML:1.0
---
CalibrationFramePatternImage: [ 4.06239563e+02, 1.10107307e+02,
    4.02999329e+02, 1.47613312e+02, 3.99966125e+02, 1.83925034e+02,
    3.97526550e+02, 2.19672226e+02, 3.86803528e+02, 1.27702866e+02,
    3.83911896e+02, 1.65135040e+02, 3.81274323e+02, 2.01494278e+02,
    3.79321869e+02, 2.37446228e+02, 3.70471130e+02, 1.07793457e+02,
    3.67667633e+02, 1.45657913e+02, 3.65076874e+02, 1.82763962e+02,
    3.62968658e+02, 2.19462967e+02, 3.50928253e+02, 1.25602180e+02,
    3.48293182e+02, 1.63487595e+02, 3.46195282e+02, 2.00921478e+02,
    3.44747284e+02, 2.37706314e+02, 3.33716034e+02, 1.04764603e+02,
    3.31294556e+02, 1.44036270e+02, 3.28974426e+02, 1.81848495e+02,
    3.27589996e+02, 2.19353043e+02, 3.13624329e+02, 1.23366051e+02,
    3.11456024e+02, 1.62161392e+02, 3.09880280e+02, 2.00332428e+02,
    3.08867432e+02, 2.38060623e+02, 2.95617798e+02, 1.02150772e+02,
    2.93618225e+02, 1.42106689e+02, 2.91992218e+02, 1.80770844e+02,
    2.90627960e+02, 2.19158157e+02, 2.75175293e+02, 1.21083290e+02,
    2.73514038e+02, 1.60726898e+02, 2.72310120e+02, 1.99871170e+02,
    2.71773163e+02, 2.38591705e+02, 2.56056366e+02, 9.92667694e+01,
    2.54640839e+02, 1.40047409e+02, 2.53293716e+02, 1.79853867e+02,
    2.52807587e+02, 2.19275024e+02, 2.35269196e+02, 1.18430580e+02,
    2.34064117e+02, 1.59170639e+02, 2.33379990e+02, 1.99262436e+02,
    2.33288086e+02, 2.38939301e+02, 2.15251297e+02, 9.61143723e+01,
    2.14224915e+02, 1.38182648e+02, 2.13528351e+02, 1.78856934e+02,
    2.13398010e+02, 2.19337357e+02 ]
CalibrationFramePatternWorld: [ 0., 0., 0., 0., 7.00000003e-02, 0., 0.,
    1.40000001e-01, 0., 0., 2.10000008e-01, 0., 3.50000001e-02,
    3.50000001e-02, 0., 3.50000001e-02, 1.05000004e-01, 0.,
    3.50000001e-02, 1.74999997e-01, 0., 3.50000001e-02, 2.45000005e-01,
    0., 7.00000003e-02, 0., 0., 7.00000003e-02, 7.00000003e-02, 0.,
    7.00000003e-02, 1.40000001e-01, 0., 7.00000003e-02, 2.10000008e-01,
    0., 1.05000004e-01, 3.50000001e-02, 0., 1.05000004e-01,
    1.05000004e-01, 0., 1.05000004e-01, 1.74999997e-01, 0.,
    1.05000004e-01, 2.45000005e-01, 0., 1.40000001e-01, 0., 0.,
    1.40000001e-01, 7.00000003e-02, 0., 1.40000001e-01, 1.40000001e-01,
    0., 1.40000001e-01, 2.10000008e-01, 0., 1.74999997e-01,
    3.50000001e-02, 0., 1.74999997e-01, 1.05000004e-01, 0.,
    1.74999997e-01, 1.74999997e-01, 0., 1.74999997e-01, 2.45000005e-01,
    0., 2.10000008e-01, 0., 0., 2.10000008e-01, 7.00000003e-02, 0.,
    2.10000008e-01, 1.40000001e-01, 0., 2.10000008e-01, 2.10000008e-01,
    0., 2.45000005e-01, 3.50000001e-02, 0., 2.45000005e-01,
    1.05000004e-01, 0., 2.45000005e-01, 1.74999997e-01, 0.,
    2.45000005e-01, 2.45000005e-01, 0., 2.80000001e-01, 0., 0.,
    2.80000001e-01, 7.00000003e-02, 0., 2.80000001e-01, 1.40000001e-01,
    0., 2.80000001e-01, 2.10000008e-01, 0., 3.14999998e-01,
    3.50000001e-02, 0., 3.14999998e-01, 1.05000004e-01, 0.,
    3.14999998e-01, 1.74999997e-01, 0., 3.14999998e-01, 2.45000005e-01,
    0., 3.49999994e-01, 0., 0., 3.49999994e-01, 7.00000003e-02, 0.,
    3.49999994e-01, 1.40000001e-01, 0., 3.49999994e-01, 2.10000008e-01,
    0. ]
CalibrationFrameExtRotation: !!opencv-matrix
   rows: 3
   cols: 1
   dt: d
   data: [ -3.7119113963806877e-02, 2.7751660112596350e+00,
       2.4924710558281468e-01 ]
CalibrationFrameExtTranslation: !!opencv-matrix
   rows: 3
   cols: 1
   dt: d
   data: [ 6.8481242883601509e-02, -2.5892466034309347e-01,
       1.2175101673128548e+00 ]
CalibrationFrameRMSerror: 5.0073629617691040e-01
