%YAML:1.0
---
CalibrationFramePatternImage: [ 4.50415771e+02, 1.33211548e+02,
    4.53033234e+02, 1.50009430e+02, 4.55669006e+02, 1.66817902e+02,
    4.58398376e+02, 1.84119705e+02, 4.42897614e+02, 1.43524597e+02,
    4.45470673e+02, 1.60382660e+02, 4.47990662e+02, 1.77575272e+02,
    4.50349670e+02, 1.94978378e+02, 4.32780334e+02, 1.37743088e+02,
    4.35068451e+02, 1.54230164e+02, 4.37604706e+02, 1.70930023e+02,
    4.40135040e+02, 1.88194489e+02, 4.25159210e+02, 1.48047821e+02,
    4.27589783e+02, 1.64444473e+02, 4.29956665e+02, 1.81517273e+02,
    4.32174133e+02, 1.98609848e+02, 4.15453064e+02, 1.42072922e+02,
    4.17733551e+02, 1.58257660e+02, 4.19847198e+02, 1.75079819e+02,
    4.22143341e+02, 1.91797089e+02, 4.07877411e+02, 1.52122070e+02,
    4.10196289e+02, 1.68459671e+02, 4.12413086e+02, 1.85087784e+02,
    4.14341858e+02, 2.02291824e+02, 3.98309723e+02, 1.46202423e+02,
    4.00502533e+02, 1.62325699e+02, 4.02612793e+02, 1.78813156e+02,
    4.04450104e+02, 1.95433456e+02, 3.91115723e+02, 1.56165222e+02,
    3.93016663e+02, 1.72444748e+02, 3.95026581e+02, 1.88811203e+02,
    3.96887329e+02, 2.05741623e+02, 3.81772888e+02, 1.50207657e+02,
    3.83575134e+02, 1.66279266e+02, 3.85582489e+02, 1.82347427e+02,
    3.87370544e+02, 1.99133682e+02, 3.74385712e+02, 1.60151733e+02,
    3.76272491e+02, 1.75990509e+02, 3.77930664e+02, 1.92300827e+02,
    3.79837921e+02, 2.08942566e+02, 3.65234497e+02, 1.54062119e+02,
    3.67003326e+02, 1.69798782e+02, 3.68713989e+02, 1.85882812e+02,
    3.70481934e+02, 2.02398254e+02 ]
CalibrationFramePatternWorld: [ 0., 0., 0., 0., 7.00000003e-02, 0., 0.,
    1.40000001e-01, 0., 0., 2.10000008e-01, 0., 3.50000001e-02,
    3.50000001e-02, 0., 3.50000001e-02, 1.05000004e-01, 0.,
    3.50000001e-02, 1.74999997e-01, 0., 3.50000001e-02, 2.45000005e-01,
    0., 7.00000003e-02, 0., 0., 7.00000003e-02, 7.00000003e-02, 0.,
    7.00000003e-02, 1.40000001e-01, 0., 7.00000003e-02, 2.10000008e-01,
    0., 1.05000004e-01, 3.50000001e-02, 0., 1.05000004e-01,
    1.05000004e-01, 0., 1.05000004e-01, 1.74999997e-01, 0.,
    1.05000004e-01, 2.45000005e-01, 0., 1.40000001e-01, 0., 0.,
    1.40000001e-01, 7.00000003e-02, 0., 1.40000001e-01, 1.40000001e-01,
    0., 1.40000001e-01, 2.10000008e-01, 0., 1.74999997e-01,
    3.50000001e-02, 0., 1.74999997e-01, 1.05000004e-01, 0.,
    1.74999997e-01, 1.74999997e-01, 0., 1.74999997e-01, 2.45000005e-01,
    0., 2.10000008e-01, 0., 0., 2.10000008e-01, 7.00000003e-02, 0.,
    2.10000008e-01, 1.40000001e-01, 0., 2.10000008e-01, 2.10000008e-01,
    0., 2.45000005e-01, 3.50000001e-02, 0., 2.45000005e-01,
    1.05000004e-01, 0., 2.45000005e-01, 1.74999997e-01, 0.,
    2.45000005e-01, 2.45000005e-01, 0., 2.80000001e-01, 0., 0.,
    2.80000001e-01, 7.00000003e-02, 0., 2.80000001e-01, 1.40000001e-01,
    0., 2.80000001e-01, 2.10000008e-01, 0., 3.14999998e-01,
    3.50000001e-02, 0., 3.14999998e-01, 1.05000004e-01, 0.,
    3.14999998e-01, 1.74999997e-01, 0., 3.14999998e-01, 2.45000005e-01,
    0., 3.49999994e-01, 0., 0., 3.49999994e-01, 7.00000003e-02, 0.,
    3.49999994e-01, 1.40000001e-01, 0., 3.49999994e-01, 2.10000008e-01,
    0. ]
CalibrationFrameExtRotation: !!opencv-matrix
   rows: 3
   cols: 1
   dt: d
   data: [ -2.0842813450491660e-01, -2.7915734093617126e+00,
       3.3081341001592690e-01 ]
CalibrationFrameExtTranslation: !!opencv-matrix
   rows: 3
   cols: 1
   dt: d
   data: [ 3.1633490782549556e-01, -4.4193438380332184e-01,
       2.5249587575865786e+00 ]
CalibrationFrameRMSerror: 2.0644626021385193e-01
