%YAML:1.0
---
CalibrationFramePatternImage: [ 1.33658661e+02, 2.55582962e+02,
    1.52074631e+02, 2.58734436e+02, 1.70396469e+02, 2.61776947e+02,
    1.88631973e+02, 2.64866821e+02, 2.06801849e+02, 2.67775879e+02,
    2.24836334e+02, 2.70845398e+02, 2.43130142e+02, 2.73453064e+02,
    1.30837402e+02, 2.72767883e+02, 1.49474716e+02, 2.75733459e+02,
    1.67963043e+02, 2.78977478e+02, 1.86394302e+02, 2.81963684e+02,
    2.04764999e+02, 2.85005341e+02, 2.23308334e+02, 2.87626984e+02,
    2.41355148e+02, 2.90576385e+02, 1.28328018e+02, 2.90147095e+02,
    1.46968826e+02, 2.93329346e+02, 1.65651413e+02, 2.96249786e+02,
    1.84042511e+02, 2.99286255e+02, 2.02903183e+02, 3.02060181e+02,
    2.21329376e+02, 3.04859772e+02, 2.39694168e+02, 3.07534332e+02,
    1.25540092e+02, 3.07764038e+02, 1.44620239e+02, 3.10852448e+02,
    1.63263184e+02, 3.13843781e+02, 1.82127182e+02, 3.16810211e+02,
    2.00910965e+02, 3.19429138e+02, 2.19623016e+02, 3.22010651e+02,
    2.38224167e+02, 3.24875580e+02, 1.23191467e+02, 3.25539673e+02,
    1.42228149e+02, 3.28581421e+02, 1.61204697e+02, 3.31618439e+02,
    1.80073502e+02, 3.34316101e+02, 1.99095901e+02, 3.37217712e+02,
    2.17930511e+02, 3.39861084e+02, 2.36876511e+02, 3.42279419e+02 ]
CalibrationFramePatternWorld: [ 0., 0., 0., 0., 2.70000007e-02, 0., 0.,
    5.40000014e-02, 0., 0., 8.10000002e-02, 0., 0., 1.08000003e-01, 0.,
    0., 1.35000005e-01, 0., 0., 1.62000000e-01, 0., 2.70000007e-02, 0.,
    0., 2.70000007e-02, 2.70000007e-02, 0., 2.70000007e-02,
    5.40000014e-02, 0., 2.70000007e-02, 8.10000002e-02, 0.,
    2.70000007e-02, 1.08000003e-01, 0., 2.70000007e-02, 1.35000005e-01,
    0., 2.70000007e-02, 1.62000000e-01, 0., 5.40000014e-02, 0., 0.,
    5.40000014e-02, 2.70000007e-02, 0., 5.40000014e-02, 5.40000014e-02,
    0., 5.40000014e-02, 8.10000002e-02, 0., 5.40000014e-02,
    1.08000003e-01, 0., 5.40000014e-02, 1.35000005e-01, 0.,
    5.40000014e-02, 1.62000000e-01, 0., 8.10000002e-02, 0., 0.,
    8.10000002e-02, 2.70000007e-02, 0., 8.10000002e-02, 5.40000014e-02,
    0., 8.10000002e-02, 8.10000002e-02, 0., 8.10000002e-02,
    1.08000003e-01, 0., 8.10000002e-02, 1.35000005e-01, 0.,
    8.10000002e-02, 1.62000000e-01, 0., 1.08000003e-01, 0., 0.,
    1.08000003e-01, 2.70000007e-02, 0., 1.08000003e-01, 5.40000014e-02,
    0., 1.08000003e-01, 8.10000002e-02, 0., 1.08000003e-01,
    1.08000003e-01, 0., 1.08000003e-01, 1.35000005e-01, 0.,
    1.08000003e-01, 1.62000000e-01, 0. ]
CalibrationFrameExtRotation: !!opencv-matrix
   rows: 3
   cols: 1
   dt: d
   data: [ 1.7618824484816944e+00, 1.9823642407995943e+00,
       -1.6251526952623199e-01 ]
CalibrationFrameExtTranslation: !!opencv-matrix
   rows: 3
   cols: 1
   dt: d
   data: [ -2.4306304197382728e-01, 1.8293438304355612e-02,
       1.1194867334253880e+00 ]
CalibrationFrameRMSerror: 1.8666911125183105e-01
