%YAML:1.0
---
CalibrationFramePatternImage: [ 2.68441833e+02, 1.03442116e+02,
    2.85448883e+02, 9.88246002e+01, 3.02884003e+02, 9.43302689e+01,
    3.20254608e+02, 8.96035843e+01, 3.37624481e+02, 8.50690689e+01,
    3.54824097e+02, 8.05180359e+01, 3.72497742e+02, 7.57877731e+01,
    2.71884674e+02, 1.20134125e+02, 2.89324463e+02, 1.15305038e+02,
    3.06661682e+02, 1.10940720e+02, 3.24384705e+02, 1.06259705e+02,
    3.41693298e+02, 1.01616745e+02, 3.59451569e+02, 9.69388504e+01,
    3.76804749e+02, 9.25800858e+01, 2.75785065e+02, 1.36443161e+02,
    2.93037750e+02, 1.31922592e+02, 3.10737823e+02, 1.27383354e+02,
    3.28239288e+02, 1.22902908e+02, 3.45928040e+02, 1.18261154e+02,
    3.63497742e+02, 1.13873085e+02, 3.81131104e+02, 1.09358017e+02,
    2.79208069e+02, 1.52985168e+02, 2.96881958e+02, 1.48502182e+02,
    3.14412262e+02, 1.44278030e+02, 3.32297455e+02, 1.39663223e+02,
    3.49811066e+02, 1.35233704e+02, 3.67673706e+02, 1.30517868e+02,
    3.85383972e+02, 1.26373871e+02, 2.82861816e+02, 1.69734970e+02,
    3.00474304e+02, 1.65440887e+02, 3.18420227e+02, 1.61048920e+02,
    3.36056641e+02, 1.56544983e+02, 3.53891754e+02, 1.52276688e+02,
    3.71640411e+02, 1.47705688e+02, 3.89740906e+02, 1.43170334e+02 ]
CalibrationFramePatternWorld: [ 0., 0., 0., 0., 2.70000007e-02, 0., 0.,
    5.40000014e-02, 0., 0., 8.10000002e-02, 0., 0., 1.08000003e-01, 0.,
    0., 1.35000005e-01, 0., 0., 1.62000000e-01, 0., 2.70000007e-02, 0.,
    0., 2.70000007e-02, 2.70000007e-02, 0., 2.70000007e-02,
    5.40000014e-02, 0., 2.70000007e-02, 8.10000002e-02, 0.,
    2.70000007e-02, 1.08000003e-01, 0., 2.70000007e-02, 1.35000005e-01,
    0., 2.70000007e-02, 1.62000000e-01, 0., 5.40000014e-02, 0., 0.,
    5.40000014e-02, 2.70000007e-02, 0., 5.40000014e-02, 5.40000014e-02,
    0., 5.40000014e-02, 8.10000002e-02, 0., 5.40000014e-02,
    1.08000003e-01, 0., 5.40000014e-02, 1.35000005e-01, 0.,
    5.40000014e-02, 1.62000000e-01, 0., 8.10000002e-02, 0., 0.,
    8.10000002e-02, 2.70000007e-02, 0., 8.10000002e-02, 5.40000014e-02,
    0., 8.10000002e-02, 8.10000002e-02, 0., 8.10000002e-02,
    1.08000003e-01, 0., 8.10000002e-02, 1.35000005e-01, 0.,
    8.10000002e-02, 1.62000000e-01, 0., 1.08000003e-01, 0., 0.,
    1.08000003e-01, 2.70000007e-02, 0., 1.08000003e-01, 5.40000014e-02,
    0., 1.08000003e-01, 8.10000002e-02, 0., 1.08000003e-01,
    1.08000003e-01, 0., 1.08000003e-01, 1.35000005e-01, 0.,
    1.08000003e-01, 1.62000000e-01, 0. ]
CalibrationFrameExtRotation: !!opencv-matrix
   rows: 3
   cols: 1
   dt: d
   data: [ 2.4617814018413426e+00, 1.9595508664152510e+00,
       -3.4694492688556400e-01 ]
CalibrationFrameExtTranslation: !!opencv-matrix
   rows: 3
   cols: 1
   dt: d
   data: [ -5.1369695095950046e-02, -2.1394568534971947e-01,
       1.1803958739794018e+00 ]
CalibrationFrameRMSerror: 2.1086224913597107e-01
