%YAML:1.0
---
CalibrationFramePatternImage: [ 4.85345856e+02, 2.56139160e+02,
    5.02802643e+02, 2.59909760e+02, 5.20581726e+02, 2.63684387e+02,
    5.38159607e+02, 2.67305237e+02, 5.56289734e+02, 2.71139587e+02,
    5.73998169e+02, 2.74981598e+02, 5.91575134e+02, 2.78730347e+02,
    4.81498627e+02, 2.73921967e+02, 4.99247284e+02, 2.77795654e+02,
    5.16623596e+02, 2.81679535e+02, 5.34622314e+02, 2.85402496e+02,
    5.52105530e+02, 2.89261932e+02, 5.70059509e+02, 2.93153107e+02,
    5.87484497e+02, 2.96920044e+02, 4.77672821e+02, 2.91508118e+02,
    4.94907867e+02, 2.95294830e+02, 5.12911255e+02, 2.99265839e+02,
    5.30391052e+02, 3.03112366e+02, 5.48336670e+02, 3.07111267e+02,
    5.65854614e+02, 3.11049622e+02, 5.83878479e+02, 3.14933929e+02,
    4.73406311e+02, 3.08668945e+02, 4.91364716e+02, 3.12753326e+02,
    5.08733429e+02, 3.16680023e+02, 5.26443115e+02, 3.20709656e+02,
    5.44056824e+02, 3.24748840e+02, 5.62122314e+02, 3.28841125e+02,
    5.79367981e+02, 3.32775208e+02, 4.69612152e+02, 3.26033447e+02,
    4.87008148e+02, 3.30353210e+02, 5.04761261e+02, 3.34238495e+02,
    5.22309753e+02, 3.38234131e+02, 5.40066956e+02, 3.42469421e+02,
    5.57635742e+02, 3.46524994e+02, 5.75369019e+02, 3.50685211e+02 ]
CalibrationFramePatternWorld: [ 0., 0., 0., 0., 2.70000007e-02, 0., 0.,
    5.40000014e-02, 0., 0., 8.10000002e-02, 0., 0., 1.08000003e-01, 0.,
    0., 1.35000005e-01, 0., 0., 1.62000000e-01, 0., 2.70000007e-02, 0.,
    0., 2.70000007e-02, 2.70000007e-02, 0., 2.70000007e-02,
    5.40000014e-02, 0., 2.70000007e-02, 8.10000002e-02, 0.,
    2.70000007e-02, 1.08000003e-01, 0., 2.70000007e-02, 1.35000005e-01,
    0., 2.70000007e-02, 1.62000000e-01, 0., 5.40000014e-02, 0., 0.,
    5.40000014e-02, 2.70000007e-02, 0., 5.40000014e-02, 5.40000014e-02,
    0., 5.40000014e-02, 8.10000002e-02, 0., 5.40000014e-02,
    1.08000003e-01, 0., 5.40000014e-02, 1.35000005e-01, 0.,
    5.40000014e-02, 1.62000000e-01, 0., 8.10000002e-02, 0., 0.,
    8.10000002e-02, 2.70000007e-02, 0., 8.10000002e-02, 5.40000014e-02,
    0., 8.10000002e-02, 8.10000002e-02, 0., 8.10000002e-02,
    1.08000003e-01, 0., 8.10000002e-02, 1.35000005e-01, 0.,
    8.10000002e-02, 1.62000000e-01, 0., 1.08000003e-01, 0., 0.,
    1.08000003e-01, 2.70000007e-02, 0., 1.08000003e-01, 5.40000014e-02,
    0., 1.08000003e-01, 8.10000002e-02, 0., 1.08000003e-01,
    1.08000003e-01, 0., 1.08000003e-01, 1.35000005e-01, 0.,
    1.08000003e-01, 1.62000000e-01, 0. ]
CalibrationFrameExtRotation: !!opencv-matrix
   rows: 3
   cols: 1
   dt: d
   data: [ -1.7871612067696754e+00, -2.2082124304220065e+00,
       3.7250700376078077e-01 ]
CalibrationFrameExtTranslation: !!opencv-matrix
   rows: 3
   cols: 1
   dt: d
   data: [ 2.7035981673341491e-01, 1.9449256631621500e-02,
       1.1484592851486886e+00 ]
CalibrationFrameRMSerror: 2.0271037518978119e-01
