%YAML:1.0
---
CalibrationFramePatternImage: [ 4.44938965e+02, 3.15367615e+02,
    4.61091583e+02, 3.08783783e+02, 4.77108368e+02, 3.02992737e+02,
    4.92501404e+02, 2.96648956e+02, 5.07869293e+02, 2.90839264e+02,
    5.22655029e+02, 2.85059753e+02, 5.37546875e+02, 2.79118195e+02,
    4.51070587e+02, 3.33291656e+02, 4.67300446e+02, 3.26772705e+02,
    4.82995911e+02, 3.20416595e+02, 4.98699585e+02, 3.14143860e+02,
    5.13896301e+02, 3.08242310e+02, 5.28995544e+02, 3.01993805e+02,
    5.43080261e+02, 2.96274353e+02, 4.57347046e+02, 3.50857422e+02,
    4.73358002e+02, 3.44191345e+02, 4.89324707e+02, 3.38219818e+02,
    5.04353699e+02, 3.31634735e+02, 5.19739136e+02, 3.25442596e+02,
    5.34529480e+02, 3.18992767e+02, 5.48909729e+02, 3.13118958e+02,
    4.63195557e+02, 3.68496399e+02, 4.79377380e+02, 3.62072296e+02,
    4.94390442e+02, 3.54691010e+02, 5.10241516e+02, 3.48475433e+02,
    5.25233521e+02, 3.42209747e+02, 5.40287903e+02, 3.35789948e+02,
    5.54608521e+02, 3.29562134e+02, 4.69158569e+02, 3.85541473e+02,
    4.84836700e+02, 3.78864380e+02, 5.00519409e+02, 3.72107300e+02,
    5.15795837e+02, 3.65474731e+02, 5.30607361e+02, 3.58704376e+02,
    5.45805481e+02, 3.52234100e+02, 5.60246704e+02, 3.45817108e+02 ]
CalibrationFramePatternWorld: [ 0., 0., 0., 0., 2.70000007e-02, 0., 0.,
    5.40000014e-02, 0., 0., 8.10000002e-02, 0., 0., 1.08000003e-01, 0.,
    0., 1.35000005e-01, 0., 0., 1.62000000e-01, 0., 2.70000007e-02, 0.,
    0., 2.70000007e-02, 2.70000007e-02, 0., 2.70000007e-02,
    5.40000014e-02, 0., 2.70000007e-02, 8.10000002e-02, 0.,
    2.70000007e-02, 1.08000003e-01, 0., 2.70000007e-02, 1.35000005e-01,
    0., 2.70000007e-02, 1.62000000e-01, 0., 5.40000014e-02, 0., 0.,
    5.40000014e-02, 2.70000007e-02, 0., 5.40000014e-02, 5.40000014e-02,
    0., 5.40000014e-02, 8.10000002e-02, 0., 5.40000014e-02,
    1.08000003e-01, 0., 5.40000014e-02, 1.35000005e-01, 0.,
    5.40000014e-02, 1.62000000e-01, 0., 8.10000002e-02, 0., 0.,
    8.10000002e-02, 2.70000007e-02, 0., 8.10000002e-02, 5.40000014e-02,
    0., 8.10000002e-02, 8.10000002e-02, 0., 8.10000002e-02,
    1.08000003e-01, 0., 8.10000002e-02, 1.35000005e-01, 0.,
    8.10000002e-02, 1.62000000e-01, 0., 1.08000003e-01, 0., 0.,
    1.08000003e-01, 2.70000007e-02, 0., 1.08000003e-01, 5.40000014e-02,
    0., 1.08000003e-01, 8.10000002e-02, 0., 1.08000003e-01,
    1.08000003e-01, 0., 1.08000003e-01, 1.35000005e-01, 0.,
    1.08000003e-01, 1.62000000e-01, 0. ]
CalibrationFrameExtRotation: !!opencv-matrix
   rows: 3
   cols: 1
   dt: d
   data: [ 2.3448833937031703e+00, 1.6822826572795291e+00,
       1.3975018146838097e-01 ]
CalibrationFrameExtTranslation: !!opencv-matrix
   rows: 3
   cols: 1
   dt: d
   data: [ 2.0074302968327884e-01, 1.0313182772578472e-01,
       1.0986948222911959e+00 ]
CalibrationFrameRMSerror: 2.7379009127616882e-01
