%YAML:1.0
---
CalibrationFramePatternImage: [ 2.62515106e+02, 9.41800537e+01,
    2.79882080e+02, 8.84475021e+01, 2.97104187e+02, 8.30359497e+01,
    3.13968109e+02, 7.75057373e+01, 3.31050720e+02, 7.21298218e+01,
    3.47683777e+02, 6.68998642e+01, 3.64221283e+02, 6.17540321e+01,
    2.68985229e+02, 1.10669106e+02, 2.86706787e+02, 1.04906479e+02,
    3.03777283e+02, 9.92467804e+01, 3.21128082e+02, 9.36993332e+01,
    3.37821655e+02, 8.83730011e+01, 3.54673950e+02, 8.27378159e+01,
    3.71031006e+02, 7.76821899e+01, 2.75775940e+02, 1.27117928e+02,
    2.92954987e+02, 1.21231117e+02, 3.10633026e+02, 1.15524979e+02,
    3.27721863e+02, 1.09833847e+02, 3.44842560e+02, 1.04426682e+02,
    3.61522766e+02, 9.87867966e+01, 3.78167297e+02, 9.35657349e+01,
    2.82104401e+02, 1.43775772e+02, 3.00055786e+02, 1.37785217e+02,
    3.17190155e+02, 1.31980850e+02, 3.34547974e+02, 1.26244476e+02,
    3.51604950e+02, 1.20413452e+02, 3.68561310e+02, 1.14725777e+02,
    3.85372498e+02, 1.09192787e+02, 2.88999390e+02, 1.60361435e+02,
    3.06525665e+02, 1.54512451e+02, 3.24169189e+02, 1.48398773e+02,
    3.41385651e+02, 1.42657883e+02, 3.58527893e+02, 1.36699615e+02,
    3.75453339e+02, 1.31220291e+02, 3.92224548e+02, 1.25325897e+02 ]
CalibrationFramePatternWorld: [ 0., 0., 0., 0., 2.70000007e-02, 0., 0.,
    5.40000014e-02, 0., 0., 8.10000002e-02, 0., 0., 1.08000003e-01, 0.,
    0., 1.35000005e-01, 0., 0., 1.62000000e-01, 0., 2.70000007e-02, 0.,
    0., 2.70000007e-02, 2.70000007e-02, 0., 2.70000007e-02,
    5.40000014e-02, 0., 2.70000007e-02, 8.10000002e-02, 0.,
    2.70000007e-02, 1.08000003e-01, 0., 2.70000007e-02, 1.35000005e-01,
    0., 2.70000007e-02, 1.62000000e-01, 0., 5.40000014e-02, 0., 0.,
    5.40000014e-02, 2.70000007e-02, 0., 5.40000014e-02, 5.40000014e-02,
    0., 5.40000014e-02, 8.10000002e-02, 0., 5.40000014e-02,
    1.08000003e-01, 0., 5.40000014e-02, 1.35000005e-01, 0.,
    5.40000014e-02, 1.62000000e-01, 0., 8.10000002e-02, 0., 0.,
    8.10000002e-02, 2.70000007e-02, 0., 8.10000002e-02, 5.40000014e-02,
    0., 8.10000002e-02, 8.10000002e-02, 0., 8.10000002e-02,
    1.08000003e-01, 0., 8.10000002e-02, 1.35000005e-01, 0.,
    8.10000002e-02, 1.62000000e-01, 0., 1.08000003e-01, 0., 0.,
    1.08000003e-01, 2.70000007e-02, 0., 1.08000003e-01, 5.40000014e-02,
    0., 1.08000003e-01, 8.10000002e-02, 0., 1.08000003e-01,
    1.08000003e-01, 0., 1.08000003e-01, 1.35000005e-01, 0.,
    1.08000003e-01, 1.62000000e-01, 0. ]
CalibrationFrameExtRotation: !!opencv-matrix
   rows: 3
   cols: 1
   dt: d
   data: [ 2.4216456231468442e+00, 1.6716361364296877e+00,
       -3.0625642437341061e-02 ]
CalibrationFrameExtTranslation: !!opencv-matrix
   rows: 3
   cols: 1
   dt: d
   data: [ -5.8090803687038534e-02, -2.1915668202775301e-01,
       1.1334728432466317e+00 ]
CalibrationFrameRMSerror: 1.8480297923088074e-01
