%YAML:1.0
---
FrameWidth: 640
FrameHeight: 480
FramesInCalibration: 40
CameraMatrix: !!opencv-matrix
   rows: 3
   cols: 3
   dt: d
   data: [ 6.2609882402265362e+02, 0., 3.5078867517623200e+02, 0.,
       6.2261268560582391e+02, 2.2527798006753565e+02, 0., 0., 1. ]
DistortionCoefficients: !!opencv-matrix
   rows: 1
   cols: 5
   dt: d
   data: [ 5.0966133416372433e-02, -7.3190833979168327e-02,
       2.3958619481306192e-03, 4.7226387588108036e-03,
       1.4898750385756879e-01 ]
CalibrationRMSerror: 2.5968465209007263e-01
CalibrationReprojectionError: 2.5968453288078308e-01
CalibrationColinearityErrorOld: 4.6649389266967773e+00
CalibrationColinearityErrorNew: 4.6660938262939453e+00
