%YAML:1.0
---
FrameWidth: 640
FrameHeight: 480
FramesInCalibration: 50
CameraMatrix: !!opencv-matrix
   rows: 3
   cols: 3
   dt: d
   data: [ 5.7596058920486553e+02, 0., 3.1464731632868455e+02, 0.,
       5.6871247293830868e+02, 2.3164414116576461e+02, 0., 0., 1. ]
DistortionCoefficients: !!opencv-matrix
   rows: 1
   cols: 5
   dt: d
   data: [ 7.0089568759013010e-02, -3.7261270463169005e-01,
       -4.6781930911170928e-03, -5.7276335497818904e-03,
       5.5775565956495377e-01 ]
CalibrationRMSerror: 3.0637523531913757e-01
CalibrationReprojectionError: 3.0637493729591370e-01
CalibrationColinearityErrorOld: 5.4289236068725586e+00
CalibrationColinearityErrorNew: 5.4255218505859375e+00
