%YAML:1.0
---
CalibrationFramePatternImage: [ 5.50935303e+02, 1.50039062e+02,
    5.53871887e+02, 1.71103165e+02, 5.56899292e+02, 1.92634720e+02,
    5.59878418e+02, 2.14266037e+02, 5.42045593e+02, 1.61621078e+02,
    5.44718933e+02, 1.83063477e+02, 5.47796570e+02, 2.04643936e+02,
    5.50642151e+02, 2.26613983e+02, 5.29879028e+02, 1.52049149e+02,
    5.32950684e+02, 1.73574951e+02, 5.35626709e+02, 1.94844147e+02,
    5.38522400e+02, 2.16722565e+02, 5.20762451e+02, 1.63835892e+02,
    5.23846008e+02, 1.85161102e+02, 5.26502869e+02, 2.06863327e+02,
    5.29068237e+02, 2.28821442e+02, 5.08548645e+02, 1.54335556e+02,
    5.11677124e+02, 1.75585037e+02, 5.14408691e+02, 1.97151413e+02,
    5.17077148e+02, 2.19018295e+02, 4.99300842e+02, 1.66093094e+02,
    5.02263000e+02, 1.87503799e+02, 5.05022339e+02, 2.09258392e+02,
    5.07615082e+02, 2.31129288e+02, 4.87099182e+02, 1.56766113e+02,
    4.90015991e+02, 1.77962051e+02, 4.92677277e+02, 1.99538239e+02,
    4.95477997e+02, 2.21289139e+02, 4.77747253e+02, 1.68478668e+02,
    4.80533356e+02, 1.89961670e+02, 4.83075104e+02, 2.11585236e+02,
    4.85762573e+02, 2.33784058e+02, 4.65390930e+02, 1.58964859e+02,
    4.68293182e+02, 1.80505463e+02, 4.70977631e+02, 2.01832855e+02,
    4.73394501e+02, 2.23733154e+02, 4.56102386e+02, 1.70852280e+02,
    4.58751617e+02, 1.92146347e+02, 4.61301117e+02, 2.14006027e+02,
    4.63809753e+02, 2.35794250e+02, 4.43928772e+02, 1.61602432e+02,
    4.46461853e+02, 1.82656296e+02, 4.49293793e+02, 2.04361725e+02,
    4.51589752e+02, 2.26173508e+02 ]
CalibrationFramePatternWorld: [ 0., 0., 0., 0., 7.00000003e-02, 0., 0.,
    1.40000001e-01, 0., 0., 2.10000008e-01, 0., 3.50000001e-02,
    3.50000001e-02, 0., 3.50000001e-02, 1.05000004e-01, 0.,
    3.50000001e-02, 1.74999997e-01, 0., 3.50000001e-02, 2.45000005e-01,
    0., 7.00000003e-02, 0., 0., 7.00000003e-02, 7.00000003e-02, 0.,
    7.00000003e-02, 1.40000001e-01, 0., 7.00000003e-02, 2.10000008e-01,
    0., 1.05000004e-01, 3.50000001e-02, 0., 1.05000004e-01,
    1.05000004e-01, 0., 1.05000004e-01, 1.74999997e-01, 0.,
    1.05000004e-01, 2.45000005e-01, 0., 1.40000001e-01, 0., 0.,
    1.40000001e-01, 7.00000003e-02, 0., 1.40000001e-01, 1.40000001e-01,
    0., 1.40000001e-01, 2.10000008e-01, 0., 1.74999997e-01,
    3.50000001e-02, 0., 1.74999997e-01, 1.05000004e-01, 0.,
    1.74999997e-01, 1.74999997e-01, 0., 1.74999997e-01, 2.45000005e-01,
    0., 2.10000008e-01, 0., 0., 2.10000008e-01, 7.00000003e-02, 0.,
    2.10000008e-01, 1.40000001e-01, 0., 2.10000008e-01, 2.10000008e-01,
    0., 2.45000005e-01, 3.50000001e-02, 0., 2.45000005e-01,
    1.05000004e-01, 0., 2.45000005e-01, 1.74999997e-01, 0.,
    2.45000005e-01, 2.45000005e-01, 0., 2.80000001e-01, 0., 0.,
    2.80000001e-01, 7.00000003e-02, 0., 2.80000001e-01, 1.40000001e-01,
    0., 2.80000001e-01, 2.10000008e-01, 0., 3.14999998e-01,
    3.50000001e-02, 0., 3.14999998e-01, 1.05000004e-01, 0.,
    3.14999998e-01, 1.74999997e-01, 0., 3.14999998e-01, 2.45000005e-01,
    0., 3.49999994e-01, 0., 0., 3.49999994e-01, 7.00000003e-02, 0.,
    3.49999994e-01, 1.40000001e-01, 0., 3.49999994e-01, 2.10000008e-01,
    0. ]
CalibrationFrameExtRotation: !!opencv-matrix
   rows: 3
   cols: 1
   dt: d
   data: [ 1.7838315588114484e-01, 3.2178901509009639e+00,
       -6.7030182204047495e-02 ]
CalibrationFrameExtTranslation: !!opencv-matrix
   rows: 3
   cols: 1
   dt: d
   data: [ 6.3064828370501202e-01, -3.7700832232034776e-01,
       2.6973417691559667e+00 ]
CalibrationFrameRMSerror: 1.7132450640201569e-01
