%YAML:1.0
---
CalibrationFramePatternImage: [ 3.76146088e+02, 9.91179352e+01,
    3.84293762e+02, 1.19996849e+02, 3.92632019e+02, 1.41276031e+02,
    4.01084869e+02, 1.62589767e+02, 3.69808899e+02, 1.13494881e+02,
    3.77680847e+02, 1.34664566e+02, 3.86177979e+02, 1.55793701e+02,
    3.94567474e+02, 1.77139114e+02, 3.54726044e+02, 1.07067841e+02,
    3.63137207e+02, 1.28205597e+02, 3.71425964e+02, 1.49278809e+02,
    3.79749542e+02, 1.70768265e+02, 3.48264587e+02, 1.21656433e+02,
    3.56565552e+02, 1.42683105e+02, 3.64772827e+02, 1.64103531e+02,
    3.73283020e+02, 1.85574249e+02, 3.33244324e+02, 1.15172852e+02,
    3.41647552e+02, 1.36438705e+02, 3.50067474e+02, 1.57532745e+02,
    3.58443634e+02, 1.78941849e+02, 3.26632935e+02, 1.29805359e+02,
    3.35073517e+02, 1.50952560e+02, 3.43494659e+02, 1.72425613e+02,
    3.51868591e+02, 1.93893616e+02, 3.11785675e+02, 1.23409737e+02,
    3.20144073e+02, 1.44575821e+02, 3.28480408e+02, 1.65889801e+02,
    3.36888519e+02, 1.87133896e+02, 3.05078918e+02, 1.38126831e+02,
    3.13485291e+02, 1.59301559e+02, 3.21865906e+02, 1.80684464e+02,
    3.30359711e+02, 2.02311951e+02, 2.90097107e+02, 1.31732132e+02,
    2.98450470e+02, 1.53045273e+02, 3.06873138e+02, 1.74090714e+02,
    3.15257874e+02, 1.95546478e+02, 2.83481842e+02, 1.46481888e+02,
    2.91813934e+02, 1.67631302e+02, 3.00242584e+02, 1.89053711e+02,
    3.08725006e+02, 2.10519730e+02, 2.68534698e+02, 1.40141922e+02,
    2.76860596e+02, 1.61349457e+02, 2.85418335e+02, 1.82601456e+02,
    2.93734009e+02, 2.04066284e+02 ]
CalibrationFramePatternWorld: [ 0., 0., 0., 0., 7.00000003e-02, 0., 0.,
    1.40000001e-01, 0., 0., 2.10000008e-01, 0., 3.50000001e-02,
    3.50000001e-02, 0., 3.50000001e-02, 1.05000004e-01, 0.,
    3.50000001e-02, 1.74999997e-01, 0., 3.50000001e-02, 2.45000005e-01,
    0., 7.00000003e-02, 0., 0., 7.00000003e-02, 7.00000003e-02, 0.,
    7.00000003e-02, 1.40000001e-01, 0., 7.00000003e-02, 2.10000008e-01,
    0., 1.05000004e-01, 3.50000001e-02, 0., 1.05000004e-01,
    1.05000004e-01, 0., 1.05000004e-01, 1.74999997e-01, 0.,
    1.05000004e-01, 2.45000005e-01, 0., 1.40000001e-01, 0., 0.,
    1.40000001e-01, 7.00000003e-02, 0., 1.40000001e-01, 1.40000001e-01,
    0., 1.40000001e-01, 2.10000008e-01, 0., 1.74999997e-01,
    3.50000001e-02, 0., 1.74999997e-01, 1.05000004e-01, 0.,
    1.74999997e-01, 1.74999997e-01, 0., 1.74999997e-01, 2.45000005e-01,
    0., 2.10000008e-01, 0., 0., 2.10000008e-01, 7.00000003e-02, 0.,
    2.10000008e-01, 1.40000001e-01, 0., 2.10000008e-01, 2.10000008e-01,
    0., 2.45000005e-01, 3.50000001e-02, 0., 2.45000005e-01,
    1.05000004e-01, 0., 2.45000005e-01, 1.74999997e-01, 0.,
    2.45000005e-01, 2.45000005e-01, 0., 2.80000001e-01, 0., 0.,
    2.80000001e-01, 7.00000003e-02, 0., 2.80000001e-01, 1.40000001e-01,
    0., 2.80000001e-01, 2.10000008e-01, 0., 3.14999998e-01,
    3.50000001e-02, 0., 3.14999998e-01, 1.05000004e-01, 0.,
    3.14999998e-01, 1.74999997e-01, 0., 3.14999998e-01, 2.45000005e-01,
    0., 3.49999994e-01, 0., 0., 3.49999994e-01, 7.00000003e-02, 0.,
    3.49999994e-01, 1.40000001e-01, 0., 3.49999994e-01, 2.10000008e-01,
    0. ]
CalibrationFrameExtRotation: !!opencv-matrix
   rows: 3
   cols: 1
   dt: d
   data: [ 5.7574082327342213e-01, 3.0394640902676846e+00,
       1.6314236368149443e-01 ]
CalibrationFrameExtTranslation: !!opencv-matrix
   rows: 3
   cols: 1
   dt: d
   data: [ 6.6211783474107319e-02, -5.1436528384678137e-01,
       2.5993941094412678e+00 ]
CalibrationFrameRMSerror: 1.3377507030963898e-01
