%YAML:1.0
---
CalibrationFramePatternImage: [ 3.86896210e+02, 3.22263641e+01,
    3.90199402e+02, 5.46324234e+01, 3.94075806e+02, 7.73863907e+01,
    3.98116638e+02, 1.00214424e+02, 3.77878265e+02, 4.51321030e+01,
    3.81161804e+02, 6.78080444e+01, 3.84935333e+02, 9.06252441e+01,
    3.88882782e+02, 1.13493591e+02, 3.64731873e+02, 3.53346786e+01,
    3.68530426e+02, 5.82778320e+01, 3.72174042e+02, 8.10699615e+01,
    3.76020599e+02, 1.04107552e+02, 3.55505829e+02, 4.85390854e+01,
    3.59400635e+02, 7.14969330e+01, 3.63229553e+02, 9.46590576e+01,
    3.67134430e+02, 1.17698952e+02, 3.42278900e+02, 3.89131012e+01,
    3.46332550e+02, 6.19395981e+01, 3.50231445e+02, 8.49988937e+01,
    3.54079010e+02, 1.08162109e+02, 3.33115356e+02, 5.22323494e+01,
    3.36965637e+02, 7.53512421e+01, 3.41004883e+02, 9.87453690e+01,
    3.44942902e+02, 1.21959709e+02, 3.19676300e+02, 4.24670868e+01,
    3.23625641e+02, 6.58014145e+01, 3.27564453e+02, 8.90415878e+01,
    3.31654358e+02, 1.12556343e+02, 3.10147827e+02, 5.60171852e+01,
    3.14160889e+02, 7.95231171e+01, 3.18219727e+02, 1.02863800e+02,
    3.22294006e+02, 1.26505341e+02, 2.96482666e+02, 4.63729210e+01,
    3.00675537e+02, 6.98188019e+01, 3.04647308e+02, 9.32610855e+01,
    3.08763397e+02, 1.16874344e+02, 2.86990784e+02, 5.99450188e+01,
    2.91096771e+02, 8.35743942e+01, 2.95130646e+02, 1.07276169e+02,
    2.99484680e+02, 1.30887238e+02, 2.73152924e+02, 5.04495926e+01,
    2.77379425e+02, 7.39961472e+01, 2.81396759e+02, 9.77113953e+01,
    2.85814453e+02, 1.21502228e+02 ]
CalibrationFramePatternWorld: [ 0., 0., 0., 0., 7.00000003e-02, 0., 0.,
    1.40000001e-01, 0., 0., 2.10000008e-01, 0., 3.50000001e-02,
    3.50000001e-02, 0., 3.50000001e-02, 1.05000004e-01, 0.,
    3.50000001e-02, 1.74999997e-01, 0., 3.50000001e-02, 2.45000005e-01,
    0., 7.00000003e-02, 0., 0., 7.00000003e-02, 7.00000003e-02, 0.,
    7.00000003e-02, 1.40000001e-01, 0., 7.00000003e-02, 2.10000008e-01,
    0., 1.05000004e-01, 3.50000001e-02, 0., 1.05000004e-01,
    1.05000004e-01, 0., 1.05000004e-01, 1.74999997e-01, 0.,
    1.05000004e-01, 2.45000005e-01, 0., 1.40000001e-01, 0., 0.,
    1.40000001e-01, 7.00000003e-02, 0., 1.40000001e-01, 1.40000001e-01,
    0., 1.40000001e-01, 2.10000008e-01, 0., 1.74999997e-01,
    3.50000001e-02, 0., 1.74999997e-01, 1.05000004e-01, 0.,
    1.74999997e-01, 1.74999997e-01, 0., 1.74999997e-01, 2.45000005e-01,
    0., 2.10000008e-01, 0., 0., 2.10000008e-01, 7.00000003e-02, 0.,
    2.10000008e-01, 1.40000001e-01, 0., 2.10000008e-01, 2.10000008e-01,
    0., 2.45000005e-01, 3.50000001e-02, 0., 2.45000005e-01,
    1.05000004e-01, 0., 2.45000005e-01, 1.74999997e-01, 0.,
    2.45000005e-01, 2.45000005e-01, 0., 2.80000001e-01, 0., 0.,
    2.80000001e-01, 7.00000003e-02, 0., 2.80000001e-01, 1.40000001e-01,
    0., 2.80000001e-01, 2.10000008e-01, 0., 3.14999998e-01,
    3.50000001e-02, 0., 3.14999998e-01, 1.05000004e-01, 0.,
    3.14999998e-01, 1.74999997e-01, 0., 3.14999998e-01, 2.45000005e-01,
    0., 3.49999994e-01, 0., 0., 3.49999994e-01, 7.00000003e-02, 0.,
    3.49999994e-01, 1.40000001e-01, 0., 3.49999994e-01, 2.10000008e-01,
    0. ]
CalibrationFrameExtRotation: !!opencv-matrix
   rows: 3
   cols: 1
   dt: d
   data: [ 2.8886496307533371e-01, 2.8001795608741249e+00,
       3.4130688588336067e-01 ]
CalibrationFrameExtTranslation: !!opencv-matrix
   rows: 3
   cols: 1
   dt: d
   data: [ 9.6349322195088363e-02, -7.0150401721341094e-01,
       2.4961007410043869e+00 ]
CalibrationFrameRMSerror: 1.4795371890068054e-01
