%YAML:1.0
---
CalibrationFramePatternImage: [ 3.89859070e+02, 1.51005035e+02,
    3.83073669e+02, 1.77003830e+02, 3.76774353e+02, 2.03276459e+02,
    3.71264221e+02, 2.29786362e+02, 3.74002960e+02, 1.61424500e+02,
    3.67195465e+02, 1.87734192e+02, 3.61104126e+02, 2.14099380e+02,
    3.55265198e+02, 2.40637222e+02, 3.64478302e+02, 1.45524323e+02,
    3.57877228e+02, 1.72190430e+02, 3.51476593e+02, 1.98648911e+02,
    3.45324432e+02, 2.25385941e+02, 3.48203888e+02, 1.56301010e+02,
    3.41867889e+02, 1.83125992e+02, 3.35592316e+02, 2.09854279e+02,
    3.29499329e+02, 2.36653015e+02, 3.38300781e+02, 1.40011185e+02,
    3.32004333e+02, 1.67037689e+02, 3.25639771e+02, 1.94175949e+02,
    3.19498566e+02, 2.21290161e+02, 3.21766510e+02, 1.50872437e+02,
    3.15439911e+02, 1.78175278e+02, 3.09350525e+02, 2.05546402e+02,
    3.03522156e+02, 2.32708405e+02, 3.11614441e+02, 1.34317703e+02,
    3.05082184e+02, 1.61992783e+02, 2.98877716e+02, 1.89374023e+02,
    2.92968170e+02, 2.16995209e+02, 2.94773956e+02, 1.45368362e+02,
    2.88390137e+02, 1.73135468e+02, 2.82309967e+02, 2.00802444e+02,
    2.76757019e+02, 2.28653030e+02, 2.84337250e+02, 1.28731995e+02,
    2.77843109e+02, 1.56676056e+02, 2.71780212e+02, 1.84524841e+02,
    2.65858978e+02, 2.12617966e+02, 2.67355072e+02, 1.39983154e+02,
    2.61105103e+02, 1.68002289e+02, 2.55067810e+02, 1.96300934e+02,
    2.49566711e+02, 2.24544724e+02, 2.56840057e+02, 1.23115341e+02,
    2.50462982e+02, 1.51466583e+02, 2.44282715e+02, 1.79791214e+02,
    2.38614639e+02, 2.08303146e+02 ]
CalibrationFramePatternWorld: [ 0., 0., 0., 0., 7.00000003e-02, 0., 0.,
    1.40000001e-01, 0., 0., 2.10000008e-01, 0., 3.50000001e-02,
    3.50000001e-02, 0., 3.50000001e-02, 1.05000004e-01, 0.,
    3.50000001e-02, 1.74999997e-01, 0., 3.50000001e-02, 2.45000005e-01,
    0., 7.00000003e-02, 0., 0., 7.00000003e-02, 7.00000003e-02, 0.,
    7.00000003e-02, 1.40000001e-01, 0., 7.00000003e-02, 2.10000008e-01,
    0., 1.05000004e-01, 3.50000001e-02, 0., 1.05000004e-01,
    1.05000004e-01, 0., 1.05000004e-01, 1.74999997e-01, 0.,
    1.05000004e-01, 2.45000005e-01, 0., 1.40000001e-01, 0., 0.,
    1.40000001e-01, 7.00000003e-02, 0., 1.40000001e-01, 1.40000001e-01,
    0., 1.40000001e-01, 2.10000008e-01, 0., 1.74999997e-01,
    3.50000001e-02, 0., 1.74999997e-01, 1.05000004e-01, 0.,
    1.74999997e-01, 1.74999997e-01, 0., 1.74999997e-01, 2.45000005e-01,
    0., 2.10000008e-01, 0., 0., 2.10000008e-01, 7.00000003e-02, 0.,
    2.10000008e-01, 1.40000001e-01, 0., 2.10000008e-01, 2.10000008e-01,
    0., 2.45000005e-01, 3.50000001e-02, 0., 2.45000005e-01,
    1.05000004e-01, 0., 2.45000005e-01, 1.74999997e-01, 0.,
    2.45000005e-01, 2.45000005e-01, 0., 2.80000001e-01, 0., 0.,
    2.80000001e-01, 7.00000003e-02, 0., 2.80000001e-01, 1.40000001e-01,
    0., 2.80000001e-01, 2.10000008e-01, 0., 3.14999998e-01,
    3.50000001e-02, 0., 3.14999998e-01, 1.05000004e-01, 0.,
    3.14999998e-01, 1.74999997e-01, 0., 3.14999998e-01, 2.45000005e-01,
    0., 3.49999994e-01, 0., 0., 3.49999994e-01, 7.00000003e-02, 0.,
    3.49999994e-01, 1.40000001e-01, 0., 3.49999994e-01, 2.10000008e-01,
    0. ]
CalibrationFrameExtRotation: !!opencv-matrix
   rows: 3
   cols: 1
   dt: d
   data: [ -2.6351629431332202e-01, 2.7439802065986600e+00,
       3.3538401450545913e-01 ]
CalibrationFrameExtTranslation: !!opencv-matrix
   rows: 3
   cols: 1
   dt: d
   data: [ 8.8638002011916975e-02, -2.9525196275204546e-01,
       2.1644936312730478e+00 ]
CalibrationFrameRMSerror: 3.1342378258705139e-01
