%YAML:1.0
---
CalibrationFramePatternImage: [ 1.71529144e+02, 4.90781555e+01,
    1.68971207e+02, 6.97972641e+01, 1.66275192e+02, 9.05750351e+01,
    1.63827957e+02, 1.11458733e+02, 1.59305801e+02, 5.80528946e+01,
    1.56845612e+02, 7.87729797e+01, 1.54499664e+02, 9.94088440e+01,
    1.52154205e+02, 1.20106339e+02, 1.49739853e+02, 4.60229492e+01,
    1.47296982e+02, 6.70149384e+01, 1.44992828e+02, 8.76000900e+01,
    1.42710770e+02, 1.08402023e+02, 1.37697601e+02, 5.51181488e+01,
    1.35459824e+02, 7.59706192e+01, 1.33176331e+02, 9.66220779e+01,
    1.31167877e+02, 1.17191925e+02, 1.28326248e+02, 4.31909332e+01,
    1.25898422e+02, 6.41867218e+01, 1.23658508e+02, 8.50587311e+01,
    1.21604881e+02, 1.05667526e+02, 1.16588371e+02, 5.22354431e+01,
    1.14196060e+02, 7.32262802e+01, 1.12156815e+02, 9.39392853e+01,
    1.10301414e+02, 1.14427704e+02, 1.07162331e+02, 4.03031044e+01,
    1.04875961e+02, 6.13693161e+01, 1.02816200e+02, 8.20830460e+01,
    1.00864494e+02, 1.02793221e+02, 9.55850449e+01, 4.94566307e+01,
    9.34214706e+01, 7.03777008e+01, 9.14268036e+01, 9.10670471e+01,
    8.95312042e+01, 1.11724068e+02, 8.61412964e+01, 3.77136230e+01,
    8.39384995e+01, 5.86476479e+01, 8.20814896e+01, 7.93591385e+01,
    8.01613159e+01, 1.00054398e+02, 7.46533127e+01, 4.69263725e+01,
    7.26888809e+01, 6.76951523e+01, 7.08496933e+01, 8.85057755e+01,
    6.91008301e+01, 1.09116554e+02, 6.54240646e+01, 3.51899796e+01,
    6.33193169e+01, 5.61392784e+01, 6.15182991e+01, 7.68979416e+01,
    5.97122650e+01, 9.76438980e+01 ]
CalibrationFramePatternWorld: [ 0., 0., 0., 0., 7.00000003e-02, 0., 0.,
    1.40000001e-01, 0., 0., 2.10000008e-01, 0., 3.50000001e-02,
    3.50000001e-02, 0., 3.50000001e-02, 1.05000004e-01, 0.,
    3.50000001e-02, 1.74999997e-01, 0., 3.50000001e-02, 2.45000005e-01,
    0., 7.00000003e-02, 0., 0., 7.00000003e-02, 7.00000003e-02, 0.,
    7.00000003e-02, 1.40000001e-01, 0., 7.00000003e-02, 2.10000008e-01,
    0., 1.05000004e-01, 3.50000001e-02, 0., 1.05000004e-01,
    1.05000004e-01, 0., 1.05000004e-01, 1.74999997e-01, 0.,
    1.05000004e-01, 2.45000005e-01, 0., 1.40000001e-01, 0., 0.,
    1.40000001e-01, 7.00000003e-02, 0., 1.40000001e-01, 1.40000001e-01,
    0., 1.40000001e-01, 2.10000008e-01, 0., 1.74999997e-01,
    3.50000001e-02, 0., 1.74999997e-01, 1.05000004e-01, 0.,
    1.74999997e-01, 1.74999997e-01, 0., 1.74999997e-01, 2.45000005e-01,
    0., 2.10000008e-01, 0., 0., 2.10000008e-01, 7.00000003e-02, 0.,
    2.10000008e-01, 1.40000001e-01, 0., 2.10000008e-01, 2.10000008e-01,
    0., 2.45000005e-01, 3.50000001e-02, 0., 2.45000005e-01,
    1.05000004e-01, 0., 2.45000005e-01, 1.74999997e-01, 0.,
    2.45000005e-01, 2.45000005e-01, 0., 2.80000001e-01, 0., 0.,
    2.80000001e-01, 7.00000003e-02, 0., 2.80000001e-01, 1.40000001e-01,
    0., 2.80000001e-01, 2.10000008e-01, 0., 3.14999998e-01,
    3.50000001e-02, 0., 3.14999998e-01, 1.05000004e-01, 0.,
    3.14999998e-01, 1.74999997e-01, 0., 3.14999998e-01, 2.45000005e-01,
    0., 3.49999994e-01, 0., 0., 3.49999994e-01, 7.00000003e-02, 0.,
    3.49999994e-01, 1.40000001e-01, 0., 3.49999994e-01, 2.10000008e-01,
    0. ]
CalibrationFrameExtRotation: !!opencv-matrix
   rows: 3
   cols: 1
   dt: d
   data: [ 2.7516375605530241e-01, -3.1242879858711126e+00,
       -7.0967918410622299e-01 ]
CalibrationFrameExtTranslation: !!opencv-matrix
   rows: 3
   cols: 1
   dt: d
   data: [ -5.7117223382287596e-01, -6.8805139689005446e-01,
       2.6101855199619166e+00 ]
CalibrationFrameRMSerror: 1.5141288936138153e-01
