%YAML:1.0
---
CalibrationFramePatternImage: [ 5.34063354e+02, 1.73043198e+02,
    5.19507202e+02, 2.07782272e+02, 5.04458923e+02, 2.42975159e+02,
    4.89066010e+02, 2.78285919e+02, 5.09585449e+02, 1.83220947e+02,
    4.94537781e+02, 2.18074936e+02, 4.79334045e+02, 2.53158936e+02,
    4.64077362e+02, 2.88482239e+02, 4.99252472e+02, 1.58492050e+02,
    4.84702515e+02, 1.93685074e+02, 4.69788361e+02, 2.28506851e+02,
    4.54432983e+02, 2.63786530e+02, 4.74475128e+02, 1.68873886e+02,
    4.59886261e+02, 2.03883057e+02, 4.44881866e+02, 2.39052475e+02,
    4.29517731e+02, 2.73991119e+02, 4.64179413e+02, 1.44268311e+02,
    4.49663605e+02, 1.79343521e+02, 4.35017944e+02, 2.14363113e+02,
    4.19874420e+02, 2.49531067e+02, 4.39458221e+02, 1.54738693e+02,
    4.24935333e+02, 1.89723358e+02, 4.10118225e+02, 2.24958984e+02,
    3.95035095e+02, 2.59798309e+02, 4.29337494e+02, 1.30622299e+02,
    4.14635406e+02, 1.65399200e+02, 4.00047638e+02, 2.00289322e+02,
    3.85415741e+02, 2.35354675e+02, 4.04518250e+02, 1.41106903e+02,
    3.90111816e+02, 1.75854202e+02, 3.75502930e+02, 2.10757645e+02,
    3.60516846e+02, 2.45928558e+02, 3.94298492e+02, 1.17018791e+02,
    3.79841003e+02, 1.51714203e+02, 3.65664886e+02, 1.86377213e+02,
    3.50833801e+02, 2.21305328e+02, 3.69884277e+02, 1.27590469e+02,
    3.55557129e+02, 1.62002655e+02, 3.40983582e+02, 1.97084381e+02,
    3.26349823e+02, 2.31671936e+02, 3.59983734e+02, 1.03810333e+02,
    3.45483643e+02, 1.38155411e+02, 3.31064087e+02, 1.72829712e+02,
    3.16556671e+02, 2.07507660e+02 ]
CalibrationFramePatternWorld: [ 0., 0., 0., 0., 7.00000003e-02, 0., 0.,
    1.40000001e-01, 0., 0., 2.10000008e-01, 0., 3.50000001e-02,
    3.50000001e-02, 0., 3.50000001e-02, 1.05000004e-01, 0.,
    3.50000001e-02, 1.74999997e-01, 0., 3.50000001e-02, 2.45000005e-01,
    0., 7.00000003e-02, 0., 0., 7.00000003e-02, 7.00000003e-02, 0.,
    7.00000003e-02, 1.40000001e-01, 0., 7.00000003e-02, 2.10000008e-01,
    0., 1.05000004e-01, 3.50000001e-02, 0., 1.05000004e-01,
    1.05000004e-01, 0., 1.05000004e-01, 1.74999997e-01, 0.,
    1.05000004e-01, 2.45000005e-01, 0., 1.40000001e-01, 0., 0.,
    1.40000001e-01, 7.00000003e-02, 0., 1.40000001e-01, 1.40000001e-01,
    0., 1.40000001e-01, 2.10000008e-01, 0., 1.74999997e-01,
    3.50000001e-02, 0., 1.74999997e-01, 1.05000004e-01, 0.,
    1.74999997e-01, 1.74999997e-01, 0., 1.74999997e-01, 2.45000005e-01,
    0., 2.10000008e-01, 0., 0., 2.10000008e-01, 7.00000003e-02, 0.,
    2.10000008e-01, 1.40000001e-01, 0., 2.10000008e-01, 2.10000008e-01,
    0., 2.45000005e-01, 3.50000001e-02, 0., 2.45000005e-01,
    1.05000004e-01, 0., 2.45000005e-01, 1.74999997e-01, 0.,
    2.45000005e-01, 2.45000005e-01, 0., 2.80000001e-01, 0., 0.,
    2.80000001e-01, 7.00000003e-02, 0., 2.80000001e-01, 1.40000001e-01,
    0., 2.80000001e-01, 2.10000008e-01, 0., 3.14999998e-01,
    3.50000001e-02, 0., 3.14999998e-01, 1.05000004e-01, 0.,
    3.14999998e-01, 1.74999997e-01, 0., 3.14999998e-01, 2.45000005e-01,
    0., 3.49999994e-01, 0., 0., 3.49999994e-01, 7.00000003e-02, 0.,
    3.49999994e-01, 1.40000001e-01, 0., 3.49999994e-01, 2.10000008e-01,
    0. ]
CalibrationFrameExtRotation: !!opencv-matrix
   rows: 3
   cols: 1
   dt: d
   data: [ 5.8269726412928291e-01, -2.8716791778560893e+00,
       -1.4704223566595977e-02 ]
CalibrationFrameExtTranslation: !!opencv-matrix
   rows: 3
   cols: 1
   dt: d
   data: [ 3.2591005264574413e-01, -1.7154693168078702e-01,
       1.5357718797521851e+00 ]
CalibrationFrameRMSerror: 6.2813699245452881e-01
