%YAML:1.0
---
CalibrationFramePatternImage: [ 2.39372498e+02, 1.30710968e+02,
    2.33000626e+02, 1.51305786e+02, 2.26040543e+02, 1.71875473e+02,
    2.19216446e+02, 1.92739105e+02, 2.26033875e+02, 1.39234192e+02,
    2.19442154e+02, 1.59721741e+02, 2.12632462e+02, 1.80539810e+02,
    2.05689011e+02, 2.01790070e+02, 2.19286194e+02, 1.27403496e+02,
    2.12574646e+02, 1.47717941e+02, 2.05930557e+02, 1.68235901e+02,
    1.99051056e+02, 1.89255371e+02, 2.05886765e+02, 1.35858383e+02,
    1.99268616e+02, 1.56014084e+02, 1.92346130e+02, 1.76645950e+02,
    1.85454620e+02, 1.97688675e+02, 1.99540787e+02, 1.24636528e+02,
    1.92675659e+02, 1.44355743e+02, 1.85794601e+02, 1.64493637e+02,
    1.79025040e+02, 1.85214432e+02, 1.86536270e+02, 1.33030884e+02,
    1.79608887e+02, 1.52766617e+02, 1.72827789e+02, 1.73153091e+02,
    1.65754745e+02, 1.93686157e+02, 1.80448868e+02, 1.21941048e+02,
    1.73577179e+02, 1.41353119e+02, 1.66597015e+02, 1.61372742e+02,
    1.59725250e+02, 1.81677536e+02, 1.67694580e+02, 1.30256943e+02,
    1.60786209e+02, 1.49803894e+02, 1.53730515e+02, 1.69672195e+02,
    1.46555634e+02, 1.90104004e+02, 1.61769363e+02, 1.19411591e+02,
    1.54928207e+02, 1.38522919e+02, 1.47938095e+02, 1.58036987e+02,
    1.40721878e+02, 1.77996094e+02, 1.49040466e+02, 1.27397873e+02,
    1.42094879e+02, 1.46615051e+02, 1.34863724e+02, 1.66367172e+02,
    1.27552132e+02, 1.86186020e+02, 1.43424759e+02, 1.16630058e+02,
    1.36345764e+02, 1.35389679e+02, 1.29365158e+02, 1.54838882e+02,
    1.21879234e+02, 1.74392105e+02 ]
CalibrationFramePatternWorld: [ 0., 0., 0., 0., 7.00000003e-02, 0., 0.,
    1.40000001e-01, 0., 0., 2.10000008e-01, 0., 3.50000001e-02,
    3.50000001e-02, 0., 3.50000001e-02, 1.05000004e-01, 0.,
    3.50000001e-02, 1.74999997e-01, 0., 3.50000001e-02, 2.45000005e-01,
    0., 7.00000003e-02, 0., 0., 7.00000003e-02, 7.00000003e-02, 0.,
    7.00000003e-02, 1.40000001e-01, 0., 7.00000003e-02, 2.10000008e-01,
    0., 1.05000004e-01, 3.50000001e-02, 0., 1.05000004e-01,
    1.05000004e-01, 0., 1.05000004e-01, 1.74999997e-01, 0.,
    1.05000004e-01, 2.45000005e-01, 0., 1.40000001e-01, 0., 0.,
    1.40000001e-01, 7.00000003e-02, 0., 1.40000001e-01, 1.40000001e-01,
    0., 1.40000001e-01, 2.10000008e-01, 0., 1.74999997e-01,
    3.50000001e-02, 0., 1.74999997e-01, 1.05000004e-01, 0.,
    1.74999997e-01, 1.74999997e-01, 0., 1.74999997e-01, 2.45000005e-01,
    0., 2.10000008e-01, 0., 0., 2.10000008e-01, 7.00000003e-02, 0.,
    2.10000008e-01, 1.40000001e-01, 0., 2.10000008e-01, 2.10000008e-01,
    0., 2.45000005e-01, 3.50000001e-02, 0., 2.45000005e-01,
    1.05000004e-01, 0., 2.45000005e-01, 1.74999997e-01, 0.,
    2.45000005e-01, 2.45000005e-01, 0., 2.80000001e-01, 0., 0.,
    2.80000001e-01, 7.00000003e-02, 0., 2.80000001e-01, 1.40000001e-01,
    0., 2.80000001e-01, 2.10000008e-01, 0., 3.14999998e-01,
    3.50000001e-02, 0., 3.14999998e-01, 1.05000004e-01, 0.,
    3.14999998e-01, 1.74999997e-01, 0., 3.14999998e-01, 2.45000005e-01,
    0., 3.49999994e-01, 0., 0., 3.49999994e-01, 7.00000003e-02, 0.,
    3.49999994e-01, 1.40000001e-01, 0., 3.49999994e-01, 2.10000008e-01,
    0. ]
CalibrationFrameExtRotation: !!opencv-matrix
   rows: 3
   cols: 1
   dt: d
   data: [ 3.4270430053522932e-01, -2.8658433301458941e+00,
       3.6380257118557657e-01 ]
CalibrationFrameExtTranslation: !!opencv-matrix
   rows: 3
   cols: 1
   dt: d
   data: [ -3.5510261088683953e-01, -4.2410459299038711e-01,
       2.6457570165829551e+00 ]
CalibrationFrameRMSerror: 2.4022120237350464e-01
