%YAML:1.0
---
CalibrationFramePatternImage: [ 2.49947845e+02, 1.50743820e+02,
    2.47533539e+02, 1.77081985e+02, 2.44702866e+02, 2.03544006e+02,
    2.41801331e+02, 2.30134186e+02, 2.36223694e+02, 1.63035507e+02,
    2.33756409e+02, 1.89331558e+02, 2.31143143e+02, 2.15492966e+02,
    2.28423920e+02, 2.42148270e+02, 2.24891281e+02, 1.49161850e+02,
    2.22560074e+02, 1.75466431e+02, 2.20061035e+02, 2.01419235e+02,
    2.17571838e+02, 2.27679794e+02, 2.11462234e+02, 1.61449036e+02,
    2.09219070e+02, 1.87446762e+02, 2.06681915e+02, 2.13392471e+02,
    2.04174347e+02, 2.39430054e+02, 2.00775803e+02, 1.47895050e+02,
    1.98267578e+02, 1.73720474e+02, 1.95802063e+02, 1.99474518e+02,
    1.93358322e+02, 2.25300919e+02, 1.87827255e+02, 1.60005661e+02,
    1.85314987e+02, 1.85660385e+02, 1.82850037e+02, 2.11264252e+02,
    1.80340195e+02, 2.37060349e+02, 1.77351990e+02, 1.46684036e+02,
    1.74931915e+02, 1.72264511e+02, 1.72497314e+02, 1.97585510e+02,
    1.70149643e+02, 2.23019974e+02, 1.64628952e+02, 1.58853012e+02,
    1.62317245e+02, 1.84022049e+02, 1.59872330e+02, 2.09302750e+02,
    1.57360977e+02, 2.34803925e+02, 1.54289474e+02, 1.45526337e+02,
    1.52181793e+02, 1.70716522e+02, 1.49742035e+02, 1.95749084e+02,
    1.47285095e+02, 2.20943085e+02, 1.41905472e+02, 1.57500916e+02,
    1.39650375e+02, 1.82344833e+02, 1.37267120e+02, 2.07483444e+02,
    1.34606461e+02, 2.32228210e+02, 1.31887054e+02, 1.44469543e+02,
    1.29516571e+02, 1.69328430e+02, 1.27320312e+02, 1.94167740e+02,
    1.24652237e+02, 2.18832535e+02 ]
CalibrationFramePatternWorld: [ 0., 0., 0., 0., 7.00000003e-02, 0., 0.,
    1.40000001e-01, 0., 0., 2.10000008e-01, 0., 3.50000001e-02,
    3.50000001e-02, 0., 3.50000001e-02, 1.05000004e-01, 0.,
    3.50000001e-02, 1.74999997e-01, 0., 3.50000001e-02, 2.45000005e-01,
    0., 7.00000003e-02, 0., 0., 7.00000003e-02, 7.00000003e-02, 0.,
    7.00000003e-02, 1.40000001e-01, 0., 7.00000003e-02, 2.10000008e-01,
    0., 1.05000004e-01, 3.50000001e-02, 0., 1.05000004e-01,
    1.05000004e-01, 0., 1.05000004e-01, 1.74999997e-01, 0.,
    1.05000004e-01, 2.45000005e-01, 0., 1.40000001e-01, 0., 0.,
    1.40000001e-01, 7.00000003e-02, 0., 1.40000001e-01, 1.40000001e-01,
    0., 1.40000001e-01, 2.10000008e-01, 0., 1.74999997e-01,
    3.50000001e-02, 0., 1.74999997e-01, 1.05000004e-01, 0.,
    1.74999997e-01, 1.74999997e-01, 0., 1.74999997e-01, 2.45000005e-01,
    0., 2.10000008e-01, 0., 0., 2.10000008e-01, 7.00000003e-02, 0.,
    2.10000008e-01, 1.40000001e-01, 0., 2.10000008e-01, 2.10000008e-01,
    0., 2.45000005e-01, 3.50000001e-02, 0., 2.45000005e-01,
    1.05000004e-01, 0., 2.45000005e-01, 1.74999997e-01, 0.,
    2.45000005e-01, 2.45000005e-01, 0., 2.80000001e-01, 0., 0.,
    2.80000001e-01, 7.00000003e-02, 0., 2.80000001e-01, 1.40000001e-01,
    0., 2.80000001e-01, 2.10000008e-01, 0., 3.14999998e-01,
    3.50000001e-02, 0., 3.14999998e-01, 1.05000004e-01, 0.,
    3.14999998e-01, 1.74999997e-01, 0., 3.14999998e-01, 2.45000005e-01,
    0., 3.49999994e-01, 0., 0., 3.49999994e-01, 7.00000003e-02, 0.,
    3.49999994e-01, 1.40000001e-01, 0., 3.49999994e-01, 2.10000008e-01,
    0. ]
CalibrationFrameExtRotation: !!opencv-matrix
   rows: 3
   cols: 1
   dt: d
   data: [ 1.4382340886262868e-01, -2.9149915387008472e+00,
       -4.7941030703976102e-02 ]
CalibrationFrameExtTranslation: !!opencv-matrix
   rows: 3
   cols: 1
   dt: d
   data: [ -2.7467456767247667e-01, -3.0681634749612108e-01,
       2.2531196600415386e+00 ]
CalibrationFrameRMSerror: 2.3241956532001495e-01
