%YAML:1.0
---
CalibrationFramePatternImage: [ 3.88626770e+02, 6.27949791e+01,
    3.92160583e+02, 8.41934586e+01, 3.95566833e+02, 1.06165161e+02,
    3.99159790e+02, 1.28435654e+02, 3.78936920e+02, 7.54643097e+01,
    3.82087860e+02, 9.73706131e+01, 3.85643372e+02, 1.19537766e+02,
    3.89170380e+02, 1.42462952e+02, 3.65495697e+02, 6.72550735e+01,
    3.68876373e+02, 8.86625595e+01, 3.72279602e+02, 1.10544884e+02,
    3.75508698e+02, 1.33292923e+02, 3.55543884e+02, 8.01862488e+01,
    3.58767731e+02, 1.01689789e+02, 3.62032349e+02, 1.23974159e+02,
    3.65219147e+02, 1.46732422e+02, 3.42660980e+02, 7.21366348e+01,
    3.45549225e+02, 9.30828552e+01, 3.48674774e+02, 1.15002502e+02,
    3.51874451e+02, 1.37562149e+02, 3.32663605e+02, 8.49102325e+01,
    3.35591766e+02, 1.06161217e+02, 3.38628235e+02, 1.28559891e+02,
    3.41743744e+02, 1.51201401e+02, 3.19938568e+02, 7.68348999e+01,
    3.22515198e+02, 9.78952332e+01, 3.25591614e+02, 1.19636230e+02,
    3.28612213e+02, 1.42035965e+02, 3.09930939e+02, 8.95061951e+01,
    3.12726288e+02, 1.11010597e+02, 3.15670563e+02, 1.33064651e+02,
    3.18310760e+02, 1.55792709e+02, 2.97413818e+02, 8.15800629e+01,
    3.00037659e+02, 1.02610916e+02, 3.02876282e+02, 1.24299225e+02,
    3.05409393e+02, 1.46699661e+02, 2.87527802e+02, 9.43059311e+01,
    2.90115845e+02, 1.15720406e+02, 2.92801361e+02, 1.37741150e+02,
    2.95248932e+02, 1.60015030e+02, 2.75310272e+02, 8.63998108e+01,
    2.77649567e+02, 1.07293610e+02, 2.80311676e+02, 1.29007187e+02,
    2.82580261e+02, 1.51047073e+02 ]
CalibrationFramePatternWorld: [ 0., 0., 0., 0., 7.00000003e-02, 0., 0.,
    1.40000001e-01, 0., 0., 2.10000008e-01, 0., 3.50000001e-02,
    3.50000001e-02, 0., 3.50000001e-02, 1.05000004e-01, 0.,
    3.50000001e-02, 1.74999997e-01, 0., 3.50000001e-02, 2.45000005e-01,
    0., 7.00000003e-02, 0., 0., 7.00000003e-02, 7.00000003e-02, 0.,
    7.00000003e-02, 1.40000001e-01, 0., 7.00000003e-02, 2.10000008e-01,
    0., 1.05000004e-01, 3.50000001e-02, 0., 1.05000004e-01,
    1.05000004e-01, 0., 1.05000004e-01, 1.74999997e-01, 0.,
    1.05000004e-01, 2.45000005e-01, 0., 1.40000001e-01, 0., 0.,
    1.40000001e-01, 7.00000003e-02, 0., 1.40000001e-01, 1.40000001e-01,
    0., 1.40000001e-01, 2.10000008e-01, 0., 1.74999997e-01,
    3.50000001e-02, 0., 1.74999997e-01, 1.05000004e-01, 0.,
    1.74999997e-01, 1.74999997e-01, 0., 1.74999997e-01, 2.45000005e-01,
    0., 2.10000008e-01, 0., 0., 2.10000008e-01, 7.00000003e-02, 0.,
    2.10000008e-01, 1.40000001e-01, 0., 2.10000008e-01, 2.10000008e-01,
    0., 2.45000005e-01, 3.50000001e-02, 0., 2.45000005e-01,
    1.05000004e-01, 0., 2.45000005e-01, 1.74999997e-01, 0.,
    2.45000005e-01, 2.45000005e-01, 0., 2.80000001e-01, 0., 0.,
    2.80000001e-01, 7.00000003e-02, 0., 2.80000001e-01, 1.40000001e-01,
    0., 2.80000001e-01, 2.10000008e-01, 0., 3.14999998e-01,
    3.50000001e-02, 0., 3.14999998e-01, 1.05000004e-01, 0.,
    3.14999998e-01, 1.74999997e-01, 0., 3.14999998e-01, 2.45000005e-01,
    0., 3.49999994e-01, 0., 0., 3.49999994e-01, 7.00000003e-02, 0.,
    3.49999994e-01, 1.40000001e-01, 0., 3.49999994e-01, 2.10000008e-01,
    0. ]
CalibrationFrameExtRotation: !!opencv-matrix
   rows: 3
   cols: 1
   dt: d
   data: [ -2.1703309895979625e-01, -2.9149311883056597e+00,
       2.2827143628328386e-01 ]
CalibrationFrameExtTranslation: !!opencv-matrix
   rows: 3
   cols: 1
   dt: d
   data: [ 1.0114357577976023e-01, -6.0374927641740794e-01,
       2.4886677914144215e+00 ]
CalibrationFrameRMSerror: 1.7063164710998535e-01
