%YAML:1.0
---
CalibrationFramePatternImage: [ 2.78483124e+02, 2.96517242e+02,
    2.75326263e+02, 3.18557648e+02, 2.72105103e+02, 3.40989258e+02,
    2.69258545e+02, 3.63773499e+02, 2.65686676e+02, 3.05532471e+02,
    2.62200226e+02, 3.28052795e+02, 2.59188446e+02, 3.50545166e+02,
    2.56032257e+02, 3.73503754e+02, 2.56019440e+02, 2.92664459e+02,
    2.52719330e+02, 3.15084534e+02, 2.49480835e+02, 3.37475708e+02,
    2.46073990e+02, 3.60322845e+02, 2.42905884e+02, 3.01852325e+02,
    2.39814651e+02, 3.24359772e+02, 2.36354736e+02, 3.46916321e+02,
    2.32962357e+02, 3.69981567e+02, 2.33181549e+02, 2.88959290e+02,
    2.29923538e+02, 3.11158539e+02, 2.26590912e+02, 3.33786743e+02,
    2.23230301e+02, 3.56678528e+02, 2.20202805e+02, 2.98187378e+02,
    2.16744675e+02, 3.20586090e+02, 2.13288895e+02, 3.43552612e+02,
    2.09944366e+02, 3.66500275e+02, 2.10462143e+02, 2.85202576e+02,
    2.06876984e+02, 3.07538727e+02, 2.03520218e+02, 3.30153137e+02,
    2.00148849e+02, 3.53052856e+02, 1.97265793e+02, 2.94470001e+02,
    1.93662766e+02, 3.16960388e+02, 1.90161758e+02, 3.39874084e+02,
    1.86635147e+02, 3.63098328e+02, 1.87532440e+02, 2.81374390e+02,
    1.83888733e+02, 3.03889069e+02, 1.80449417e+02, 3.26471924e+02,
    1.76705368e+02, 3.49531403e+02, 1.74292648e+02, 2.90675476e+02,
    1.70701904e+02, 3.13107391e+02, 1.66845291e+02, 3.36173065e+02,
    1.63333221e+02, 3.59191803e+02, 1.64725464e+02, 2.77631622e+02,
    1.60966049e+02, 3.00004913e+02, 1.57195847e+02, 3.22759521e+02,
    1.53558884e+02, 3.45688934e+02 ]
CalibrationFramePatternWorld: [ 0., 0., 0., 0., 7.00000003e-02, 0., 0.,
    1.40000001e-01, 0., 0., 2.10000008e-01, 0., 3.50000001e-02,
    3.50000001e-02, 0., 3.50000001e-02, 1.05000004e-01, 0.,
    3.50000001e-02, 1.74999997e-01, 0., 3.50000001e-02, 2.45000005e-01,
    0., 7.00000003e-02, 0., 0., 7.00000003e-02, 7.00000003e-02, 0.,
    7.00000003e-02, 1.40000001e-01, 0., 7.00000003e-02, 2.10000008e-01,
    0., 1.05000004e-01, 3.50000001e-02, 0., 1.05000004e-01,
    1.05000004e-01, 0., 1.05000004e-01, 1.74999997e-01, 0.,
    1.05000004e-01, 2.45000005e-01, 0., 1.40000001e-01, 0., 0.,
    1.40000001e-01, 7.00000003e-02, 0., 1.40000001e-01, 1.40000001e-01,
    0., 1.40000001e-01, 2.10000008e-01, 0., 1.74999997e-01,
    3.50000001e-02, 0., 1.74999997e-01, 1.05000004e-01, 0.,
    1.74999997e-01, 1.74999997e-01, 0., 1.74999997e-01, 2.45000005e-01,
    0., 2.10000008e-01, 0., 0., 2.10000008e-01, 7.00000003e-02, 0.,
    2.10000008e-01, 1.40000001e-01, 0., 2.10000008e-01, 2.10000008e-01,
    0., 2.45000005e-01, 3.50000001e-02, 0., 2.45000005e-01,
    1.05000004e-01, 0., 2.45000005e-01, 1.74999997e-01, 0.,
    2.45000005e-01, 2.45000005e-01, 0., 2.80000001e-01, 0., 0.,
    2.80000001e-01, 7.00000003e-02, 0., 2.80000001e-01, 1.40000001e-01,
    0., 2.80000001e-01, 2.10000008e-01, 0., 3.14999998e-01,
    3.50000001e-02, 0., 3.14999998e-01, 1.05000004e-01, 0.,
    3.14999998e-01, 1.74999997e-01, 0., 3.14999998e-01, 2.45000005e-01,
    0., 3.49999994e-01, 0., 0., 3.49999994e-01, 7.00000003e-02, 0.,
    3.49999994e-01, 1.40000001e-01, 0., 3.49999994e-01, 2.10000008e-01,
    0. ]
CalibrationFrameExtRotation: !!opencv-matrix
   rows: 3
   cols: 1
   dt: d
   data: [ -2.1129994787656764e-01, 2.8976918693547002e+00,
       -3.2377288147757838e-01 ]
CalibrationFrameExtTranslation: !!opencv-matrix
   rows: 3
   cols: 1
   dt: d
   data: [ -2.3084061311023646e-01, 9.0016433898144413e-02,
       2.6321842326507943e+00 ]
CalibrationFrameRMSerror: 1.4652438461780548e-01
