%YAML:1.0
---
CalibrationFramePatternImage: [ 4.86639191e+02, 1.54235168e+02,
    4.97599915e+02, 1.85747009e+02, 5.09098480e+02, 2.18391937e+02,
    5.21040039e+02, 2.52541061e+02, 4.74649261e+02, 1.72153610e+02,
    4.85206177e+02, 2.05009583e+02, 4.96618286e+02, 2.38823212e+02,
    5.08267944e+02, 2.74190552e+02, 4.51457855e+02, 1.58919235e+02,
    4.62107666e+02, 1.91021942e+02, 4.72694946e+02, 2.24551270e+02,
    4.83739685e+02, 2.59764313e+02, 4.38685913e+02, 1.77352875e+02,
    4.49173492e+02, 2.10289032e+02, 4.59625824e+02, 2.44949249e+02,
    4.70393341e+02, 2.80978027e+02, 4.15308624e+02, 1.64612137e+02,
    4.25353363e+02, 1.96503815e+02, 4.35593506e+02, 2.30357269e+02,
    4.45956268e+02, 2.65913727e+02, 4.01821381e+02, 1.83490479e+02,
    4.11565369e+02, 2.16331482e+02, 4.21645905e+02, 2.51445969e+02,
    4.31618622e+02, 2.87733368e+02, 3.78529114e+02, 1.70405167e+02,
    3.87664673e+02, 2.02853485e+02, 3.96971130e+02, 2.37115417e+02,
    4.07061401e+02, 2.72898926e+02, 3.64171082e+02, 1.89596786e+02,
    3.73311401e+02, 2.23083603e+02, 3.82542603e+02, 2.58120239e+02,
    3.92118744e+02, 2.94836639e+02, 3.40882263e+02, 1.76111206e+02,
    3.49398102e+02, 2.09184143e+02, 3.58327393e+02, 2.43421921e+02,
    3.67259155e+02, 2.79578491e+02, 3.26025024e+02, 1.95134857e+02,
    3.34274872e+02, 2.29029800e+02, 3.42926697e+02, 2.64590729e+02,
    3.51595398e+02, 3.01221985e+02, 3.03014160e+02, 1.81557602e+02,
    3.10700409e+02, 2.14612732e+02, 3.18811279e+02, 2.49694626e+02,
    3.27025330e+02, 2.85746490e+02 ]
CalibrationFramePatternWorld: [ 0., 0., 0., 0., 7.00000003e-02, 0., 0.,
    1.40000001e-01, 0., 0., 2.10000008e-01, 0., 3.50000001e-02,
    3.50000001e-02, 0., 3.50000001e-02, 1.05000004e-01, 0.,
    3.50000001e-02, 1.74999997e-01, 0., 3.50000001e-02, 2.45000005e-01,
    0., 7.00000003e-02, 0., 0., 7.00000003e-02, 7.00000003e-02, 0.,
    7.00000003e-02, 1.40000001e-01, 0., 7.00000003e-02, 2.10000008e-01,
    0., 1.05000004e-01, 3.50000001e-02, 0., 1.05000004e-01,
    1.05000004e-01, 0., 1.05000004e-01, 1.74999997e-01, 0.,
    1.05000004e-01, 2.45000005e-01, 0., 1.40000001e-01, 0., 0.,
    1.40000001e-01, 7.00000003e-02, 0., 1.40000001e-01, 1.40000001e-01,
    0., 1.40000001e-01, 2.10000008e-01, 0., 1.74999997e-01,
    3.50000001e-02, 0., 1.74999997e-01, 1.05000004e-01, 0.,
    1.74999997e-01, 1.74999997e-01, 0., 1.74999997e-01, 2.45000005e-01,
    0., 2.10000008e-01, 0., 0., 2.10000008e-01, 7.00000003e-02, 0.,
    2.10000008e-01, 1.40000001e-01, 0., 2.10000008e-01, 2.10000008e-01,
    0., 2.45000005e-01, 3.50000001e-02, 0., 2.45000005e-01,
    1.05000004e-01, 0., 2.45000005e-01, 1.74999997e-01, 0.,
    2.45000005e-01, 2.45000005e-01, 0., 2.80000001e-01, 0., 0.,
    2.80000001e-01, 7.00000003e-02, 0., 2.80000001e-01, 1.40000001e-01,
    0., 2.80000001e-01, 2.10000008e-01, 0., 3.14999998e-01,
    3.50000001e-02, 0., 3.14999998e-01, 1.05000004e-01, 0.,
    3.14999998e-01, 1.74999997e-01, 0., 3.14999998e-01, 2.45000005e-01,
    0., 3.49999994e-01, 0., 0., 3.49999994e-01, 7.00000003e-02, 0.,
    3.49999994e-01, 1.40000001e-01, 0., 3.49999994e-01, 2.10000008e-01,
    0. ]
CalibrationFrameExtRotation: !!opencv-matrix
   rows: 3
   cols: 1
   dt: d
   data: [ 3.0179630806146546e-01, 2.9349866942136975e+00,
       -6.4277472371759603e-01 ]
CalibrationFrameExtTranslation: !!opencv-matrix
   rows: 3
   cols: 1
   dt: d
   data: [ 2.4818449984449978e-01, -2.1217982575235125e-01,
       1.5968662566550758e+00 ]
CalibrationFrameRMSerror: 3.9441260695457458e-01
