%YAML:1.0
---
CalibrationFramePatternImage: [ 2.14878922e+02, 1.98019836e+02,
    2.19671585e+02, 2.18471512e+02, 2.24832886e+02, 2.39203888e+02,
    2.30092300e+02, 2.59667053e+02, 2.07788467e+02, 2.11499741e+02,
    2.12496429e+02, 2.32203049e+02, 2.17796478e+02, 2.52703888e+02,
    2.23119019e+02, 2.73397583e+02, 1.95480576e+02, 2.04456848e+02,
    2.00635513e+02, 2.25366577e+02, 2.05673187e+02, 2.45984222e+02,
    2.11028763e+02, 2.66659119e+02, 1.88317749e+02, 2.18241180e+02,
    1.93596069e+02, 2.39157562e+02, 1.98769257e+02, 2.59993866e+02,
    2.04104980e+02, 2.80583679e+02, 1.75610367e+02, 2.11006439e+02,
    1.81059021e+02, 2.32207504e+02, 1.86468323e+02, 2.53082489e+02,
    1.91918182e+02, 2.73903503e+02, 1.68269730e+02, 2.25026382e+02,
    1.73830048e+02, 2.46077850e+02, 1.79460861e+02, 2.67026733e+02,
    1.84985123e+02, 2.88022064e+02, 1.55372314e+02, 2.17767883e+02,
    1.61049484e+02, 2.39054184e+02, 1.66526840e+02, 2.60129333e+02,
    1.72362045e+02, 2.81261871e+02, 1.47983459e+02, 2.31999893e+02,
    1.53778442e+02, 2.53164719e+02, 1.59591370e+02, 2.74320465e+02,
    1.65643875e+02, 2.95519897e+02, 1.34853745e+02, 2.24687073e+02,
    1.40688690e+02, 2.46303757e+02, 1.46633911e+02, 2.67562836e+02,
    1.52576584e+02, 2.88636536e+02, 1.27570221e+02, 2.39116867e+02,
    1.33527191e+02, 2.60497772e+02, 1.39568207e+02, 2.81938751e+02,
    1.45865555e+02, 3.03031708e+02, 1.14311119e+02, 2.31879959e+02,
    1.20437416e+02, 2.53490494e+02, 1.26494133e+02, 2.74993439e+02,
    1.32897018e+02, 2.96407501e+02 ]
CalibrationFramePatternWorld: [ 0., 0., 0., 0., 7.00000003e-02, 0., 0.,
    1.40000001e-01, 0., 0., 2.10000008e-01, 0., 3.50000001e-02,
    3.50000001e-02, 0., 3.50000001e-02, 1.05000004e-01, 0.,
    3.50000001e-02, 1.74999997e-01, 0., 3.50000001e-02, 2.45000005e-01,
    0., 7.00000003e-02, 0., 0., 7.00000003e-02, 7.00000003e-02, 0.,
    7.00000003e-02, 1.40000001e-01, 0., 7.00000003e-02, 2.10000008e-01,
    0., 1.05000004e-01, 3.50000001e-02, 0., 1.05000004e-01,
    1.05000004e-01, 0., 1.05000004e-01, 1.74999997e-01, 0.,
    1.05000004e-01, 2.45000005e-01, 0., 1.40000001e-01, 0., 0.,
    1.40000001e-01, 7.00000003e-02, 0., 1.40000001e-01, 1.40000001e-01,
    0., 1.40000001e-01, 2.10000008e-01, 0., 1.74999997e-01,
    3.50000001e-02, 0., 1.74999997e-01, 1.05000004e-01, 0.,
    1.74999997e-01, 1.74999997e-01, 0., 1.74999997e-01, 2.45000005e-01,
    0., 2.10000008e-01, 0., 0., 2.10000008e-01, 7.00000003e-02, 0.,
    2.10000008e-01, 1.40000001e-01, 0., 2.10000008e-01, 2.10000008e-01,
    0., 2.45000005e-01, 3.50000001e-02, 0., 2.45000005e-01,
    1.05000004e-01, 0., 2.45000005e-01, 1.74999997e-01, 0.,
    2.45000005e-01, 2.45000005e-01, 0., 2.80000001e-01, 0., 0.,
    2.80000001e-01, 7.00000003e-02, 0., 2.80000001e-01, 1.40000001e-01,
    0., 2.80000001e-01, 2.10000008e-01, 0., 3.14999998e-01,
    3.50000001e-02, 0., 3.14999998e-01, 1.05000004e-01, 0.,
    3.14999998e-01, 1.74999997e-01, 0., 3.14999998e-01, 2.45000005e-01,
    0., 3.49999994e-01, 0., 0., 3.49999994e-01, 7.00000003e-02, 0.,
    3.49999994e-01, 1.40000001e-01, 0., 3.49999994e-01, 2.10000008e-01,
    0. ]
CalibrationFrameExtRotation: !!opencv-matrix
   rows: 3
   cols: 1
   dt: d
   data: [ 3.7043290921052319e-01, 2.5106993484400246e+00,
       2.9876161851129029e-01 ]
CalibrationFrameExtTranslation: !!opencv-matrix
   rows: 3
   cols: 1
   dt: d
   data: [ -4.4180849224205038e-01, -2.2014239031448402e-01,
       2.7137833032053535e+00 ]
CalibrationFrameRMSerror: 1.8864215910434723e-01
