%YAML:1.0
---
CalibrationFramePatternImage: [ 3.88316132e+02, 3.06329773e+02,
    3.92902130e+02, 3.28510651e+02, 3.98032135e+02, 3.51304718e+02,
    4.03309875e+02, 3.73862701e+02, 3.79907196e+02, 3.19503448e+02,
    3.84379242e+02, 3.42173218e+02, 3.89524841e+02, 3.64811981e+02,
    3.94811066e+02, 3.87768097e+02, 3.66459137e+02, 3.10076935e+02,
    3.71302155e+02, 3.32938538e+02, 3.75958893e+02, 3.55747406e+02,
    3.81032745e+02, 3.78674347e+02, 3.57749298e+02, 3.23683075e+02,
    3.62721832e+02, 3.46392029e+02, 3.67639679e+02, 3.69408600e+02,
    3.72310272e+02, 3.92692322e+02, 3.43981537e+02, 3.14248383e+02,
    3.49082703e+02, 3.37113220e+02, 3.53910858e+02, 3.60231628e+02,
    3.59088928e+02, 3.83682434e+02, 3.35240082e+02, 3.27889923e+02,
    3.40046356e+02, 3.50939117e+02, 3.45259674e+02, 3.74142456e+02,
    3.50829681e+02, 3.97731262e+02, 3.21455780e+02, 3.18354645e+02,
    3.26356598e+02, 3.41592773e+02, 3.31240601e+02, 3.64880951e+02,
    3.36540649e+02, 3.88124512e+02, 3.12456451e+02, 3.32145630e+02,
    3.17344788e+02, 3.55319244e+02, 3.22384186e+02, 3.78708923e+02,
    3.27773376e+02, 4.02501984e+02, 2.98329010e+02, 3.22643768e+02,
    3.03382233e+02, 3.46006958e+02, 3.08464111e+02, 3.69340027e+02,
    3.13447144e+02, 3.93059235e+02, 2.89318542e+02, 3.36372406e+02,
    2.94197937e+02, 3.59890045e+02, 2.99380585e+02, 3.83755707e+02,
    3.04648071e+02, 4.07250946e+02, 2.75260529e+02, 3.26747284e+02,
    2.80193939e+02, 3.50334381e+02, 2.85124023e+02, 3.74165192e+02,
    2.90434387e+02, 3.97789246e+02 ]
CalibrationFramePatternWorld: [ 0., 0., 0., 0., 7.00000003e-02, 0., 0.,
    1.40000001e-01, 0., 0., 2.10000008e-01, 0., 3.50000001e-02,
    3.50000001e-02, 0., 3.50000001e-02, 1.05000004e-01, 0.,
    3.50000001e-02, 1.74999997e-01, 0., 3.50000001e-02, 2.45000005e-01,
    0., 7.00000003e-02, 0., 0., 7.00000003e-02, 7.00000003e-02, 0.,
    7.00000003e-02, 1.40000001e-01, 0., 7.00000003e-02, 2.10000008e-01,
    0., 1.05000004e-01, 3.50000001e-02, 0., 1.05000004e-01,
    1.05000004e-01, 0., 1.05000004e-01, 1.74999997e-01, 0.,
    1.05000004e-01, 2.45000005e-01, 0., 1.40000001e-01, 0., 0.,
    1.40000001e-01, 7.00000003e-02, 0., 1.40000001e-01, 1.40000001e-01,
    0., 1.40000001e-01, 2.10000008e-01, 0., 1.74999997e-01,
    3.50000001e-02, 0., 1.74999997e-01, 1.05000004e-01, 0.,
    1.74999997e-01, 1.74999997e-01, 0., 1.74999997e-01, 2.45000005e-01,
    0., 2.10000008e-01, 0., 0., 2.10000008e-01, 7.00000003e-02, 0.,
    2.10000008e-01, 1.40000001e-01, 0., 2.10000008e-01, 2.10000008e-01,
    0., 2.45000005e-01, 3.50000001e-02, 0., 2.45000005e-01,
    1.05000004e-01, 0., 2.45000005e-01, 1.74999997e-01, 0.,
    2.45000005e-01, 2.45000005e-01, 0., 2.80000001e-01, 0., 0.,
    2.80000001e-01, 7.00000003e-02, 0., 2.80000001e-01, 1.40000001e-01,
    0., 2.80000001e-01, 2.10000008e-01, 0., 3.14999998e-01,
    3.50000001e-02, 0., 3.14999998e-01, 1.05000004e-01, 0.,
    3.14999998e-01, 1.74999997e-01, 0., 3.14999998e-01, 2.45000005e-01,
    0., 3.49999994e-01, 0., 0., 3.49999994e-01, 7.00000003e-02, 0.,
    3.49999994e-01, 1.40000001e-01, 0., 3.49999994e-01, 2.10000008e-01,
    0. ]
CalibrationFrameExtRotation: !!opencv-matrix
   rows: 3
   cols: 1
   dt: d
   data: [ 2.7078134938359205e-01, 2.8142586975687758e+00,
       -2.5241757771900430e-01 ]
CalibrationFrameExtTranslation: !!opencv-matrix
   rows: 3
   cols: 1
   dt: d
   data: [ 1.0043139995635524e-01, 1.1786496884799984e-01,
       2.5912448410793680e+00 ]
CalibrationFrameRMSerror: 2.1083092689514160e-01
