%YAML:1.0
---
CalibrationFramePatternImage: [ 5.65614075e+02, 2.56448914e+02,
    5.65860962e+02, 2.78568481e+02, 5.66078003e+02, 3.01041656e+02,
    5.66472900e+02, 3.23635620e+02, 5.54726746e+02, 2.67705109e+02,
    5.54832825e+02, 2.90052582e+02, 5.55423157e+02, 3.12396454e+02,
    5.55574341e+02, 3.34960144e+02, 5.43378113e+02, 2.56801147e+02,
    5.43716492e+02, 2.79280762e+02, 5.44041565e+02, 3.01458466e+02,
    5.44385681e+02, 3.23807678e+02, 5.32426453e+02, 2.68241608e+02,
    5.32887146e+02, 2.90496796e+02, 5.33120850e+02, 3.12781952e+02,
    5.33310425e+02, 3.35082886e+02, 5.21023987e+02, 2.57268066e+02,
    5.21519470e+02, 2.79672974e+02, 5.21875488e+02, 3.02125427e+02,
    5.22154175e+02, 3.24194702e+02, 5.10262207e+02, 2.68724640e+02,
    5.10529266e+02, 2.90892853e+02, 5.11023438e+02, 3.13387390e+02,
    5.11370239e+02, 3.35554108e+02, 4.99048370e+02, 2.57752686e+02,
    4.99287598e+02, 2.80176178e+02, 4.99675690e+02, 3.02442200e+02,
    5.00060760e+02, 3.24432007e+02, 4.87945007e+02, 2.69217773e+02,
    4.88439972e+02, 2.91310944e+02, 4.89024994e+02, 3.13542877e+02,
    4.89523438e+02, 3.36335236e+02, 4.76712891e+02, 2.58202667e+02,
    4.77214386e+02, 2.80606873e+02, 4.77748810e+02, 3.02625641e+02,
    4.78086365e+02, 3.24843018e+02, 4.65880859e+02, 2.69612579e+02,
    4.66479797e+02, 2.91799713e+02, 4.66959534e+02, 3.14023010e+02,
    4.67295959e+02, 3.36050568e+02, 4.54705658e+02, 2.58675537e+02,
    4.55190735e+02, 2.80900574e+02, 4.55821747e+02, 3.03070282e+02,
    4.56182556e+02, 3.25193481e+02 ]
CalibrationFramePatternWorld: [ 0., 0., 0., 0., 7.00000003e-02, 0., 0.,
    1.40000001e-01, 0., 0., 2.10000008e-01, 0., 3.50000001e-02,
    3.50000001e-02, 0., 3.50000001e-02, 1.05000004e-01, 0.,
    3.50000001e-02, 1.74999997e-01, 0., 3.50000001e-02, 2.45000005e-01,
    0., 7.00000003e-02, 0., 0., 7.00000003e-02, 7.00000003e-02, 0.,
    7.00000003e-02, 1.40000001e-01, 0., 7.00000003e-02, 2.10000008e-01,
    0., 1.05000004e-01, 3.50000001e-02, 0., 1.05000004e-01,
    1.05000004e-01, 0., 1.05000004e-01, 1.74999997e-01, 0.,
    1.05000004e-01, 2.45000005e-01, 0., 1.40000001e-01, 0., 0.,
    1.40000001e-01, 7.00000003e-02, 0., 1.40000001e-01, 1.40000001e-01,
    0., 1.40000001e-01, 2.10000008e-01, 0., 1.74999997e-01,
    3.50000001e-02, 0., 1.74999997e-01, 1.05000004e-01, 0.,
    1.74999997e-01, 1.74999997e-01, 0., 1.74999997e-01, 2.45000005e-01,
    0., 2.10000008e-01, 0., 0., 2.10000008e-01, 7.00000003e-02, 0.,
    2.10000008e-01, 1.40000001e-01, 0., 2.10000008e-01, 2.10000008e-01,
    0., 2.45000005e-01, 3.50000001e-02, 0., 2.45000005e-01,
    1.05000004e-01, 0., 2.45000005e-01, 1.74999997e-01, 0.,
    2.45000005e-01, 2.45000005e-01, 0., 2.80000001e-01, 0., 0.,
    2.80000001e-01, 7.00000003e-02, 0., 2.80000001e-01, 1.40000001e-01,
    0., 2.80000001e-01, 2.10000008e-01, 0., 3.14999998e-01,
    3.50000001e-02, 0., 3.14999998e-01, 1.05000004e-01, 0.,
    3.14999998e-01, 1.74999997e-01, 0., 3.14999998e-01, 2.45000005e-01,
    0., 3.49999994e-01, 0., 0., 3.49999994e-01, 7.00000003e-02, 0.,
    3.49999994e-01, 1.40000001e-01, 0., 3.49999994e-01, 2.10000008e-01,
    0. ]
CalibrationFrameExtRotation: !!opencv-matrix
   rows: 3
   cols: 1
   dt: d
   data: [ -3.3568237183840041e-02, -2.8865384187530170e+00,
       -1.0368008979452399e-02 ]
CalibrationFrameExtTranslation: !!opencv-matrix
   rows: 3
   cols: 1
   dt: d
   data: [ 6.5346014293163612e-01, -3.3224256262405286e-02,
       2.6168878988697735e+00 ]
CalibrationFrameRMSerror: 1.6287858784198761e-01
