%YAML:1.0
---
CalibrationFramePatternImage: [ 5.64752197e+02, 2.27664856e+02,
    5.56794922e+02, 2.48401764e+02, 5.48593445e+02, 2.69759491e+02,
    5.40333984e+02, 2.91250061e+02, 5.50547485e+02, 2.34012482e+02,
    5.42457642e+02, 2.55177643e+02, 5.34469055e+02, 2.76296814e+02,
    5.26226257e+02, 2.97881805e+02, 5.44259094e+02, 2.19509918e+02,
    5.36315674e+02, 2.40581146e+02, 5.28401367e+02, 2.61650940e+02,
    5.20242188e+02, 2.83025635e+02, 5.30147522e+02, 2.26054581e+02,
    5.22137390e+02, 2.46991928e+02, 5.14123657e+02, 2.68212769e+02,
    5.06027100e+02, 2.89520050e+02, 5.24104553e+02, 2.11857269e+02,
    5.16130981e+02, 2.32611725e+02, 5.07960419e+02, 2.53651443e+02,
    5.00059296e+02, 2.74789581e+02, 5.10447083e+02, 2.18417892e+02,
    5.02049774e+02, 2.39167694e+02, 4.94212250e+02, 2.60305756e+02,
    4.86232117e+02, 2.81396545e+02, 5.04566284e+02, 2.04477386e+02,
    4.96250641e+02, 2.24955826e+02, 4.88246124e+02, 2.45709976e+02,
    4.80476990e+02, 2.66854004e+02, 4.90469330e+02, 2.10981537e+02,
    4.82505829e+02, 2.31575928e+02, 4.74517303e+02, 2.52305557e+02,
    4.66546631e+02, 2.73583038e+02, 4.84781097e+02, 1.96844803e+02,
    4.76689178e+02, 2.17499252e+02, 4.69026001e+02, 2.37998627e+02,
    4.60898102e+02, 2.58957184e+02, 4.70998169e+02, 2.03452820e+02,
    4.63230103e+02, 2.23776505e+02, 4.55215210e+02, 2.44777725e+02,
    4.47208588e+02, 2.65283813e+02, 4.65682800e+02, 1.89729263e+02,
    4.57573639e+02, 2.09964264e+02, 4.49701233e+02, 2.30537872e+02,
    4.41584808e+02, 2.51124649e+02 ]
CalibrationFramePatternWorld: [ 0., 0., 0., 0., 7.00000003e-02, 0., 0.,
    1.40000001e-01, 0., 0., 2.10000008e-01, 0., 3.50000001e-02,
    3.50000001e-02, 0., 3.50000001e-02, 1.05000004e-01, 0.,
    3.50000001e-02, 1.74999997e-01, 0., 3.50000001e-02, 2.45000005e-01,
    0., 7.00000003e-02, 0., 0., 7.00000003e-02, 7.00000003e-02, 0.,
    7.00000003e-02, 1.40000001e-01, 0., 7.00000003e-02, 2.10000008e-01,
    0., 1.05000004e-01, 3.50000001e-02, 0., 1.05000004e-01,
    1.05000004e-01, 0., 1.05000004e-01, 1.74999997e-01, 0.,
    1.05000004e-01, 2.45000005e-01, 0., 1.40000001e-01, 0., 0.,
    1.40000001e-01, 7.00000003e-02, 0., 1.40000001e-01, 1.40000001e-01,
    0., 1.40000001e-01, 2.10000008e-01, 0., 1.74999997e-01,
    3.50000001e-02, 0., 1.74999997e-01, 1.05000004e-01, 0.,
    1.74999997e-01, 1.74999997e-01, 0., 1.74999997e-01, 2.45000005e-01,
    0., 2.10000008e-01, 0., 0., 2.10000008e-01, 7.00000003e-02, 0.,
    2.10000008e-01, 1.40000001e-01, 0., 2.10000008e-01, 2.10000008e-01,
    0., 2.45000005e-01, 3.50000001e-02, 0., 2.45000005e-01,
    1.05000004e-01, 0., 2.45000005e-01, 1.74999997e-01, 0.,
    2.45000005e-01, 2.45000005e-01, 0., 2.80000001e-01, 0., 0.,
    2.80000001e-01, 7.00000003e-02, 0., 2.80000001e-01, 1.40000001e-01,
    0., 2.80000001e-01, 2.10000008e-01, 0., 3.14999998e-01,
    3.50000001e-02, 0., 3.14999998e-01, 1.05000004e-01, 0.,
    3.14999998e-01, 1.74999997e-01, 0., 3.14999998e-01, 2.45000005e-01,
    0., 3.49999994e-01, 0., 0., 3.49999994e-01, 7.00000003e-02, 0.,
    3.49999994e-01, 1.40000001e-01, 0., 3.49999994e-01, 2.10000008e-01,
    0. ]
CalibrationFrameExtRotation: !!opencv-matrix
   rows: 3
   cols: 1
   dt: d
   data: [ 5.0896196313053310e-01, -2.6181622744994502e+00,
       -1.6942723577720857e-02 ]
CalibrationFrameExtTranslation: !!opencv-matrix
   rows: 3
   cols: 1
   dt: d
   data: [ 6.3804355040368088e-01, -1.2111840733485983e-01,
       2.5590617475297472e+00 ]
CalibrationFrameRMSerror: 2.2831510007381439e-01
