%YAML:1.0
---
CalibrationFramePatternImage: [ 3.15890778e+02, 2.33379791e+02,
    3.13066437e+02, 2.60726593e+02, 3.10018768e+02, 2.88229889e+02,
    3.07117859e+02, 3.15796875e+02, 3.00593353e+02, 2.45442612e+02,
    2.97819611e+02, 2.72795624e+02, 2.95023163e+02, 3.00145752e+02,
    2.92245667e+02, 3.27560333e+02, 2.88228210e+02, 2.30257217e+02,
    2.85415955e+02, 2.57600189e+02, 2.82772064e+02, 2.84826721e+02,
    2.80130646e+02, 3.12213348e+02, 2.73039917e+02, 2.42317932e+02,
    2.70521118e+02, 2.69619904e+02, 2.67890076e+02, 2.96818726e+02,
    2.65214966e+02, 3.23704041e+02, 2.60998688e+02, 2.27175735e+02,
    2.58240204e+02, 2.54429840e+02, 2.55646729e+02, 2.81601410e+02,
    2.53078873e+02, 3.08709778e+02, 2.46325562e+02, 2.39153809e+02,
    2.43578720e+02, 2.66252930e+02, 2.41128510e+02, 2.93430054e+02,
    2.38552887e+02, 3.20336578e+02, 2.34466537e+02, 2.24162567e+02,
    2.31689163e+02, 2.51298233e+02, 2.29147903e+02, 2.78217499e+02,
    2.26852661e+02, 3.05128204e+02, 2.19995972e+02, 2.36147171e+02,
    2.17392746e+02, 2.63100372e+02, 2.15007675e+02, 2.89970642e+02,
    2.12477020e+02, 3.16931488e+02, 2.08225113e+02, 2.21215347e+02,
    2.05609848e+02, 2.48079422e+02, 2.03240860e+02, 2.74893402e+02,
    2.00733231e+02, 3.01686432e+02, 1.93915543e+02, 2.33269135e+02,
    1.91434143e+02, 2.59921234e+02, 1.89006104e+02, 2.86745667e+02,
    1.86495026e+02, 3.13175781e+02, 1.82362366e+02, 2.18465820e+02,
    1.79716461e+02, 2.45117737e+02, 1.77451141e+02, 2.71724182e+02,
    1.74866791e+02, 2.98464661e+02 ]
CalibrationFramePatternWorld: [ 0., 0., 0., 0., 7.00000003e-02, 0., 0.,
    1.40000001e-01, 0., 0., 2.10000008e-01, 0., 3.50000001e-02,
    3.50000001e-02, 0., 3.50000001e-02, 1.05000004e-01, 0.,
    3.50000001e-02, 1.74999997e-01, 0., 3.50000001e-02, 2.45000005e-01,
    0., 7.00000003e-02, 0., 0., 7.00000003e-02, 7.00000003e-02, 0.,
    7.00000003e-02, 1.40000001e-01, 0., 7.00000003e-02, 2.10000008e-01,
    0., 1.05000004e-01, 3.50000001e-02, 0., 1.05000004e-01,
    1.05000004e-01, 0., 1.05000004e-01, 1.74999997e-01, 0.,
    1.05000004e-01, 2.45000005e-01, 0., 1.40000001e-01, 0., 0.,
    1.40000001e-01, 7.00000003e-02, 0., 1.40000001e-01, 1.40000001e-01,
    0., 1.40000001e-01, 2.10000008e-01, 0., 1.74999997e-01,
    3.50000001e-02, 0., 1.74999997e-01, 1.05000004e-01, 0.,
    1.74999997e-01, 1.74999997e-01, 0., 1.74999997e-01, 2.45000005e-01,
    0., 2.10000008e-01, 0., 0., 2.10000008e-01, 7.00000003e-02, 0.,
    2.10000008e-01, 1.40000001e-01, 0., 2.10000008e-01, 2.10000008e-01,
    0., 2.45000005e-01, 3.50000001e-02, 0., 2.45000005e-01,
    1.05000004e-01, 0., 2.45000005e-01, 1.74999997e-01, 0.,
    2.45000005e-01, 2.45000005e-01, 0., 2.80000001e-01, 0., 0.,
    2.80000001e-01, 7.00000003e-02, 0., 2.80000001e-01, 1.40000001e-01,
    0., 2.80000001e-01, 2.10000008e-01, 0., 3.14999998e-01,
    3.50000001e-02, 0., 3.14999998e-01, 1.05000004e-01, 0.,
    3.14999998e-01, 1.74999997e-01, 0., 3.14999998e-01, 2.45000005e-01,
    0., 3.49999994e-01, 0., 0., 3.49999994e-01, 7.00000003e-02, 0.,
    3.49999994e-01, 1.40000001e-01, 0., 3.49999994e-01, 2.10000008e-01,
    0. ]
CalibrationFrameExtRotation: !!opencv-matrix
   rows: 3
   cols: 1
   dt: d
   data: [ 1.7218575654650115e-01, -3.0204752938289987e+00,
       -1.3099499065098624e-01 ]
CalibrationFrameExtTranslation: !!opencv-matrix
   rows: 3
   cols: 1
   dt: d
   data: [ -9.6281292577837504e-02, -8.4521569079611086e-02,
       2.1589865903739596e+00 ]
CalibrationFrameRMSerror: 1.6276375949382782e-01
