%YAML:1.0
---
CalibrationFramePatternImage: [ 4.15087952e+02, 9.96758957e+01,
    3.99266296e+02, 1.31713348e+02, 3.83458740e+02, 1.63093231e+02,
    3.67976410e+02, 1.93895020e+02, 3.90250702e+02, 1.07191360e+02,
    3.75000793e+02, 1.38788467e+02, 3.59834839e+02, 1.69820740e+02,
    3.44798431e+02, 2.00039246e+02, 3.81267365e+02, 8.23293533e+01,
    3.65961792e+02, 1.14637352e+02, 3.51001892e+02, 1.46007828e+02,
    3.36336792e+02, 1.76609421e+02, 3.56789062e+02, 9.01609497e+01,
    3.41916382e+02, 1.22174438e+02, 3.27348419e+02, 1.53214905e+02,
    3.13141571e+02, 1.83300186e+02, 3.47667023e+02, 6.53268738e+01,
    3.32689423e+02, 9.79179153e+01, 3.18292053e+02, 1.29658112e+02,
    3.04291046e+02, 1.60389954e+02, 3.23815826e+02, 7.33026123e+01,
    3.09256989e+02, 1.05482422e+02, 2.95363342e+02, 1.36856461e+02,
    2.81737244e+02, 1.67255386e+02, 3.14628723e+02, 4.88601341e+01,
    3.00187744e+02, 8.14308395e+01, 2.86430054e+02, 1.13072006e+02,
    2.72927124e+02, 1.44117416e+02, 2.91136932e+02, 5.71005669e+01,
    2.77375275e+02, 8.91097717e+01, 2.63922577e+02, 1.20567627e+02,
    2.50634689e+02, 1.51387421e+02, 2.81839813e+02, 3.30002823e+01,
    2.68113068e+02, 6.54224625e+01, 2.54847321e+02, 9.71246338e+01,
    2.41704926e+02, 1.28212952e+02, 2.58765350e+02, 4.16476364e+01,
    2.45644501e+02, 7.35451508e+01, 2.32663589e+02, 1.05152061e+02,
    2.19941650e+02, 1.35849243e+02, 2.49576645e+02, 1.78233471e+01,
    2.36216370e+02, 5.01672058e+01, 2.23550201e+02, 8.18726501e+01,
    2.10817841e+02, 1.13104279e+02 ]
CalibrationFramePatternWorld: [ 0., 0., 0., 0., 7.00000003e-02, 0., 0.,
    1.40000001e-01, 0., 0., 2.10000008e-01, 0., 3.50000001e-02,
    3.50000001e-02, 0., 3.50000001e-02, 1.05000004e-01, 0.,
    3.50000001e-02, 1.74999997e-01, 0., 3.50000001e-02, 2.45000005e-01,
    0., 7.00000003e-02, 0., 0., 7.00000003e-02, 7.00000003e-02, 0.,
    7.00000003e-02, 1.40000001e-01, 0., 7.00000003e-02, 2.10000008e-01,
    0., 1.05000004e-01, 3.50000001e-02, 0., 1.05000004e-01,
    1.05000004e-01, 0., 1.05000004e-01, 1.74999997e-01, 0.,
    1.05000004e-01, 2.45000005e-01, 0., 1.40000001e-01, 0., 0.,
    1.40000001e-01, 7.00000003e-02, 0., 1.40000001e-01, 1.40000001e-01,
    0., 1.40000001e-01, 2.10000008e-01, 0., 1.74999997e-01,
    3.50000001e-02, 0., 1.74999997e-01, 1.05000004e-01, 0.,
    1.74999997e-01, 1.74999997e-01, 0., 1.74999997e-01, 2.45000005e-01,
    0., 2.10000008e-01, 0., 0., 2.10000008e-01, 7.00000003e-02, 0.,
    2.10000008e-01, 1.40000001e-01, 0., 2.10000008e-01, 2.10000008e-01,
    0., 2.45000005e-01, 3.50000001e-02, 0., 2.45000005e-01,
    1.05000004e-01, 0., 2.45000005e-01, 1.74999997e-01, 0.,
    2.45000005e-01, 2.45000005e-01, 0., 2.80000001e-01, 0., 0.,
    2.80000001e-01, 7.00000003e-02, 0., 2.80000001e-01, 1.40000001e-01,
    0., 2.80000001e-01, 2.10000008e-01, 0., 3.14999998e-01,
    3.50000001e-02, 0., 3.14999998e-01, 1.05000004e-01, 0.,
    3.14999998e-01, 1.74999997e-01, 0., 3.14999998e-01, 2.45000005e-01,
    0., 3.49999994e-01, 0., 0., 3.49999994e-01, 7.00000003e-02, 0.,
    3.49999994e-01, 1.40000001e-01, 0., 3.49999994e-01, 2.10000008e-01,
    0. ]
CalibrationFrameExtRotation: !!opencv-matrix
   rows: 3
   cols: 1
   dt: d
   data: [ 6.9284100751987776e-01, -2.8340805888261515e+00,
       -6.5002903034981463e-01 ]
CalibrationFrameExtTranslation: !!opencv-matrix
   rows: 3
   cols: 1
   dt: d
   data: [ 1.1160666286828426e-01, -3.0920385114532217e-01,
       1.5636486953075863e+00 ]
CalibrationFrameRMSerror: 2.2097727656364441e-01
