%YAML:1.0
---
CalibrationFramePatternImage: [ 5.06962402e+02, 9.31523666e+01,
    5.09655792e+02, 1.14396927e+02, 5.12414185e+02, 1.35924530e+02,
    5.15297852e+02, 1.57816605e+02, 4.97613098e+02, 1.04290291e+02,
    5.00136078e+02, 1.25902222e+02, 5.02856323e+02, 1.47582794e+02,
    5.05502258e+02, 1.69771774e+02, 4.85319092e+02, 9.42609711e+01,
    4.88050568e+02, 1.15662697e+02, 4.90654602e+02, 1.37258118e+02,
    4.93130371e+02, 1.59407135e+02, 4.75887115e+02, 1.05651909e+02,
    4.78472076e+02, 1.27066475e+02, 4.80971283e+02, 1.48998703e+02,
    4.83548340e+02, 1.71236450e+02, 4.63555481e+02, 9.56813278e+01,
    4.66196075e+02, 1.16917770e+02, 4.68812897e+02, 1.38664154e+02,
    4.71200165e+02, 1.60869949e+02, 4.53839569e+02, 1.07010849e+02,
    4.56417450e+02, 1.28482132e+02, 4.59062164e+02, 1.50645584e+02,
    4.61339508e+02, 1.72890106e+02, 4.41528625e+02, 9.71919327e+01,
    4.44074921e+02, 1.18471878e+02, 4.46445404e+02, 1.40318024e+02,
    4.48887756e+02, 1.62410446e+02, 4.31719147e+02, 1.08513542e+02,
    4.34122314e+02, 1.30078903e+02, 4.36550232e+02, 1.52192398e+02,
    4.38882782e+02, 1.74589951e+02, 4.19279266e+02, 9.87064972e+01,
    4.21774841e+02, 1.20101166e+02, 4.24100739e+02, 1.41916595e+02,
    4.26310242e+02, 1.64141449e+02, 4.09431396e+02, 1.10157295e+02,
    4.11694733e+02, 1.31784286e+02, 4.14002502e+02, 1.53979309e+02,
    4.16182953e+02, 1.76161438e+02, 3.96975189e+02, 1.00453049e+02,
    3.99428528e+02, 1.21804558e+02, 4.01676270e+02, 1.43728912e+02,
    4.03789246e+02, 1.65827972e+02 ]
CalibrationFramePatternWorld: [ 0., 0., 0., 0., 7.00000003e-02, 0., 0.,
    1.40000001e-01, 0., 0., 2.10000008e-01, 0., 3.50000001e-02,
    3.50000001e-02, 0., 3.50000001e-02, 1.05000004e-01, 0.,
    3.50000001e-02, 1.74999997e-01, 0., 3.50000001e-02, 2.45000005e-01,
    0., 7.00000003e-02, 0., 0., 7.00000003e-02, 7.00000003e-02, 0.,
    7.00000003e-02, 1.40000001e-01, 0., 7.00000003e-02, 2.10000008e-01,
    0., 1.05000004e-01, 3.50000001e-02, 0., 1.05000004e-01,
    1.05000004e-01, 0., 1.05000004e-01, 1.74999997e-01, 0.,
    1.05000004e-01, 2.45000005e-01, 0., 1.40000001e-01, 0., 0.,
    1.40000001e-01, 7.00000003e-02, 0., 1.40000001e-01, 1.40000001e-01,
    0., 1.40000001e-01, 2.10000008e-01, 0., 1.74999997e-01,
    3.50000001e-02, 0., 1.74999997e-01, 1.05000004e-01, 0.,
    1.74999997e-01, 1.74999997e-01, 0., 1.74999997e-01, 2.45000005e-01,
    0., 2.10000008e-01, 0., 0., 2.10000008e-01, 7.00000003e-02, 0.,
    2.10000008e-01, 1.40000001e-01, 0., 2.10000008e-01, 2.10000008e-01,
    0., 2.45000005e-01, 3.50000001e-02, 0., 2.45000005e-01,
    1.05000004e-01, 0., 2.45000005e-01, 1.74999997e-01, 0.,
    2.45000005e-01, 2.45000005e-01, 0., 2.80000001e-01, 0., 0.,
    2.80000001e-01, 7.00000003e-02, 0., 2.80000001e-01, 1.40000001e-01,
    0., 2.80000001e-01, 2.10000008e-01, 0., 3.14999998e-01,
    3.50000001e-02, 0., 3.14999998e-01, 1.05000004e-01, 0.,
    3.14999998e-01, 1.74999997e-01, 0., 3.14999998e-01, 2.45000005e-01,
    0., 3.49999994e-01, 0., 0., 3.49999994e-01, 7.00000003e-02, 0.,
    3.49999994e-01, 1.40000001e-01, 0., 3.49999994e-01, 2.10000008e-01,
    0. ]
CalibrationFrameExtRotation: !!opencv-matrix
   rows: 3
   cols: 1
   dt: d
   data: [ 1.3950933956571837e-01, 3.1153320032898306e+00,
       -8.1124108907362005e-02 ]
CalibrationFrameExtTranslation: !!opencv-matrix
   rows: 3
   cols: 1
   dt: d
   data: [ 4.8046297993342696e-01, -5.5024550554601959e-01,
       2.6474444062870552e+00 ]
CalibrationFrameRMSerror: 1.4463864266872406e-01
