%YAML:1.0
---
CalibrationFramePatternImage: [ 2.74800385e+02, 8.45330048e+01,
    2.70439880e+02, 1.10765732e+02, 2.66285034e+02, 1.37302261e+02,
    2.62288147e+02, 1.63962997e+02, 2.59271210e+02, 9.57100830e+01,
    2.54870193e+02, 1.22098991e+02, 2.50952209e+02, 1.48645065e+02,
    2.47063034e+02, 1.75358566e+02, 2.48016907e+02, 8.04293365e+01,
    2.43616455e+02, 1.07158241e+02, 2.39505508e+02, 1.33568481e+02,
    2.35605194e+02, 1.60238739e+02, 2.32370071e+02, 9.18808136e+01,
    2.28239792e+02, 1.18416283e+02, 2.24227844e+02, 1.44942200e+02,
    2.20368561e+02, 1.71559036e+02, 2.21132690e+02, 7.67434158e+01,
    2.16873093e+02, 1.03272858e+02, 2.12846573e+02, 1.29878876e+02,
    2.09013245e+02, 1.56587402e+02, 2.05707352e+02, 8.80912628e+01,
    2.01424576e+02, 1.14743172e+02, 1.97659973e+02, 1.41443527e+02,
    1.93921844e+02, 1.67926193e+02, 1.94640167e+02, 7.29727173e+01,
    1.90222366e+02, 9.96591873e+01, 1.86217606e+02, 1.26331009e+02,
    1.82606918e+02, 1.52901810e+02, 1.79165833e+02, 8.44718246e+01,
    1.75049408e+02, 1.11120796e+02, 1.71184021e+02, 1.37728699e+02,
    1.67545303e+02, 1.64634125e+02, 1.67939270e+02, 6.94457779e+01,
    1.63810760e+02, 9.60843277e+01, 1.60031372e+02, 1.22659004e+02,
    1.56223404e+02, 1.49382858e+02, 1.52761688e+02, 8.09818954e+01,
    1.48761169e+02, 1.07619781e+02, 1.44904556e+02, 1.34405472e+02,
    1.41324707e+02, 1.61101425e+02, 1.41666016e+02, 6.59298096e+01,
    1.37619919e+02, 9.26121521e+01, 1.33750092e+02, 1.19336815e+02,
    1.30006714e+02, 1.46080246e+02 ]
CalibrationFramePatternWorld: [ 0., 0., 0., 0., 7.00000003e-02, 0., 0.,
    1.40000001e-01, 0., 0., 2.10000008e-01, 0., 3.50000001e-02,
    3.50000001e-02, 0., 3.50000001e-02, 1.05000004e-01, 0.,
    3.50000001e-02, 1.74999997e-01, 0., 3.50000001e-02, 2.45000005e-01,
    0., 7.00000003e-02, 0., 0., 7.00000003e-02, 7.00000003e-02, 0.,
    7.00000003e-02, 1.40000001e-01, 0., 7.00000003e-02, 2.10000008e-01,
    0., 1.05000004e-01, 3.50000001e-02, 0., 1.05000004e-01,
    1.05000004e-01, 0., 1.05000004e-01, 1.74999997e-01, 0.,
    1.05000004e-01, 2.45000005e-01, 0., 1.40000001e-01, 0., 0.,
    1.40000001e-01, 7.00000003e-02, 0., 1.40000001e-01, 1.40000001e-01,
    0., 1.40000001e-01, 2.10000008e-01, 0., 1.74999997e-01,
    3.50000001e-02, 0., 1.74999997e-01, 1.05000004e-01, 0.,
    1.74999997e-01, 1.74999997e-01, 0., 1.74999997e-01, 2.45000005e-01,
    0., 2.10000008e-01, 0., 0., 2.10000008e-01, 7.00000003e-02, 0.,
    2.10000008e-01, 1.40000001e-01, 0., 2.10000008e-01, 2.10000008e-01,
    0., 2.45000005e-01, 3.50000001e-02, 0., 2.45000005e-01,
    1.05000004e-01, 0., 2.45000005e-01, 1.74999997e-01, 0.,
    2.45000005e-01, 2.45000005e-01, 0., 2.80000001e-01, 0., 0.,
    2.80000001e-01, 7.00000003e-02, 0., 2.80000001e-01, 1.40000001e-01,
    0., 2.80000001e-01, 2.10000008e-01, 0., 3.14999998e-01,
    3.50000001e-02, 0., 3.14999998e-01, 1.05000004e-01, 0.,
    3.14999998e-01, 1.74999997e-01, 0., 3.14999998e-01, 2.45000005e-01,
    0., 3.49999994e-01, 0., 0., 3.49999994e-01, 7.00000003e-02, 0.,
    3.49999994e-01, 1.40000001e-01, 0., 3.49999994e-01, 2.10000008e-01,
    0. ]
CalibrationFrameExtRotation: !!opencv-matrix
   rows: 3
   cols: 1
   dt: d
   data: [ 2.4301806366686260e-01, -3.1924192267902085e+00,
       -2.6137047872076991e-01 ]
CalibrationFrameExtTranslation: !!opencv-matrix
   rows: 3
   cols: 1
   dt: d
   data: [ -2.0338742443698030e-01, -4.7111724771825630e-01,
       2.1787583008322828e+00 ]
CalibrationFrameRMSerror: 2.2355137765407562e-01
