%YAML:1.0
---
CalibrationFramePatternImage: [ 5.33303345e+02, 6.50007782e+01,
    5.37563904e+02, 8.47987213e+01, 5.41967102e+02, 1.04747452e+02,
    5.46393921e+02, 1.25128670e+02, 5.25263672e+02, 7.57464600e+01,
    5.29204285e+02, 9.57710953e+01, 5.33497498e+02, 1.16079643e+02,
    5.38045959e+02, 1.36872818e+02, 5.12773315e+02, 6.66749878e+01,
    5.17080505e+02, 8.67119904e+01, 5.21115906e+02, 1.06896347e+02,
    5.25233276e+02, 1.27577553e+02, 5.04423767e+02, 7.75283966e+01,
    5.08763000e+02, 9.76057434e+01, 5.12613525e+02, 1.18103203e+02,
    5.16622192e+02, 1.39100098e+02, 4.91874847e+02, 6.88120804e+01,
    4.96082001e+02, 8.85973587e+01, 5.00164185e+02, 1.08818924e+02,
    5.04001251e+02, 1.29708023e+02, 4.83394592e+02, 7.97647781e+01,
    4.87403809e+02, 9.97463303e+01, 4.91544586e+02, 1.20333588e+02,
    4.95352112e+02, 1.41345215e+02, 4.70861237e+02, 7.10871964e+01,
    4.74798462e+02, 9.08343430e+01, 4.78640533e+02, 1.11152588e+02,
    4.82537384e+02, 1.31962845e+02, 4.62127136e+02, 8.20020905e+01,
    4.65989502e+02, 1.02152229e+02, 4.69817078e+02, 1.22763138e+02,
    4.73713196e+02, 1.43884979e+02, 4.49419922e+02, 7.32911148e+01,
    4.53384979e+02, 9.32170792e+01, 4.57042175e+02, 1.13510002e+02,
    4.60745270e+02, 1.34508591e+02, 4.40663239e+02, 8.43367538e+01,
    4.44492218e+02, 1.04519119e+02, 4.48013672e+02, 1.25327217e+02,
    4.51726471e+02, 1.46180038e+02, 4.28104187e+02, 7.56599579e+01,
    4.31766632e+02, 9.55783386e+01, 4.35356110e+02, 1.16161163e+02,
    4.38934265e+02, 1.36822601e+02 ]
CalibrationFramePatternWorld: [ 0., 0., 0., 0., 7.00000003e-02, 0., 0.,
    1.40000001e-01, 0., 0., 2.10000008e-01, 0., 3.50000001e-02,
    3.50000001e-02, 0., 3.50000001e-02, 1.05000004e-01, 0.,
    3.50000001e-02, 1.74999997e-01, 0., 3.50000001e-02, 2.45000005e-01,
    0., 7.00000003e-02, 0., 0., 7.00000003e-02, 7.00000003e-02, 0.,
    7.00000003e-02, 1.40000001e-01, 0., 7.00000003e-02, 2.10000008e-01,
    0., 1.05000004e-01, 3.50000001e-02, 0., 1.05000004e-01,
    1.05000004e-01, 0., 1.05000004e-01, 1.74999997e-01, 0.,
    1.05000004e-01, 2.45000005e-01, 0., 1.40000001e-01, 0., 0.,
    1.40000001e-01, 7.00000003e-02, 0., 1.40000001e-01, 1.40000001e-01,
    0., 1.40000001e-01, 2.10000008e-01, 0., 1.74999997e-01,
    3.50000001e-02, 0., 1.74999997e-01, 1.05000004e-01, 0.,
    1.74999997e-01, 1.74999997e-01, 0., 1.74999997e-01, 2.45000005e-01,
    0., 2.10000008e-01, 0., 0., 2.10000008e-01, 7.00000003e-02, 0.,
    2.10000008e-01, 1.40000001e-01, 0., 2.10000008e-01, 2.10000008e-01,
    0., 2.45000005e-01, 3.50000001e-02, 0., 2.45000005e-01,
    1.05000004e-01, 0., 2.45000005e-01, 1.74999997e-01, 0.,
    2.45000005e-01, 2.45000005e-01, 0., 2.80000001e-01, 0., 0.,
    2.80000001e-01, 7.00000003e-02, 0., 2.80000001e-01, 1.40000001e-01,
    0., 2.80000001e-01, 2.10000008e-01, 0., 3.14999998e-01,
    3.50000001e-02, 0., 3.14999998e-01, 1.05000004e-01, 0.,
    3.14999998e-01, 1.74999997e-01, 0., 3.14999998e-01, 2.45000005e-01,
    0., 3.49999994e-01, 0., 0., 3.49999994e-01, 7.00000003e-02, 0.,
    3.49999994e-01, 1.40000001e-01, 0., 3.49999994e-01, 2.10000008e-01,
    0. ]
CalibrationFrameExtRotation: !!opencv-matrix
   rows: 3
   cols: 1
   dt: d
   data: [ 2.1228655405051841e-01, 3.1088864577077149e+00,
       -2.3942396342267797e-01 ]
CalibrationFrameExtTranslation: !!opencv-matrix
   rows: 3
   cols: 1
   dt: d
   data: [ 5.8084775959795121e-01, -6.5867449964209179e-01,
       2.6988267241406776e+00 ]
CalibrationFrameRMSerror: 1.6004623472690582e-01
