%YAML:1.0
---
CalibrationFramePatternImage: [ 3.58057861e+02, 3.20447205e+02,
    3.54183380e+02, 3.41882263e+02, 3.49686523e+02, 3.63567535e+02,
    3.45550568e+02, 3.84953827e+02, 3.45064697e+02, 3.28501312e+02,
    3.41123383e+02, 3.49803894e+02, 3.37006378e+02, 3.70875000e+02,
    3.32884674e+02, 3.91986176e+02, 3.35953400e+02, 3.14610260e+02,
    3.32025146e+02, 3.36491791e+02, 3.28304718e+02, 3.57482391e+02,
    3.24374847e+02, 3.78354858e+02, 3.22985138e+02, 3.22848358e+02,
    3.19515717e+02, 3.44074982e+02, 3.15666351e+02, 3.65035370e+02,
    3.11962036e+02, 3.85749634e+02, 3.14199951e+02, 3.09012238e+02,
    3.10579010e+02, 3.30697449e+02, 3.06705902e+02, 3.51923584e+02,
    3.03245514e+02, 3.72453461e+02, 3.01856354e+02, 3.16903595e+02,
    2.98101471e+02, 3.38227661e+02, 2.94768585e+02, 3.59288910e+02,
    2.91204987e+02, 3.79723633e+02, 2.93129944e+02, 3.03399750e+02,
    2.89382080e+02, 3.24921570e+02, 2.86099274e+02, 3.45803680e+02,
    2.82894867e+02, 3.66370209e+02, 2.80729675e+02, 3.11509827e+02,
    2.77503876e+02, 3.32459869e+02, 2.74277161e+02, 3.53157135e+02,
    2.70826050e+02, 3.73840973e+02, 2.72105743e+02, 2.97827271e+02,
    2.68708252e+02, 3.19261780e+02, 2.65755859e+02, 3.39904541e+02,
    2.62572601e+02, 3.60392426e+02, 2.60007538e+02, 3.05911102e+02,
    2.57236572e+02, 3.26674561e+02, 2.54256897e+02, 3.47258423e+02,
    2.50763168e+02, 3.67555298e+02, 2.51742554e+02, 2.92364807e+02,
    2.48432800e+02, 3.13728363e+02, 2.45726318e+02, 3.34330383e+02,
    2.42489563e+02, 3.54773590e+02 ]
CalibrationFramePatternWorld: [ 0., 0., 0., 0., 7.00000003e-02, 0., 0.,
    1.40000001e-01, 0., 0., 2.10000008e-01, 0., 3.50000001e-02,
    3.50000001e-02, 0., 3.50000001e-02, 1.05000004e-01, 0.,
    3.50000001e-02, 1.74999997e-01, 0., 3.50000001e-02, 2.45000005e-01,
    0., 7.00000003e-02, 0., 0., 7.00000003e-02, 7.00000003e-02, 0.,
    7.00000003e-02, 1.40000001e-01, 0., 7.00000003e-02, 2.10000008e-01,
    0., 1.05000004e-01, 3.50000001e-02, 0., 1.05000004e-01,
    1.05000004e-01, 0., 1.05000004e-01, 1.74999997e-01, 0.,
    1.05000004e-01, 2.45000005e-01, 0., 1.40000001e-01, 0., 0.,
    1.40000001e-01, 7.00000003e-02, 0., 1.40000001e-01, 1.40000001e-01,
    0., 1.40000001e-01, 2.10000008e-01, 0., 1.74999997e-01,
    3.50000001e-02, 0., 1.74999997e-01, 1.05000004e-01, 0.,
    1.74999997e-01, 1.74999997e-01, 0., 1.74999997e-01, 2.45000005e-01,
    0., 2.10000008e-01, 0., 0., 2.10000008e-01, 7.00000003e-02, 0.,
    2.10000008e-01, 1.40000001e-01, 0., 2.10000008e-01, 2.10000008e-01,
    0., 2.45000005e-01, 3.50000001e-02, 0., 2.45000005e-01,
    1.05000004e-01, 0., 2.45000005e-01, 1.74999997e-01, 0.,
    2.45000005e-01, 2.45000005e-01, 0., 2.80000001e-01, 0., 0.,
    2.80000001e-01, 7.00000003e-02, 0., 2.80000001e-01, 1.40000001e-01,
    0., 2.80000001e-01, 2.10000008e-01, 0., 3.14999998e-01,
    3.50000001e-02, 0., 3.14999998e-01, 1.05000004e-01, 0.,
    3.14999998e-01, 1.74999997e-01, 0., 3.14999998e-01, 2.45000005e-01,
    0., 3.49999994e-01, 0., 0., 3.49999994e-01, 7.00000003e-02, 0.,
    3.49999994e-01, 1.40000001e-01, 0., 3.49999994e-01, 2.10000008e-01,
    0. ]
CalibrationFrameExtRotation: !!opencv-matrix
   rows: 3
   cols: 1
   dt: d
   data: [ 3.0026231904942213e-01, -2.8227422988168502e+00,
       -3.0023813429092983e-01 ]
CalibrationFrameExtTranslation: !!opencv-matrix
   rows: 3
   cols: 1
   dt: d
   data: [ 1.0064985946304414e-02, 1.6109455835466238e-01,
       2.5841080455000061e+00 ]
CalibrationFrameRMSerror: 2.3275692760944366e-01
