%YAML:1.0
---
CalibrationFramePatternImage: [ 5.48906799e+02, 1.25805107e+02,
    5.44033325e+02, 1.48703537e+02, 5.39718506e+02, 1.72290405e+02,
    5.35567566e+02, 1.96101593e+02, 5.35059387e+02, 1.34181503e+02,
    5.30086792e+02, 1.57488937e+02, 5.25798035e+02, 1.81142700e+02,
    5.21509033e+02, 2.05480637e+02, 5.25705994e+02, 1.19418938e+02,
    5.21090759e+02, 1.43108582e+02, 5.16449036e+02, 1.66518799e+02,
    5.11779785e+02, 1.90587723e+02, 5.11677643e+02, 1.28153275e+02,
    5.07113342e+02, 1.51607941e+02, 5.02457825e+02, 1.75592987e+02,
    4.97778534e+02, 1.99800598e+02, 5.02185669e+02, 1.13426109e+02,
    4.97615265e+02, 1.37024490e+02, 4.92939667e+02, 1.60763000e+02,
    4.88292267e+02, 1.84925293e+02, 4.88017487e+02, 1.22127136e+02,
    4.83338898e+02, 1.45955109e+02, 4.78754089e+02, 1.70202744e+02,
    4.73966827e+02, 1.94437332e+02, 4.78526520e+02, 1.07508018e+02,
    4.73603882e+02, 1.31109879e+02, 4.68880737e+02, 1.55013199e+02,
    4.64453613e+02, 1.79366409e+02, 4.64089508e+02, 1.16344879e+02,
    4.59302551e+02, 1.40274658e+02, 4.54592621e+02, 1.64372742e+02,
    4.49969025e+02, 1.89188766e+02, 4.54492859e+02, 1.01383171e+02,
    4.49536469e+02, 1.25295197e+02, 4.44972778e+02, 1.49259232e+02,
    4.40106262e+02, 1.73854538e+02, 4.40047974e+02, 1.10233582e+02,
    4.35249664e+02, 1.34277618e+02, 4.30295990e+02, 1.58744034e+02,
    4.25663544e+02, 1.83272461e+02, 4.30427521e+02, 9.53627853e+01,
    4.25551758e+02, 1.19242210e+02, 4.20524689e+02, 1.43582108e+02,
    4.15797455e+02, 1.68153152e+02 ]
CalibrationFramePatternWorld: [ 0., 0., 0., 0., 7.00000003e-02, 0., 0.,
    1.40000001e-01, 0., 0., 2.10000008e-01, 0., 3.50000001e-02,
    3.50000001e-02, 0., 3.50000001e-02, 1.05000004e-01, 0.,
    3.50000001e-02, 1.74999997e-01, 0., 3.50000001e-02, 2.45000005e-01,
    0., 7.00000003e-02, 0., 0., 7.00000003e-02, 7.00000003e-02, 0.,
    7.00000003e-02, 1.40000001e-01, 0., 7.00000003e-02, 2.10000008e-01,
    0., 1.05000004e-01, 3.50000001e-02, 0., 1.05000004e-01,
    1.05000004e-01, 0., 1.05000004e-01, 1.74999997e-01, 0.,
    1.05000004e-01, 2.45000005e-01, 0., 1.40000001e-01, 0., 0.,
    1.40000001e-01, 7.00000003e-02, 0., 1.40000001e-01, 1.40000001e-01,
    0., 1.40000001e-01, 2.10000008e-01, 0., 1.74999997e-01,
    3.50000001e-02, 0., 1.74999997e-01, 1.05000004e-01, 0.,
    1.74999997e-01, 1.74999997e-01, 0., 1.74999997e-01, 2.45000005e-01,
    0., 2.10000008e-01, 0., 0., 2.10000008e-01, 7.00000003e-02, 0.,
    2.10000008e-01, 1.40000001e-01, 0., 2.10000008e-01, 2.10000008e-01,
    0., 2.45000005e-01, 3.50000001e-02, 0., 2.45000005e-01,
    1.05000004e-01, 0., 2.45000005e-01, 1.74999997e-01, 0.,
    2.45000005e-01, 2.45000005e-01, 0., 2.80000001e-01, 0., 0.,
    2.80000001e-01, 7.00000003e-02, 0., 2.80000001e-01, 1.40000001e-01,
    0., 2.80000001e-01, 2.10000008e-01, 0., 3.14999998e-01,
    3.50000001e-02, 0., 3.14999998e-01, 1.05000004e-01, 0.,
    3.14999998e-01, 1.74999997e-01, 0., 3.14999998e-01, 2.45000005e-01,
    0., 3.49999994e-01, 0., 0., 3.49999994e-01, 7.00000003e-02, 0.,
    3.49999994e-01, 1.40000001e-01, 0., 3.49999994e-01, 2.10000008e-01,
    0. ]
CalibrationFrameExtRotation: !!opencv-matrix
   rows: 3
   cols: 1
   dt: d
   data: [ -3.1915588897876518e-01, 3.0401248952117359e+00,
       -9.6185608306955522e-04 ]
CalibrationFrameExtTranslation: !!opencv-matrix
   rows: 3
   cols: 1
   dt: d
   data: [ 5.5184169159665064e-01, -4.0525641469221119e-01,
       2.3868116224664790e+00 ]
CalibrationFrameRMSerror: 2.5070196390151978e-01
