%YAML:1.0
---
CalibrationFramePatternImage: [ 5.14480713e+02, 2.20773453e+02,
    5.10398132e+02, 2.57676636e+02, 5.05875305e+02, 2.95731293e+02,
    5.00410675e+02, 3.35315765e+02, 4.93604797e+02, 2.36503769e+02,
    4.88778015e+02, 2.74187378e+02, 4.83766479e+02, 3.12674225e+02,
    4.78748810e+02, 3.51943878e+02, 4.76537567e+02, 2.15857422e+02,
    4.72169708e+02, 2.52781372e+02, 4.67024445e+02, 2.90727081e+02,
    4.61283569e+02, 3.29703156e+02, 4.55262146e+02, 2.31684906e+02,
    4.50441406e+02, 2.68872772e+02, 4.44638672e+02, 3.07414215e+02,
    4.38584320e+02, 3.46577972e+02, 4.38489685e+02, 2.11717773e+02,
    4.33613495e+02, 2.47749863e+02, 4.28117676e+02, 2.85349670e+02,
    4.22212799e+02, 3.24109589e+02, 4.17115906e+02, 2.27465836e+02,
    4.11632019e+02, 2.63968018e+02, 4.05740601e+02, 3.02204163e+02,
    3.99214996e+02, 3.40849060e+02, 4.00697205e+02, 2.07718292e+02,
    3.95061829e+02, 2.43450287e+02, 3.89327942e+02, 2.80590546e+02,
    3.83029419e+02, 3.18621704e+02, 3.79228485e+02, 2.23481201e+02,
    3.73273346e+02, 2.59495941e+02, 3.66821014e+02, 2.96925659e+02,
    3.59966675e+02, 3.35374207e+02, 3.62985474e+02, 2.03447296e+02,
    3.57175781e+02, 2.39005386e+02, 3.50915558e+02, 2.75556580e+02,
    3.44029419e+02, 3.13319153e+02, 3.41368439e+02, 2.18891052e+02,
    3.35150269e+02, 2.54583084e+02, 3.28195038e+02, 2.91720184e+02,
    3.21039490e+02, 3.29304901e+02, 3.25841858e+02, 1.99344162e+02,
    3.19528198e+02, 2.34135605e+02, 3.12858276e+02, 2.70453857e+02,
    3.05453705e+02, 3.07501312e+02 ]
CalibrationFramePatternWorld: [ 0., 0., 0., 0., 7.00000003e-02, 0., 0.,
    1.40000001e-01, 0., 0., 2.10000008e-01, 0., 3.50000001e-02,
    3.50000001e-02, 0., 3.50000001e-02, 1.05000004e-01, 0.,
    3.50000001e-02, 1.74999997e-01, 0., 3.50000001e-02, 2.45000005e-01,
    0., 7.00000003e-02, 0., 0., 7.00000003e-02, 7.00000003e-02, 0.,
    7.00000003e-02, 1.40000001e-01, 0., 7.00000003e-02, 2.10000008e-01,
    0., 1.05000004e-01, 3.50000001e-02, 0., 1.05000004e-01,
    1.05000004e-01, 0., 1.05000004e-01, 1.74999997e-01, 0.,
    1.05000004e-01, 2.45000005e-01, 0., 1.40000001e-01, 0., 0.,
    1.40000001e-01, 7.00000003e-02, 0., 1.40000001e-01, 1.40000001e-01,
    0., 1.40000001e-01, 2.10000008e-01, 0., 1.74999997e-01,
    3.50000001e-02, 0., 1.74999997e-01, 1.05000004e-01, 0.,
    1.74999997e-01, 1.74999997e-01, 0., 1.74999997e-01, 2.45000005e-01,
    0., 2.10000008e-01, 0., 0., 2.10000008e-01, 7.00000003e-02, 0.,
    2.10000008e-01, 1.40000001e-01, 0., 2.10000008e-01, 2.10000008e-01,
    0., 2.45000005e-01, 3.50000001e-02, 0., 2.45000005e-01,
    1.05000004e-01, 0., 2.45000005e-01, 1.74999997e-01, 0.,
    2.45000005e-01, 2.45000005e-01, 0., 2.80000001e-01, 0., 0.,
    2.80000001e-01, 7.00000003e-02, 0., 2.80000001e-01, 1.40000001e-01,
    0., 2.80000001e-01, 2.10000008e-01, 0., 3.14999998e-01,
    3.50000001e-02, 0., 3.14999998e-01, 1.05000004e-01, 0.,
    3.14999998e-01, 1.74999997e-01, 0., 3.14999998e-01, 2.45000005e-01,
    0., 3.49999994e-01, 0., 0., 3.49999994e-01, 7.00000003e-02, 0.,
    3.49999994e-01, 1.40000001e-01, 0., 3.49999994e-01, 2.10000008e-01,
    0. ]
CalibrationFrameExtRotation: !!opencv-matrix
   rows: 3
   cols: 1
   dt: d
   data: [ 2.1965326089624010e-01, -2.9519788277695009e+00,
       3.6979364026630701e-01 ]
CalibrationFrameExtTranslation: !!opencv-matrix
   rows: 3
   cols: 1
   dt: d
   data: [ 2.8960940218027242e-01, -8.3165939277643833e-02,
       1.5368094666357044e+00 ]
CalibrationFrameRMSerror: 4.7858604788780212e-01
