%YAML:1.0
---
CalibrationFramePatternImage: [ 3.90313171e+02, 1.83826874e+02,
    3.78106018e+02, 2.19453049e+02, 3.66070404e+02, 2.55299866e+02,
    3.54202454e+02, 2.90993591e+02, 3.65658020e+02, 1.95807266e+02,
    3.53506744e+02, 2.31660309e+02, 3.41683105e+02, 2.67338074e+02,
    3.29872589e+02, 3.03056793e+02, 3.53003204e+02, 1.72023651e+02,
    3.40890411e+02, 2.08220322e+02, 3.29001221e+02, 2.44025085e+02,
    3.17202850e+02, 2.79753326e+02, 3.28258240e+02, 1.84270508e+02,
    3.16295471e+02, 2.20457230e+02, 3.04414948e+02, 2.56449799e+02,
    2.92799469e+02, 2.92032837e+02, 3.15594696e+02, 1.60623596e+02,
    3.03428864e+02, 1.96569901e+02, 2.91647552e+02, 2.32902161e+02,
    2.80072113e+02, 2.68772339e+02, 2.90915527e+02, 1.72807892e+02,
    2.78918121e+02, 2.08997406e+02, 2.67247040e+02, 2.45396255e+02,
    2.55942017e+02, 2.81115692e+02, 2.78442963e+02, 1.49093704e+02,
    2.66180725e+02, 1.85245911e+02, 2.54447220e+02, 2.21494965e+02,
    2.43084488e+02, 2.57762909e+02, 2.53665024e+02, 1.61548599e+02,
    2.41790497e+02, 1.97660492e+02, 2.30284134e+02, 2.33986465e+02,
    2.18894318e+02, 2.70247162e+02, 2.41227249e+02, 1.37810623e+02,
    2.29132843e+02, 1.74052399e+02, 2.17500198e+02, 2.10226028e+02,
    2.06043777e+02, 2.46537079e+02, 2.16600510e+02, 1.50256668e+02,
    2.04822586e+02, 1.86396118e+02, 1.93398422e+02, 2.22906387e+02,
    1.82243958e+02, 2.59005493e+02, 2.04422394e+02, 1.26780212e+02,
    1.92259857e+02, 1.62859756e+02, 1.80674408e+02, 1.99143295e+02,
    1.69448212e+02, 2.35560989e+02 ]
CalibrationFramePatternWorld: [ 0., 0., 0., 0., 7.00000003e-02, 0., 0.,
    1.40000001e-01, 0., 0., 2.10000008e-01, 0., 3.50000001e-02,
    3.50000001e-02, 0., 3.50000001e-02, 1.05000004e-01, 0.,
    3.50000001e-02, 1.74999997e-01, 0., 3.50000001e-02, 2.45000005e-01,
    0., 7.00000003e-02, 0., 0., 7.00000003e-02, 7.00000003e-02, 0.,
    7.00000003e-02, 1.40000001e-01, 0., 7.00000003e-02, 2.10000008e-01,
    0., 1.05000004e-01, 3.50000001e-02, 0., 1.05000004e-01,
    1.05000004e-01, 0., 1.05000004e-01, 1.74999997e-01, 0.,
    1.05000004e-01, 2.45000005e-01, 0., 1.40000001e-01, 0., 0.,
    1.40000001e-01, 7.00000003e-02, 0., 1.40000001e-01, 1.40000001e-01,
    0., 1.40000001e-01, 2.10000008e-01, 0., 1.74999997e-01,
    3.50000001e-02, 0., 1.74999997e-01, 1.05000004e-01, 0.,
    1.74999997e-01, 1.74999997e-01, 0., 1.74999997e-01, 2.45000005e-01,
    0., 2.10000008e-01, 0., 0., 2.10000008e-01, 7.00000003e-02, 0.,
    2.10000008e-01, 1.40000001e-01, 0., 2.10000008e-01, 2.10000008e-01,
    0., 2.45000005e-01, 3.50000001e-02, 0., 2.45000005e-01,
    1.05000004e-01, 0., 2.45000005e-01, 1.74999997e-01, 0.,
    2.45000005e-01, 2.45000005e-01, 0., 2.80000001e-01, 0., 0.,
    2.80000001e-01, 7.00000003e-02, 0., 2.80000001e-01, 1.40000001e-01,
    0., 2.80000001e-01, 2.10000008e-01, 0., 3.14999998e-01,
    3.50000001e-02, 0., 3.14999998e-01, 1.05000004e-01, 0.,
    3.14999998e-01, 1.74999997e-01, 0., 3.14999998e-01, 2.45000005e-01,
    0., 3.49999994e-01, 0., 0., 3.49999994e-01, 7.00000003e-02, 0.,
    3.49999994e-01, 1.40000001e-01, 0., 3.49999994e-01, 2.10000008e-01,
    0. ]
CalibrationFrameExtRotation: !!opencv-matrix
   rows: 3
   cols: 1
   dt: d
   data: [ 5.0242206688854751e-01, -3.2005457581588330e+00,
       -3.4998136351776665e-01 ]
CalibrationFrameExtTranslation: !!opencv-matrix
   rows: 3
   cols: 1
   dt: d
   data: [ 6.3800025540059077e-02, -1.5096016076047403e-01,
       1.5553317462438052e+00 ]
CalibrationFrameRMSerror: 6.0456317663192749e-01
