%YAML:1.0
---
CalibrationFramePatternImage: [ 4.35331879e+02, 1.49988358e+02,
    4.43934631e+02, 1.85695496e+02, 4.53536346e+02, 2.21383682e+02,
    4.64009155e+02, 2.57666138e+02, 4.23839508e+02, 1.70433807e+02,
    4.32485168e+02, 2.06728333e+02, 4.42283264e+02, 2.43205017e+02,
    4.52850250e+02, 2.80053741e+02, 4.02935059e+02, 1.55014832e+02,
    4.12053986e+02, 1.91678894e+02, 4.21240845e+02, 2.28327026e+02,
    4.31235474e+02, 2.65510132e+02, 3.90788239e+02, 1.76112122e+02,
    4.00066406e+02, 2.13135193e+02, 4.09787262e+02, 2.50575211e+02,
    4.19933167e+02, 2.88242096e+02, 3.68915741e+02, 1.60822662e+02,
    3.78406708e+02, 1.97859985e+02, 3.87976868e+02, 2.35419220e+02,
    3.98143982e+02, 2.73348145e+02, 3.56095825e+02, 1.82460236e+02,
    3.65595520e+02, 2.20106323e+02, 3.75759735e+02, 2.58334015e+02,
    3.86133453e+02, 2.96751312e+02, 3.33609894e+02, 1.66821838e+02,
    3.42970520e+02, 2.04777466e+02, 3.52702759e+02, 2.43049866e+02,
    3.63262695e+02, 2.81734344e+02, 3.20095917e+02, 1.89139603e+02,
    3.29628082e+02, 2.27552536e+02, 3.39940857e+02, 2.66453369e+02,
    3.50866547e+02, 3.05626648e+02, 2.97120087e+02, 1.73136536e+02,
    3.06419037e+02, 2.11940125e+02, 3.16578522e+02, 2.50869141e+02,
    3.27146057e+02, 2.90296265e+02, 2.83167755e+02, 1.95830582e+02,
    2.92858673e+02, 2.35045425e+02, 3.03339417e+02, 2.74806152e+02,
    3.14258148e+02, 3.14493866e+02, 2.59719116e+02, 1.79682297e+02,
    2.69286621e+02, 2.18967224e+02, 2.79307434e+02, 2.58912018e+02,
    2.90251831e+02, 2.99055634e+02 ]
CalibrationFramePatternWorld: [ 0., 0., 0., 0., 7.00000003e-02, 0., 0.,
    1.40000001e-01, 0., 0., 2.10000008e-01, 0., 3.50000001e-02,
    3.50000001e-02, 0., 3.50000001e-02, 1.05000004e-01, 0.,
    3.50000001e-02, 1.74999997e-01, 0., 3.50000001e-02, 2.45000005e-01,
    0., 7.00000003e-02, 0., 0., 7.00000003e-02, 7.00000003e-02, 0.,
    7.00000003e-02, 1.40000001e-01, 0., 7.00000003e-02, 2.10000008e-01,
    0., 1.05000004e-01, 3.50000001e-02, 0., 1.05000004e-01,
    1.05000004e-01, 0., 1.05000004e-01, 1.74999997e-01, 0.,
    1.05000004e-01, 2.45000005e-01, 0., 1.40000001e-01, 0., 0.,
    1.40000001e-01, 7.00000003e-02, 0., 1.40000001e-01, 1.40000001e-01,
    0., 1.40000001e-01, 2.10000008e-01, 0., 1.74999997e-01,
    3.50000001e-02, 0., 1.74999997e-01, 1.05000004e-01, 0.,
    1.74999997e-01, 1.74999997e-01, 0., 1.74999997e-01, 2.45000005e-01,
    0., 2.10000008e-01, 0., 0., 2.10000008e-01, 7.00000003e-02, 0.,
    2.10000008e-01, 1.40000001e-01, 0., 2.10000008e-01, 2.10000008e-01,
    0., 2.45000005e-01, 3.50000001e-02, 0., 2.45000005e-01,
    1.05000004e-01, 0., 2.45000005e-01, 1.74999997e-01, 0.,
    2.45000005e-01, 2.45000005e-01, 0., 2.80000001e-01, 0., 0.,
    2.80000001e-01, 7.00000003e-02, 0., 2.80000001e-01, 1.40000001e-01,
    0., 2.80000001e-01, 2.10000008e-01, 0., 3.14999998e-01,
    3.50000001e-02, 0., 3.14999998e-01, 1.05000004e-01, 0.,
    3.14999998e-01, 1.74999997e-01, 0., 3.14999998e-01, 2.45000005e-01,
    0., 3.49999994e-01, 0., 0., 3.49999994e-01, 7.00000003e-02, 0.,
    3.49999994e-01, 1.40000001e-01, 0., 3.49999994e-01, 2.10000008e-01,
    0. ]
CalibrationFrameExtRotation: !!opencv-matrix
   rows: 3
   cols: 1
   dt: d
   data: [ 3.2433119750207856e-01, 2.7017178484530389e+00,
       -1.4565729216364212e-01 ]
CalibrationFrameExtTranslation: !!opencv-matrix
   rows: 3
   cols: 1
   dt: d
   data: [ 1.4968894995406273e-01, -2.2020990941747584e-01,
       1.6043191563198862e+00 ]
CalibrationFrameRMSerror: 4.3544751405715942e-01
