%YAML:1.0
---
CalibrationFramePatternImage: [ 2.25797302e+02, 1.99664474e+02,
    2.30118866e+02, 2.20797195e+02, 2.34378860e+02, 2.42535187e+02,
    2.38818283e+02, 2.64511627e+02, 2.17866486e+02, 2.13270432e+02,
    2.22366837e+02, 2.34681808e+02, 2.26778503e+02, 2.56369385e+02,
    2.31299713e+02, 2.78679230e+02, 2.05798676e+02, 2.05740463e+02,
    2.09996735e+02, 2.27122467e+02, 2.14495041e+02, 2.48418839e+02,
    2.18927979e+02, 2.70353577e+02, 1.98044846e+02, 2.19338150e+02,
    2.02314255e+02, 2.40424438e+02, 2.06560349e+02, 2.62200958e+02,
    2.11080780e+02, 2.84325165e+02, 1.86470413e+02, 2.12035645e+02,
    1.90389740e+02, 2.32928909e+02, 1.94564438e+02, 2.54260178e+02,
    1.98796646e+02, 2.75973572e+02, 1.79010117e+02, 2.25479568e+02,
    1.82825668e+02, 2.46403946e+02, 1.87058014e+02, 2.67821991e+02,
    1.91327454e+02, 2.89628845e+02, 1.67629303e+02, 2.18073898e+02,
    1.71491516e+02, 2.38806946e+02, 1.75332077e+02, 2.60128784e+02,
    1.79646454e+02, 2.81403046e+02, 1.60361633e+02, 2.31392517e+02,
    1.64205154e+02, 2.52286758e+02, 1.68127411e+02, 2.73354797e+02,
    1.71954819e+02, 2.95022247e+02, 1.49127838e+02, 2.23966034e+02,
    1.52923309e+02, 2.44625671e+02, 1.56782944e+02, 2.65490051e+02,
    1.60522476e+02, 2.86837646e+02, 1.41858978e+02, 2.37146149e+02,
    1.45512390e+02, 2.57882721e+02, 1.49295670e+02, 2.78881287e+02,
    1.52908478e+02, 2.99951202e+02, 1.30894836e+02, 2.29876099e+02,
    1.34423050e+02, 2.50216156e+02, 1.38151123e+02, 2.70956848e+02,
    1.41602310e+02, 2.91888611e+02 ]
CalibrationFramePatternWorld: [ 0., 0., 0., 0., 7.00000003e-02, 0., 0.,
    1.40000001e-01, 0., 0., 2.10000008e-01, 0., 3.50000001e-02,
    3.50000001e-02, 0., 3.50000001e-02, 1.05000004e-01, 0.,
    3.50000001e-02, 1.74999997e-01, 0., 3.50000001e-02, 2.45000005e-01,
    0., 7.00000003e-02, 0., 0., 7.00000003e-02, 7.00000003e-02, 0.,
    7.00000003e-02, 1.40000001e-01, 0., 7.00000003e-02, 2.10000008e-01,
    0., 1.05000004e-01, 3.50000001e-02, 0., 1.05000004e-01,
    1.05000004e-01, 0., 1.05000004e-01, 1.74999997e-01, 0.,
    1.05000004e-01, 2.45000005e-01, 0., 1.40000001e-01, 0., 0.,
    1.40000001e-01, 7.00000003e-02, 0., 1.40000001e-01, 1.40000001e-01,
    0., 1.40000001e-01, 2.10000008e-01, 0., 1.74999997e-01,
    3.50000001e-02, 0., 1.74999997e-01, 1.05000004e-01, 0.,
    1.74999997e-01, 1.74999997e-01, 0., 1.74999997e-01, 2.45000005e-01,
    0., 2.10000008e-01, 0., 0., 2.10000008e-01, 7.00000003e-02, 0.,
    2.10000008e-01, 1.40000001e-01, 0., 2.10000008e-01, 2.10000008e-01,
    0., 2.45000005e-01, 3.50000001e-02, 0., 2.45000005e-01,
    1.05000004e-01, 0., 2.45000005e-01, 1.74999997e-01, 0.,
    2.45000005e-01, 2.45000005e-01, 0., 2.80000001e-01, 0., 0.,
    2.80000001e-01, 7.00000003e-02, 0., 2.80000001e-01, 1.40000001e-01,
    0., 2.80000001e-01, 2.10000008e-01, 0., 3.14999998e-01,
    3.50000001e-02, 0., 3.14999998e-01, 1.05000004e-01, 0.,
    3.14999998e-01, 1.74999997e-01, 0., 3.14999998e-01, 2.45000005e-01,
    0., 3.49999994e-01, 0., 0., 3.49999994e-01, 7.00000003e-02, 0.,
    3.49999994e-01, 1.40000001e-01, 0., 3.49999994e-01, 2.10000008e-01,
    0. ]
CalibrationFrameExtRotation: !!opencv-matrix
   rows: 3
   cols: 1
   dt: d
   data: [ -3.4702670743538760e-01, -2.8378786209214053e+00,
       1.7355454003007742e-01 ]
CalibrationFrameExtTranslation: !!opencv-matrix
   rows: 3
   cols: 1
   dt: d
   data: [ -3.9697023297399509e-01, -2.0966222604549248e-01,
       2.6556826095020996e+00 ]
CalibrationFrameRMSerror: 2.0330183207988739e-01
