%YAML:1.0
---
CalibrationFramePatternImage: [ 2.59617981e+02, 6.42298203e+01,
    2.70448517e+02, 8.73094940e+01, 2.82006622e+02, 1.10323898e+02,
    2.93698822e+02, 1.33464874e+02, 2.53361328e+02, 8.06017151e+01,
    2.64413177e+02, 1.03905548e+02, 2.76072479e+02, 1.27136597e+02,
    2.87908447e+02, 1.50757492e+02, 2.36079437e+02, 7.40894775e+01,
    2.47292053e+02, 9.73952789e+01, 2.58533356e+02, 1.20690460e+02,
    2.70292053e+02, 1.44425995e+02, 2.29888596e+02, 9.07588577e+01,
    2.41211075e+02, 1.14209648e+02, 2.52796234e+02, 1.37799393e+02,
    2.64509644e+02, 1.61575562e+02, 2.12197006e+02, 8.44472427e+01,
    2.23651993e+02, 1.07647339e+02, 2.35262360e+02, 1.31334122e+02,
    2.47037048e+02, 1.55208725e+02, 2.05971252e+02, 1.01324112e+02,
    2.17368744e+02, 1.25000153e+02, 2.29245438e+02, 1.48861084e+02,
    2.41106293e+02, 1.72776428e+02, 1.88309616e+02, 9.49811707e+01,
    1.99696106e+02, 1.18828316e+02, 2.11273300e+02, 1.42381134e+02,
    2.23192627e+02, 1.66436356e+02, 1.81889954e+02, 1.12311989e+02,
    1.93416245e+02, 1.36157852e+02, 2.05220963e+02, 1.60169861e+02,
    2.17476227e+02, 1.84285690e+02, 1.64065674e+02, 1.06087471e+02,
    1.75583450e+02, 1.29902786e+02, 1.87308456e+02, 1.53688034e+02,
    1.99278671e+02, 1.77889145e+02, 1.57720306e+02, 1.23447617e+02,
    1.69188446e+02, 1.47365234e+02, 1.81159149e+02, 1.71667267e+02,
    1.93483322e+02, 1.95809158e+02, 1.39784149e+02, 1.17060356e+02,
    1.51365509e+02, 1.40977219e+02, 1.63091660e+02, 1.65190414e+02,
    1.75175018e+02, 1.89520233e+02 ]
CalibrationFramePatternWorld: [ 0., 0., 0., 0., 7.00000003e-02, 0., 0.,
    1.40000001e-01, 0., 0., 2.10000008e-01, 0., 3.50000001e-02,
    3.50000001e-02, 0., 3.50000001e-02, 1.05000004e-01, 0.,
    3.50000001e-02, 1.74999997e-01, 0., 3.50000001e-02, 2.45000005e-01,
    0., 7.00000003e-02, 0., 0., 7.00000003e-02, 7.00000003e-02, 0.,
    7.00000003e-02, 1.40000001e-01, 0., 7.00000003e-02, 2.10000008e-01,
    0., 1.05000004e-01, 3.50000001e-02, 0., 1.05000004e-01,
    1.05000004e-01, 0., 1.05000004e-01, 1.74999997e-01, 0.,
    1.05000004e-01, 2.45000005e-01, 0., 1.40000001e-01, 0., 0.,
    1.40000001e-01, 7.00000003e-02, 0., 1.40000001e-01, 1.40000001e-01,
    0., 1.40000001e-01, 2.10000008e-01, 0., 1.74999997e-01,
    3.50000001e-02, 0., 1.74999997e-01, 1.05000004e-01, 0.,
    1.74999997e-01, 1.74999997e-01, 0., 1.74999997e-01, 2.45000005e-01,
    0., 2.10000008e-01, 0., 0., 2.10000008e-01, 7.00000003e-02, 0.,
    2.10000008e-01, 1.40000001e-01, 0., 2.10000008e-01, 2.10000008e-01,
    0., 2.45000005e-01, 3.50000001e-02, 0., 2.45000005e-01,
    1.05000004e-01, 0., 2.45000005e-01, 1.74999997e-01, 0.,
    2.45000005e-01, 2.45000005e-01, 0., 2.80000001e-01, 0., 0.,
    2.80000001e-01, 7.00000003e-02, 0., 2.80000001e-01, 1.40000001e-01,
    0., 2.80000001e-01, 2.10000008e-01, 0., 3.14999998e-01,
    3.50000001e-02, 0., 3.14999998e-01, 1.05000004e-01, 0.,
    3.14999998e-01, 1.74999997e-01, 0., 3.14999998e-01, 2.45000005e-01,
    0., 3.49999994e-01, 0., 0., 3.49999994e-01, 7.00000003e-02, 0.,
    3.49999994e-01, 1.40000001e-01, 0., 3.49999994e-01, 2.10000008e-01,
    0. ]
CalibrationFrameExtRotation: !!opencv-matrix
   rows: 3
   cols: 1
   dt: d
   data: [ 6.5915628506956248e-01, 2.7447232545225480e+00,
       5.8903437235402249e-02 ]
CalibrationFrameExtTranslation: !!opencv-matrix
   rows: 3
   cols: 1
   dt: d
   data: [ -2.5263518967184784e-01, -5.4295595274872377e-01,
       2.2491508465805805e+00 ]
CalibrationFrameRMSerror: 1.8453145027160645e-01
