%YAML:1.0
---
CalibrationFramePatternImage: [ 4.83188110e+02, 7.33794098e+01,
    4.83592133e+02, 1.08757812e+02, 4.84596283e+02, 1.44156982e+02,
    4.86289795e+02, 1.79738068e+02, 4.67603943e+02, 9.06546707e+01,
    4.67857452e+02, 1.26444244e+02, 4.69122284e+02, 1.62172318e+02,
    4.70795685e+02, 1.98231049e+02, 4.50841644e+02, 7.24567719e+01,
    4.51631989e+02, 1.08677368e+02, 4.52280029e+02, 1.44522751e+02,
    4.53494843e+02, 1.81002045e+02, 4.34532501e+02, 9.02334061e+01,
    4.35539917e+02, 1.26688850e+02, 4.36513428e+02, 1.63284485e+02,
    4.37608490e+02, 1.99788330e+02, 4.16881348e+02, 7.17586823e+01,
    4.18100739e+02, 1.08416367e+02, 4.19175812e+02, 1.45283875e+02,
    4.20420013e+02, 1.82284348e+02, 4.00100159e+02, 8.98836441e+01,
    4.01093109e+02, 1.27098999e+02, 4.02697693e+02, 1.64475220e+02,
    4.04206573e+02, 2.01520493e+02, 3.81792023e+02, 7.11547165e+01,
    3.82823608e+02, 1.08622375e+02, 3.84103577e+02, 1.46117523e+02,
    3.85980621e+02, 1.83744339e+02, 3.64425323e+02, 8.99609985e+01,
    3.65552704e+02, 1.27589516e+02, 3.67068542e+02, 1.65424042e+02,
    3.69235382e+02, 2.03566223e+02, 3.45679108e+02, 7.08911591e+01,
    3.46851746e+02, 1.08959778e+02, 3.48365173e+02, 1.47045502e+02,
    3.50113525e+02, 1.85239822e+02, 3.28024445e+02, 8.99149628e+01,
    3.29283905e+02, 1.28253891e+02, 3.31027222e+02, 1.66951187e+02,
    3.33213379e+02, 2.05331665e+02, 3.08998871e+02, 7.07911224e+01,
    3.10133423e+02, 1.09372566e+02, 3.11668365e+02, 1.48183365e+02,
    3.13994476e+02, 1.87274277e+02 ]
CalibrationFramePatternWorld: [ 0., 0., 0., 0., 7.00000003e-02, 0., 0.,
    1.40000001e-01, 0., 0., 2.10000008e-01, 0., 3.50000001e-02,
    3.50000001e-02, 0., 3.50000001e-02, 1.05000004e-01, 0.,
    3.50000001e-02, 1.74999997e-01, 0., 3.50000001e-02, 2.45000005e-01,
    0., 7.00000003e-02, 0., 0., 7.00000003e-02, 7.00000003e-02, 0.,
    7.00000003e-02, 1.40000001e-01, 0., 7.00000003e-02, 2.10000008e-01,
    0., 1.05000004e-01, 3.50000001e-02, 0., 1.05000004e-01,
    1.05000004e-01, 0., 1.05000004e-01, 1.74999997e-01, 0.,
    1.05000004e-01, 2.45000005e-01, 0., 1.40000001e-01, 0., 0.,
    1.40000001e-01, 7.00000003e-02, 0., 1.40000001e-01, 1.40000001e-01,
    0., 1.40000001e-01, 2.10000008e-01, 0., 1.74999997e-01,
    3.50000001e-02, 0., 1.74999997e-01, 1.05000004e-01, 0.,
    1.74999997e-01, 1.74999997e-01, 0., 1.74999997e-01, 2.45000005e-01,
    0., 2.10000008e-01, 0., 0., 2.10000008e-01, 7.00000003e-02, 0.,
    2.10000008e-01, 1.40000001e-01, 0., 2.10000008e-01, 2.10000008e-01,
    0., 2.45000005e-01, 3.50000001e-02, 0., 2.45000005e-01,
    1.05000004e-01, 0., 2.45000005e-01, 1.74999997e-01, 0.,
    2.45000005e-01, 2.45000005e-01, 0., 2.80000001e-01, 0., 0.,
    2.80000001e-01, 7.00000003e-02, 0., 2.80000001e-01, 1.40000001e-01,
    0., 2.80000001e-01, 2.10000008e-01, 0., 3.14999998e-01,
    3.50000001e-02, 0., 3.14999998e-01, 1.05000004e-01, 0.,
    3.14999998e-01, 1.74999997e-01, 0., 3.14999998e-01, 2.45000005e-01,
    0., 3.49999994e-01, 0., 0., 3.49999994e-01, 7.00000003e-02, 0.,
    3.49999994e-01, 1.40000001e-01, 0., 3.49999994e-01, 2.10000008e-01,
    0. ]
CalibrationFrameExtRotation: !!opencv-matrix
   rows: 3
   cols: 1
   dt: d
   data: [ 7.8447834793310231e-02, 2.7941382827300081e+00,
       1.7508928392565590e-01 ]
CalibrationFrameExtTranslation: !!opencv-matrix
   rows: 3
   cols: 1
   dt: d
   data: [ 2.4843314976057096e-01, -3.7818929859505657e-01,
       1.6322345410865349e+00 ]
CalibrationFrameRMSerror: 4.0924370288848877e-01
