%YAML:1.0
---
CalibrationFramePatternImage: [ 5.51683655e+02, 3.04516815e+02,
    5.50012634e+02, 3.27374634e+02, 5.48218201e+02, 3.50650024e+02,
    5.46573181e+02, 3.74175842e+02, 5.39500671e+02, 3.15273132e+02,
    5.37480225e+02, 3.38126770e+02, 5.35870361e+02, 3.61438019e+02,
    5.34057983e+02, 3.85133575e+02, 5.28617126e+02, 3.02730591e+02,
    5.27032532e+02, 3.26118073e+02, 5.25380005e+02, 3.49148895e+02,
    5.23472717e+02, 3.72662476e+02, 5.16368958e+02, 3.13863007e+02,
    5.14944397e+02, 3.37013702e+02, 5.12985229e+02, 3.60321014e+02,
    5.11058807e+02, 3.83554932e+02, 5.05552063e+02, 3.01539825e+02,
    5.04077606e+02, 3.24633942e+02, 5.02041412e+02, 3.47856812e+02,
    5.00638489e+02, 3.71224884e+02, 4.93523926e+02, 3.12320526e+02,
    4.91798828e+02, 3.35974579e+02, 4.90147186e+02, 3.58348267e+02,
    4.88062897e+02, 3.82065155e+02, 4.82734741e+02, 2.99982697e+02,
    4.81089600e+02, 3.23216461e+02, 4.79652985e+02, 3.46479370e+02,
    4.77671509e+02, 3.69606842e+02, 4.70382385e+02, 3.10871155e+02,
    4.68734467e+02, 3.34063141e+02, 4.66923615e+02, 3.57080353e+02,
    4.65250458e+02, 3.80665527e+02, 4.59642609e+02, 2.98674072e+02,
    4.58057495e+02, 3.21794464e+02, 4.56445221e+02, 3.44774780e+02,
    4.54538239e+02, 3.68156494e+02, 4.47331177e+02, 3.09413513e+02,
    4.45794312e+02, 3.32445343e+02, 4.43996918e+02, 3.55847809e+02,
    4.42021820e+02, 3.78769470e+02, 4.36766052e+02, 2.97207275e+02,
    4.35131348e+02, 3.20291565e+02, 4.33342621e+02, 3.43347839e+02,
    4.31573425e+02, 3.66451599e+02 ]
CalibrationFramePatternWorld: [ 0., 0., 0., 0., 7.00000003e-02, 0., 0.,
    1.40000001e-01, 0., 0., 2.10000008e-01, 0., 3.50000001e-02,
    3.50000001e-02, 0., 3.50000001e-02, 1.05000004e-01, 0.,
    3.50000001e-02, 1.74999997e-01, 0., 3.50000001e-02, 2.45000005e-01,
    0., 7.00000003e-02, 0., 0., 7.00000003e-02, 7.00000003e-02, 0.,
    7.00000003e-02, 1.40000001e-01, 0., 7.00000003e-02, 2.10000008e-01,
    0., 1.05000004e-01, 3.50000001e-02, 0., 1.05000004e-01,
    1.05000004e-01, 0., 1.05000004e-01, 1.74999997e-01, 0.,
    1.05000004e-01, 2.45000005e-01, 0., 1.40000001e-01, 0., 0.,
    1.40000001e-01, 7.00000003e-02, 0., 1.40000001e-01, 1.40000001e-01,
    0., 1.40000001e-01, 2.10000008e-01, 0., 1.74999997e-01,
    3.50000001e-02, 0., 1.74999997e-01, 1.05000004e-01, 0.,
    1.74999997e-01, 1.74999997e-01, 0., 1.74999997e-01, 2.45000005e-01,
    0., 2.10000008e-01, 0., 0., 2.10000008e-01, 7.00000003e-02, 0.,
    2.10000008e-01, 1.40000001e-01, 0., 2.10000008e-01, 2.10000008e-01,
    0., 2.45000005e-01, 3.50000001e-02, 0., 2.45000005e-01,
    1.05000004e-01, 0., 2.45000005e-01, 1.74999997e-01, 0.,
    2.45000005e-01, 2.45000005e-01, 0., 2.80000001e-01, 0., 0.,
    2.80000001e-01, 7.00000003e-02, 0., 2.80000001e-01, 1.40000001e-01,
    0., 2.80000001e-01, 2.10000008e-01, 0., 3.14999998e-01,
    3.50000001e-02, 0., 3.14999998e-01, 1.05000004e-01, 0.,
    3.14999998e-01, 1.74999997e-01, 0., 3.14999998e-01, 2.45000005e-01,
    0., 3.49999994e-01, 0., 0., 3.49999994e-01, 7.00000003e-02, 0.,
    3.49999994e-01, 1.40000001e-01, 0., 3.49999994e-01, 2.10000008e-01,
    0. ]
CalibrationFrameExtRotation: !!opencv-matrix
   rows: 3
   cols: 1
   dt: d
   data: [ 9.7191771772032629e-02, -2.8936020661904696e+00,
       1.4333869671604393e-01 ]
CalibrationFrameExtTranslation: !!opencv-matrix
   rows: 3
   cols: 1
   dt: d
   data: [ 5.8825743553271914e-01, 1.1198629594452597e-01,
       2.5258655219016379e+00 ]
CalibrationFrameRMSerror: 2.4499309062957764e-01
