%YAML:1.0
---
CalibrationFramePatternImage: [ 4.05230103e+02, 3.93068085e+01,
    4.07969879e+02, 6.22758102e+01, 4.10597900e+02, 8.56507721e+01,
    4.13337860e+02, 1.09535660e+02, 3.95027161e+02, 5.30997543e+01,
    3.97943115e+02, 7.63175430e+01, 4.00710510e+02, 9.99315796e+01,
    4.03366455e+02, 1.24079514e+02, 3.82453339e+02, 4.43444443e+01,
    3.85030548e+02, 6.71015930e+01, 3.87899750e+02, 9.04401321e+01,
    3.90354034e+02, 1.14065636e+02, 3.72553558e+02, 5.80929947e+01,
    3.75177856e+02, 8.08028412e+01, 3.77697357e+02, 1.04293213e+02,
    3.80330566e+02, 1.28208603e+02, 3.60464752e+02, 4.95233002e+01,
    3.62598907e+02, 7.17386703e+01, 3.65194489e+02, 9.47533188e+01,
    3.67680969e+02, 1.18284309e+02, 3.50673370e+02, 6.30300674e+01,
    3.52846191e+02, 8.55183563e+01, 3.55374908e+02, 1.08856659e+02,
    3.57807678e+02, 1.32503845e+02, 3.38892975e+02, 5.44293747e+01,
    3.40828918e+02, 7.67049255e+01, 3.43238159e+02, 9.93892899e+01,
    3.45785797e+02, 1.22641479e+02, 3.29072937e+02, 6.78325882e+01,
    3.31399261e+02, 9.02670898e+01, 3.33755859e+02, 1.13236488e+02,
    3.36081940e+02, 1.36641922e+02, 3.17428955e+02, 5.95956039e+01,
    3.19570374e+02, 8.14802322e+01, 3.21926849e+02, 1.03983292e+02,
    3.24186462e+02, 1.27148918e+02, 3.08020233e+02, 7.28942184e+01,
    3.10331390e+02, 9.48878479e+01, 3.12529816e+02, 1.17688751e+02,
    3.14365692e+02, 1.40603729e+02, 2.96944702e+02, 6.44378662e+01,
    2.98842041e+02, 8.62555923e+01, 3.01153290e+02, 1.08507065e+02,
    3.02753540e+02, 1.31233765e+02 ]
CalibrationFramePatternWorld: [ 0., 0., 0., 0., 7.00000003e-02, 0., 0.,
    1.40000001e-01, 0., 0., 2.10000008e-01, 0., 3.50000001e-02,
    3.50000001e-02, 0., 3.50000001e-02, 1.05000004e-01, 0.,
    3.50000001e-02, 1.74999997e-01, 0., 3.50000001e-02, 2.45000005e-01,
    0., 7.00000003e-02, 0., 0., 7.00000003e-02, 7.00000003e-02, 0.,
    7.00000003e-02, 1.40000001e-01, 0., 7.00000003e-02, 2.10000008e-01,
    0., 1.05000004e-01, 3.50000001e-02, 0., 1.05000004e-01,
    1.05000004e-01, 0., 1.05000004e-01, 1.74999997e-01, 0.,
    1.05000004e-01, 2.45000005e-01, 0., 1.40000001e-01, 0., 0.,
    1.40000001e-01, 7.00000003e-02, 0., 1.40000001e-01, 1.40000001e-01,
    0., 1.40000001e-01, 2.10000008e-01, 0., 1.74999997e-01,
    3.50000001e-02, 0., 1.74999997e-01, 1.05000004e-01, 0.,
    1.74999997e-01, 1.74999997e-01, 0., 1.74999997e-01, 2.45000005e-01,
    0., 2.10000008e-01, 0., 0., 2.10000008e-01, 7.00000003e-02, 0.,
    2.10000008e-01, 1.40000001e-01, 0., 2.10000008e-01, 2.10000008e-01,
    0., 2.45000005e-01, 3.50000001e-02, 0., 2.45000005e-01,
    1.05000004e-01, 0., 2.45000005e-01, 1.74999997e-01, 0.,
    2.45000005e-01, 2.45000005e-01, 0., 2.80000001e-01, 0., 0.,
    2.80000001e-01, 7.00000003e-02, 0., 2.80000001e-01, 1.40000001e-01,
    0., 2.80000001e-01, 2.10000008e-01, 0., 3.14999998e-01,
    3.50000001e-02, 0., 3.14999998e-01, 1.05000004e-01, 0.,
    3.14999998e-01, 1.74999997e-01, 0., 3.14999998e-01, 2.45000005e-01,
    0., 3.49999994e-01, 0., 0., 3.49999994e-01, 7.00000003e-02, 0.,
    3.49999994e-01, 1.40000001e-01, 0., 3.49999994e-01, 2.10000008e-01,
    0. ]
CalibrationFrameExtRotation: !!opencv-matrix
   rows: 3
   cols: 1
   dt: d
   data: [ -1.4861167876738043e-01, -2.7001999677659616e+00,
       5.0647091905727082e-02 ]
CalibrationFrameExtTranslation: !!opencv-matrix
   rows: 3
   cols: 1
   dt: d
   data: [ 1.4398240659799197e-01, -6.4863430946006595e-01,
       2.3844151126879538e+00 ]
CalibrationFrameRMSerror: 1.9063454866409302e-01
