%YAML:1.0
---
CalibrationFramePatternImage: [ 3.84179443e+02, 1.23739067e+02,
    3.76398499e+02, 1.45101196e+02, 3.68768677e+02, 1.66288330e+02,
    3.61237946e+02, 1.87521332e+02, 3.69301819e+02, 1.30524658e+02,
    3.61613525e+02, 1.51632217e+02, 3.54167297e+02, 1.72713608e+02,
    3.46670807e+02, 1.93817245e+02, 3.62096832e+02, 1.15801773e+02,
    3.54444885e+02, 1.37298325e+02, 3.47025970e+02, 1.58239182e+02,
    3.39600861e+02, 1.79382446e+02, 3.47184937e+02, 1.22546906e+02,
    3.39822937e+02, 1.43850861e+02, 3.32360870e+02, 1.65041428e+02,
    3.25070648e+02, 1.86024338e+02, 3.39894318e+02, 1.07788116e+02,
    3.32444641e+02, 1.29427414e+02, 3.25133759e+02, 1.50510880e+02,
    3.17850555e+02, 1.71774826e+02, 3.25315216e+02, 1.14543320e+02,
    3.17852448e+02, 1.36058990e+02, 3.10655670e+02, 1.57374130e+02,
    3.03497711e+02, 1.78308121e+02, 3.17997498e+02, 1.00052696e+02,
    3.10512939e+02, 1.21593018e+02, 3.03328247e+02, 1.42737244e+02,
    2.96282471e+02, 1.63942398e+02, 3.03352386e+02, 1.06904198e+02,
    2.96106323e+02, 1.28267975e+02, 2.89133453e+02, 1.49422501e+02,
    2.82076202e+02, 1.70755798e+02, 2.96009644e+02, 9.22645340e+01,
    2.88863190e+02, 1.13807625e+02, 2.81850555e+02, 1.34987167e+02,
    2.74935760e+02, 1.56166107e+02, 2.81561066e+02, 9.92362061e+01,
    2.74640289e+02, 1.20414139e+02, 2.67635590e+02, 1.41794861e+02,
    2.60704742e+02, 1.62938934e+02, 2.74399933e+02, 8.46797867e+01,
    2.67255981e+02, 1.06156174e+02, 2.60416565e+02, 1.27419685e+02,
    2.53583923e+02, 1.48644485e+02 ]
CalibrationFramePatternWorld: [ 0., 0., 0., 0., 7.00000003e-02, 0., 0.,
    1.40000001e-01, 0., 0., 2.10000008e-01, 0., 3.50000001e-02,
    3.50000001e-02, 0., 3.50000001e-02, 1.05000004e-01, 0.,
    3.50000001e-02, 1.74999997e-01, 0., 3.50000001e-02, 2.45000005e-01,
    0., 7.00000003e-02, 0., 0., 7.00000003e-02, 7.00000003e-02, 0.,
    7.00000003e-02, 1.40000001e-01, 0., 7.00000003e-02, 2.10000008e-01,
    0., 1.05000004e-01, 3.50000001e-02, 0., 1.05000004e-01,
    1.05000004e-01, 0., 1.05000004e-01, 1.74999997e-01, 0.,
    1.05000004e-01, 2.45000005e-01, 0., 1.40000001e-01, 0., 0.,
    1.40000001e-01, 7.00000003e-02, 0., 1.40000001e-01, 1.40000001e-01,
    0., 1.40000001e-01, 2.10000008e-01, 0., 1.74999997e-01,
    3.50000001e-02, 0., 1.74999997e-01, 1.05000004e-01, 0.,
    1.74999997e-01, 1.74999997e-01, 0., 1.74999997e-01, 2.45000005e-01,
    0., 2.10000008e-01, 0., 0., 2.10000008e-01, 7.00000003e-02, 0.,
    2.10000008e-01, 1.40000001e-01, 0., 2.10000008e-01, 2.10000008e-01,
    0., 2.45000005e-01, 3.50000001e-02, 0., 2.45000005e-01,
    1.05000004e-01, 0., 2.45000005e-01, 1.74999997e-01, 0.,
    2.45000005e-01, 2.45000005e-01, 0., 2.80000001e-01, 0., 0.,
    2.80000001e-01, 7.00000003e-02, 0., 2.80000001e-01, 1.40000001e-01,
    0., 2.80000001e-01, 2.10000008e-01, 0., 3.14999998e-01,
    3.50000001e-02, 0., 3.14999998e-01, 1.05000004e-01, 0.,
    3.14999998e-01, 1.74999997e-01, 0., 3.14999998e-01, 2.45000005e-01,
    0., 3.49999994e-01, 0., 0., 3.49999994e-01, 7.00000003e-02, 0.,
    3.49999994e-01, 1.40000001e-01, 0., 3.49999994e-01, 2.10000008e-01,
    0. ]
CalibrationFrameExtRotation: !!opencv-matrix
   rows: 3
   cols: 1
   dt: d
   data: [ 5.3204783545060330e-01, -2.9816533235312801e+00,
       -5.0805598930472373e-01 ]
CalibrationFrameExtTranslation: !!opencv-matrix
   rows: 3
   cols: 1
   dt: d
   data: [ 8.8670513309486332e-02, -4.2806343583200246e-01,
       2.5450407599990079e+00 ]
CalibrationFrameRMSerror: 1.2325920164585114e-01
