%YAML:1.0
---
CalibrationFramePatternImage: [ 1.66794296e+02, 3.95453453e+01,
    1.67658997e+02, 6.08534889e+01, 1.68334396e+02, 8.25090866e+01,
    1.68921555e+02, 1.04590782e+02, 1.56683395e+02, 5.11646538e+01,
    1.57570862e+02, 7.27686615e+01, 1.58442780e+02, 9.45184555e+01,
    1.59012894e+02, 1.16699432e+02, 1.45962952e+02, 4.20023537e+01,
    1.46713547e+02, 6.33305511e+01, 1.47621750e+02, 8.47725143e+01,
    1.48398575e+02, 1.06772240e+02, 1.35936050e+02, 5.38626518e+01,
    1.36891113e+02, 7.50011292e+01, 1.37478073e+02, 9.66180038e+01,
    1.38302734e+02, 1.18606232e+02, 1.25642357e+02, 4.45721512e+01,
    1.26221298e+02, 6.55957718e+01, 1.26890755e+02, 8.68904266e+01,
    1.27684090e+02, 1.08635864e+02, 1.16021683e+02, 5.64025841e+01,
    1.16516228e+02, 7.73279648e+01, 1.17210602e+02, 9.88442612e+01,
    1.17851746e+02, 1.20429283e+02, 1.05852379e+02, 4.72608643e+01,
    1.06344536e+02, 6.81075974e+01, 1.06955452e+02, 8.91834412e+01,
    1.07673439e+02, 1.10544434e+02, 9.64663315e+01, 5.89409180e+01,
    9.69083939e+01, 7.98327408e+01, 9.74691010e+01, 1.01025864e+02,
    9.79112701e+01, 1.22492226e+02, 8.63351898e+01, 5.00301056e+01,
    8.69404449e+01, 7.06080627e+01, 8.74609604e+01, 9.14210281e+01,
    8.78012848e+01, 1.12675415e+02, 7.69843903e+01, 6.14693413e+01,
    7.74472885e+01, 8.20316391e+01, 7.79702606e+01, 1.03225334e+02,
    7.82849197e+01, 1.24212189e+02, 6.72248383e+01, 5.25751877e+01,
    6.75745392e+01, 7.30215912e+01, 6.80927887e+01, 9.38228607e+01,
    6.82030334e+01, 1.14757904e+02 ]
CalibrationFramePatternWorld: [ 0., 0., 0., 0., 7.00000003e-02, 0., 0.,
    1.40000001e-01, 0., 0., 2.10000008e-01, 0., 3.50000001e-02,
    3.50000001e-02, 0., 3.50000001e-02, 1.05000004e-01, 0.,
    3.50000001e-02, 1.74999997e-01, 0., 3.50000001e-02, 2.45000005e-01,
    0., 7.00000003e-02, 0., 0., 7.00000003e-02, 7.00000003e-02, 0.,
    7.00000003e-02, 1.40000001e-01, 0., 7.00000003e-02, 2.10000008e-01,
    0., 1.05000004e-01, 3.50000001e-02, 0., 1.05000004e-01,
    1.05000004e-01, 0., 1.05000004e-01, 1.74999997e-01, 0.,
    1.05000004e-01, 2.45000005e-01, 0., 1.40000001e-01, 0., 0.,
    1.40000001e-01, 7.00000003e-02, 0., 1.40000001e-01, 1.40000001e-01,
    0., 1.40000001e-01, 2.10000008e-01, 0., 1.74999997e-01,
    3.50000001e-02, 0., 1.74999997e-01, 1.05000004e-01, 0.,
    1.74999997e-01, 1.74999997e-01, 0., 1.74999997e-01, 2.45000005e-01,
    0., 2.10000008e-01, 0., 0., 2.10000008e-01, 7.00000003e-02, 0.,
    2.10000008e-01, 1.40000001e-01, 0., 2.10000008e-01, 2.10000008e-01,
    0., 2.45000005e-01, 3.50000001e-02, 0., 2.45000005e-01,
    1.05000004e-01, 0., 2.45000005e-01, 1.74999997e-01, 0.,
    2.45000005e-01, 2.45000005e-01, 0., 2.80000001e-01, 0., 0.,
    2.80000001e-01, 7.00000003e-02, 0., 2.80000001e-01, 1.40000001e-01,
    0., 2.80000001e-01, 2.10000008e-01, 0., 3.14999998e-01,
    3.50000001e-02, 0., 3.14999998e-01, 1.05000004e-01, 0.,
    3.14999998e-01, 1.74999997e-01, 0., 3.14999998e-01, 2.45000005e-01,
    0., 3.49999994e-01, 0., 0., 3.49999994e-01, 7.00000003e-02, 0.,
    3.49999994e-01, 1.40000001e-01, 0., 3.49999994e-01, 2.10000008e-01,
    0. ]
CalibrationFrameExtRotation: !!opencv-matrix
   rows: 3
   cols: 1
   dt: d
   data: [ -6.9206828845703894e-02, -3.0115756718927780e+00,
       -1.1547434473089425e-01 ]
CalibrationFrameExtTranslation: !!opencv-matrix
   rows: 3
   cols: 1
   dt: d
   data: [ -5.8736717198306831e-01, -7.1918928610480382e-01,
       2.6101361651622184e+00 ]
CalibrationFrameRMSerror: 2.1273063123226166e-01
