%YAML:1.0
---
CalibrationFramePatternImage: [ 3.96365936e+02, 1.97924957e+02,
    3.94138214e+02, 2.19050049e+02, 3.91904602e+02, 2.40386520e+02,
    3.89897064e+02, 2.61905121e+02, 3.84456970e+02, 2.07737610e+02,
    3.82151276e+02, 2.28926971e+02, 3.80104889e+02, 2.49954269e+02,
    3.77993561e+02, 2.71611603e+02, 3.74403229e+02, 1.95953308e+02,
    3.72445404e+02, 2.17549591e+02, 3.70463501e+02, 2.38737823e+02,
    3.68170013e+02, 2.59972992e+02, 3.62234009e+02, 2.06000641e+02,
    3.60455444e+02, 2.27393616e+02, 3.58226532e+02, 2.48857361e+02,
    3.56330048e+02, 2.69896149e+02, 3.52261719e+02, 1.94223175e+02,
    3.50256927e+02, 2.15934433e+02, 3.48440948e+02, 2.37315491e+02,
    3.46431549e+02, 2.58704895e+02, 3.40164551e+02, 2.04006149e+02,
    3.38415680e+02, 2.25791306e+02, 3.36497803e+02, 2.47273178e+02,
    3.34501312e+02, 2.68475586e+02, 3.30235809e+02, 1.92308945e+02,
    3.28206451e+02, 2.14293320e+02, 3.26442841e+02, 2.35654373e+02,
    3.24662201e+02, 2.56934753e+02, 3.18086182e+02, 2.02481552e+02,
    3.16334198e+02, 2.24149567e+02, 3.14659088e+02, 2.45584991e+02,
    3.12725067e+02, 2.67112946e+02, 3.07888245e+02, 1.90818451e+02,
    3.06107178e+02, 2.12640076e+02, 3.04495239e+02, 2.33975647e+02,
    3.02672028e+02, 2.55387375e+02, 2.95996857e+02, 2.00850250e+02,
    2.94183563e+02, 2.22424149e+02, 2.92597137e+02, 2.43946320e+02,
    2.90838348e+02, 2.65496246e+02, 2.85786072e+02, 1.89129547e+02,
    2.83926178e+02, 2.10857391e+02, 2.82379181e+02, 2.32477585e+02,
    2.80781464e+02, 2.54036728e+02 ]
CalibrationFramePatternWorld: [ 0., 0., 0., 0., 7.00000003e-02, 0., 0.,
    1.40000001e-01, 0., 0., 2.10000008e-01, 0., 3.50000001e-02,
    3.50000001e-02, 0., 3.50000001e-02, 1.05000004e-01, 0.,
    3.50000001e-02, 1.74999997e-01, 0., 3.50000001e-02, 2.45000005e-01,
    0., 7.00000003e-02, 0., 0., 7.00000003e-02, 7.00000003e-02, 0.,
    7.00000003e-02, 1.40000001e-01, 0., 7.00000003e-02, 2.10000008e-01,
    0., 1.05000004e-01, 3.50000001e-02, 0., 1.05000004e-01,
    1.05000004e-01, 0., 1.05000004e-01, 1.74999997e-01, 0.,
    1.05000004e-01, 2.45000005e-01, 0., 1.40000001e-01, 0., 0.,
    1.40000001e-01, 7.00000003e-02, 0., 1.40000001e-01, 1.40000001e-01,
    0., 1.40000001e-01, 2.10000008e-01, 0., 1.74999997e-01,
    3.50000001e-02, 0., 1.74999997e-01, 1.05000004e-01, 0.,
    1.74999997e-01, 1.74999997e-01, 0., 1.74999997e-01, 2.45000005e-01,
    0., 2.10000008e-01, 0., 0., 2.10000008e-01, 7.00000003e-02, 0.,
    2.10000008e-01, 1.40000001e-01, 0., 2.10000008e-01, 2.10000008e-01,
    0., 2.45000005e-01, 3.50000001e-02, 0., 2.45000005e-01,
    1.05000004e-01, 0., 2.45000005e-01, 1.74999997e-01, 0.,
    2.45000005e-01, 2.45000005e-01, 0., 2.80000001e-01, 0., 0.,
    2.80000001e-01, 7.00000003e-02, 0., 2.80000001e-01, 1.40000001e-01,
    0., 2.80000001e-01, 2.10000008e-01, 0., 3.14999998e-01,
    3.50000001e-02, 0., 3.14999998e-01, 1.05000004e-01, 0.,
    3.14999998e-01, 1.74999997e-01, 0., 3.14999998e-01, 2.45000005e-01,
    0., 3.49999994e-01, 0., 0., 3.49999994e-01, 7.00000003e-02, 0.,
    3.49999994e-01, 1.40000001e-01, 0., 3.49999994e-01, 2.10000008e-01,
    0. ]
CalibrationFrameExtRotation: !!opencv-matrix
   rows: 3
   cols: 1
   dt: d
   data: [ -1.2360438243786760e-01, 3.0323438367150777e+00,
       3.5030287644138064e-01 ]
CalibrationFrameExtTranslation: !!opencv-matrix
   rows: 3
   cols: 1
   dt: d
   data: [ 1.3250487497031335e-01, -2.2060366120576555e-01,
       2.7348047763302086e+00 ]
CalibrationFrameRMSerror: 1.5495654940605164e-01
