%YAML:1.0
---
CalibrationFramePatternImage: [ 4.84706116e+02, 1.70179993e+02,
    4.97961517e+02, 1.98496292e+02, 5.11150452e+02, 2.26150742e+02,
    5.23785217e+02, 2.53002228e+02, 4.76884796e+02, 1.94888626e+02,
    4.90021851e+02, 2.22322144e+02, 5.02855652e+02, 2.48927124e+02,
    5.15505798e+02, 2.75080536e+02, 4.54661865e+02, 1.90948349e+02,
    4.68929718e+02, 2.19184067e+02, 4.82154633e+02, 2.45911835e+02,
    4.95085907e+02, 2.71966064e+02, 4.46795441e+02, 2.15598557e+02,
    4.61132233e+02, 2.42941467e+02, 4.74481415e+02, 2.69297729e+02,
    4.87093323e+02, 2.94535919e+02, 4.23760895e+02, 2.11611710e+02,
    4.38988434e+02, 2.39647278e+02, 4.53293854e+02, 2.66456177e+02,
    4.66582458e+02, 2.92095490e+02, 4.15954712e+02, 2.35877243e+02,
    4.31120239e+02, 2.63291748e+02, 4.45335510e+02, 2.89266205e+02,
    4.58847382e+02, 3.14213196e+02, 3.92371887e+02, 2.32320572e+02,
    4.08303955e+02, 2.60083740e+02, 4.23124359e+02, 2.86259033e+02,
    4.37481140e+02, 3.11672485e+02, 3.84739105e+02, 2.56451202e+02,
    4.00500031e+02, 2.83293732e+02, 4.15388336e+02, 3.08936615e+02,
    4.29861359e+02, 3.34004639e+02, 3.60742493e+02, 2.53403214e+02,
    3.77271881e+02, 2.80488983e+02, 3.93011627e+02, 3.06446594e+02,
    4.07885681e+02, 3.31514893e+02, 3.53648193e+02, 2.77716278e+02,
    3.69863434e+02, 3.03870941e+02, 3.85667542e+02, 3.29210876e+02,
    4.00740021e+02, 3.53665955e+02, 3.29301636e+02, 2.74713867e+02,
    3.46502197e+02, 3.01482941e+02, 3.62666077e+02, 3.26991333e+02,
    3.78750977e+02, 3.51755371e+02 ]
CalibrationFramePatternWorld: [ 0., 0., 0., 0., 7.00000003e-02, 0., 0.,
    1.40000001e-01, 0., 0., 2.10000008e-01, 0., 3.50000001e-02,
    3.50000001e-02, 0., 3.50000001e-02, 1.05000004e-01, 0.,
    3.50000001e-02, 1.74999997e-01, 0., 3.50000001e-02, 2.45000005e-01,
    0., 7.00000003e-02, 0., 0., 7.00000003e-02, 7.00000003e-02, 0.,
    7.00000003e-02, 1.40000001e-01, 0., 7.00000003e-02, 2.10000008e-01,
    0., 1.05000004e-01, 3.50000001e-02, 0., 1.05000004e-01,
    1.05000004e-01, 0., 1.05000004e-01, 1.74999997e-01, 0.,
    1.05000004e-01, 2.45000005e-01, 0., 1.40000001e-01, 0., 0.,
    1.40000001e-01, 7.00000003e-02, 0., 1.40000001e-01, 1.40000001e-01,
    0., 1.40000001e-01, 2.10000008e-01, 0., 1.74999997e-01,
    3.50000001e-02, 0., 1.74999997e-01, 1.05000004e-01, 0.,
    1.74999997e-01, 1.74999997e-01, 0., 1.74999997e-01, 2.45000005e-01,
    0., 2.10000008e-01, 0., 0., 2.10000008e-01, 7.00000003e-02, 0.,
    2.10000008e-01, 1.40000001e-01, 0., 2.10000008e-01, 2.10000008e-01,
    0., 2.45000005e-01, 3.50000001e-02, 0., 2.45000005e-01,
    1.05000004e-01, 0., 2.45000005e-01, 1.74999997e-01, 0.,
    2.45000005e-01, 2.45000005e-01, 0., 2.80000001e-01, 0., 0.,
    2.80000001e-01, 7.00000003e-02, 0., 2.80000001e-01, 1.40000001e-01,
    0., 2.80000001e-01, 2.10000008e-01, 0., 3.14999998e-01,
    3.50000001e-02, 0., 3.14999998e-01, 1.05000004e-01, 0.,
    3.14999998e-01, 1.74999997e-01, 0., 3.14999998e-01, 2.45000005e-01,
    0., 3.49999994e-01, 0., 0., 3.49999994e-01, 7.00000003e-02, 0.,
    3.49999994e-01, 1.40000001e-01, 0., 3.49999994e-01, 2.10000008e-01,
    0. ]
CalibrationFrameExtRotation: !!opencv-matrix
   rows: 3
   cols: 1
   dt: d
   data: [ 7.9899288909118582e-01, 2.7110082296503046e+00,
       7.4312240490641690e-01 ]
CalibrationFrameExtTranslation: !!opencv-matrix
   rows: 3
   cols: 1
   dt: d
   data: [ 2.4330728340291649e-01, -1.8077714300949971e-01,
       1.5931436495843099e+00 ]
CalibrationFrameRMSerror: 3.5782796144485474e-01
