%YAML:1.0
---
CalibrationFramePatternImage: [ 1.91035599e+02, 3.00716858e+01,
    1.94211884e+02, 4.94864540e+01, 1.97724915e+02, 6.90067215e+01,
    2.01404190e+02, 8.82698364e+01, 1.82056427e+02, 4.25380020e+01,
    1.85438171e+02, 6.18892479e+01, 1.89107269e+02, 8.10996780e+01,
    1.92817719e+02, 1.00252808e+02, 1.69687866e+02, 3.54395370e+01,
    1.73276245e+02, 5.51988792e+01, 1.76877441e+02, 7.43601761e+01,
    1.80647598e+02, 9.33767242e+01, 1.60865677e+02, 4.80213737e+01,
    1.64728378e+02, 6.75657196e+01, 1.68471436e+02, 8.68569717e+01,
    1.72288422e+02, 1.05870506e+02, 1.48098358e+02, 4.07705841e+01,
    1.52144714e+02, 6.07607727e+01, 1.56137085e+02, 8.03061523e+01,
    1.60107971e+02, 9.92836533e+01, 1.39470306e+02, 5.36398621e+01,
    1.43469040e+02, 7.33385468e+01, 1.47686432e+02, 9.26014862e+01,
    1.51807907e+02, 1.11564117e+02, 1.26581253e+02, 4.63186836e+01,
    1.30899902e+02, 6.63162766e+01, 1.35079559e+02, 8.57184677e+01,
    1.39471573e+02, 1.05080338e+02, 1.17916138e+02, 5.91215553e+01,
    1.22253799e+02, 7.88932495e+01, 1.26839615e+02, 9.82560577e+01,
    1.31331451e+02, 1.17457809e+02, 1.04917709e+02, 5.20972176e+01,
    1.09477135e+02, 7.20502396e+01, 1.14005814e+02, 9.14549637e+01,
    1.18627647e+02, 1.10819176e+02, 9.64982224e+01, 6.50639877e+01,
    1.01143417e+02, 8.47991638e+01, 1.05891579e+02, 1.04431519e+02,
    1.10674240e+02, 1.23516510e+02, 8.33791580e+01, 5.81975441e+01,
    8.82173309e+01, 7.82119293e+01, 9.30574951e+01, 9.76981277e+01,
    9.80539932e+01, 1.17089676e+02 ]
CalibrationFramePatternWorld: [ 0., 0., 0., 0., 7.00000003e-02, 0., 0.,
    1.40000001e-01, 0., 0., 2.10000008e-01, 0., 3.50000001e-02,
    3.50000001e-02, 0., 3.50000001e-02, 1.05000004e-01, 0.,
    3.50000001e-02, 1.74999997e-01, 0., 3.50000001e-02, 2.45000005e-01,
    0., 7.00000003e-02, 0., 0., 7.00000003e-02, 7.00000003e-02, 0.,
    7.00000003e-02, 1.40000001e-01, 0., 7.00000003e-02, 2.10000008e-01,
    0., 1.05000004e-01, 3.50000001e-02, 0., 1.05000004e-01,
    1.05000004e-01, 0., 1.05000004e-01, 1.74999997e-01, 0.,
    1.05000004e-01, 2.45000005e-01, 0., 1.40000001e-01, 0., 0.,
    1.40000001e-01, 7.00000003e-02, 0., 1.40000001e-01, 1.40000001e-01,
    0., 1.40000001e-01, 2.10000008e-01, 0., 1.74999997e-01,
    3.50000001e-02, 0., 1.74999997e-01, 1.05000004e-01, 0.,
    1.74999997e-01, 1.74999997e-01, 0., 1.74999997e-01, 2.45000005e-01,
    0., 2.10000008e-01, 0., 0., 2.10000008e-01, 7.00000003e-02, 0.,
    2.10000008e-01, 1.40000001e-01, 0., 2.10000008e-01, 2.10000008e-01,
    0., 2.45000005e-01, 3.50000001e-02, 0., 2.45000005e-01,
    1.05000004e-01, 0., 2.45000005e-01, 1.74999997e-01, 0.,
    2.45000005e-01, 2.45000005e-01, 0., 2.80000001e-01, 0., 0.,
    2.80000001e-01, 7.00000003e-02, 0., 2.80000001e-01, 1.40000001e-01,
    0., 2.80000001e-01, 2.10000008e-01, 0., 3.14999998e-01,
    3.50000001e-02, 0., 3.14999998e-01, 1.05000004e-01, 0.,
    3.14999998e-01, 1.74999997e-01, 0., 3.14999998e-01, 2.45000005e-01,
    0., 3.49999994e-01, 0., 0., 3.49999994e-01, 7.00000003e-02, 0.,
    3.49999994e-01, 1.40000001e-01, 0., 3.49999994e-01, 2.10000008e-01,
    0. ]
CalibrationFrameExtRotation: !!opencv-matrix
   rows: 3
   cols: 1
   dt: d
   data: [ 2.8442693892470711e-01, 2.6311882488240617e+00,
       8.6665734337297351e-01 ]
CalibrationFrameExtTranslation: !!opencv-matrix
   rows: 3
   cols: 1
   dt: d
   data: [ -5.1475249674260160e-01, -7.5335307379400118e-01,
       2.6259543619804266e+00 ]
CalibrationFrameRMSerror: 1.7646116018295288e-01
