%YAML:1.0
---
CalibrationFramePatternImage: [ 2.25497208e+02, 1.30601151e+02,
    2.25245636e+02, 1.51879257e+02, 2.25031204e+02, 1.73299423e+02,
    2.25228348e+02, 1.94689178e+02, 2.14324142e+02, 1.41454514e+02,
    2.14038696e+02, 1.62784241e+02, 2.14148636e+02, 1.84088226e+02,
    2.14485168e+02, 2.05383163e+02, 2.03375748e+02, 1.30852112e+02,
    2.03236023e+02, 1.52459534e+02, 2.03192108e+02, 1.73782684e+02,
    2.03421432e+02, 1.95243607e+02, 1.92085159e+02, 1.41924255e+02,
    1.92321487e+02, 1.63429321e+02, 1.92359085e+02, 1.84890640e+02,
    1.92695221e+02, 2.06171844e+02, 1.81084915e+02, 1.31172211e+02,
    1.81052994e+02, 1.52925934e+02, 1.81282150e+02, 1.74571030e+02,
    1.81646866e+02, 1.96000748e+02, 1.70019775e+02, 1.42347305e+02,
    1.70105392e+02, 1.64064209e+02, 1.70572952e+02, 1.85714737e+02,
    1.71047928e+02, 2.07009735e+02, 1.58900742e+02, 1.31649658e+02,
    1.59011032e+02, 1.53540497e+02, 1.59199677e+02, 1.75191132e+02,
    1.59836853e+02, 1.96688049e+02, 1.47795471e+02, 1.42802795e+02,
    1.48083786e+02, 1.64581284e+02, 1.48560089e+02, 1.86259384e+02,
    1.49284744e+02, 2.07971771e+02, 1.36579910e+02, 1.32173569e+02,
    1.36957306e+02, 1.54085785e+02, 1.37399338e+02, 1.75904007e+02,
    1.37935852e+02, 1.97577530e+02, 1.25626472e+02, 1.43417038e+02,
    1.26124458e+02, 1.65283234e+02, 1.26710114e+02, 1.87188446e+02,
    1.27400040e+02, 2.08777939e+02, 1.14428093e+02, 1.32688232e+02,
    1.14850845e+02, 1.54782288e+02, 1.15436356e+02, 1.76686569e+02,
    1.16145950e+02, 1.98528519e+02 ]
CalibrationFramePatternWorld: [ 0., 0., 0., 0., 7.00000003e-02, 0., 0.,
    1.40000001e-01, 0., 0., 2.10000008e-01, 0., 3.50000001e-02,
    3.50000001e-02, 0., 3.50000001e-02, 1.05000004e-01, 0.,
    3.50000001e-02, 1.74999997e-01, 0., 3.50000001e-02, 2.45000005e-01,
    0., 7.00000003e-02, 0., 0., 7.00000003e-02, 7.00000003e-02, 0.,
    7.00000003e-02, 1.40000001e-01, 0., 7.00000003e-02, 2.10000008e-01,
    0., 1.05000004e-01, 3.50000001e-02, 0., 1.05000004e-01,
    1.05000004e-01, 0., 1.05000004e-01, 1.74999997e-01, 0.,
    1.05000004e-01, 2.45000005e-01, 0., 1.40000001e-01, 0., 0.,
    1.40000001e-01, 7.00000003e-02, 0., 1.40000001e-01, 1.40000001e-01,
    0., 1.40000001e-01, 2.10000008e-01, 0., 1.74999997e-01,
    3.50000001e-02, 0., 1.74999997e-01, 1.05000004e-01, 0.,
    1.74999997e-01, 1.74999997e-01, 0., 1.74999997e-01, 2.45000005e-01,
    0., 2.10000008e-01, 0., 0., 2.10000008e-01, 7.00000003e-02, 0.,
    2.10000008e-01, 1.40000001e-01, 0., 2.10000008e-01, 2.10000008e-01,
    0., 2.45000005e-01, 3.50000001e-02, 0., 2.45000005e-01,
    1.05000004e-01, 0., 2.45000005e-01, 1.74999997e-01, 0.,
    2.45000005e-01, 2.45000005e-01, 0., 2.80000001e-01, 0., 0.,
    2.80000001e-01, 7.00000003e-02, 0., 2.80000001e-01, 1.40000001e-01,
    0., 2.80000001e-01, 2.10000008e-01, 0., 3.14999998e-01,
    3.50000001e-02, 0., 3.14999998e-01, 1.05000004e-01, 0.,
    3.14999998e-01, 1.74999997e-01, 0., 3.14999998e-01, 2.45000005e-01,
    0., 3.49999994e-01, 0., 0., 3.49999994e-01, 7.00000003e-02, 0.,
    3.49999994e-01, 1.40000001e-01, 0., 3.49999994e-01, 2.10000008e-01,
    0. ]
CalibrationFrameExtRotation: !!opencv-matrix
   rows: 3
   cols: 1
   dt: d
   data: [ 7.2363249468783211e-03, 2.8568058661854523e+00,
       4.1621180198622582e-01 ]
CalibrationFrameExtTranslation: !!opencv-matrix
   rows: 3
   cols: 1
   dt: d
   data: [ -4.0694292671713139e-01, -4.3435009184147816e-01,
       2.6914842517046709e+00 ]
CalibrationFrameRMSerror: 1.6846585273742676e-01
