%YAML:1.0
---
CalibrationFramePatternImage: [ 4.61039093e+02, 2.98144653e+02,
    4.45289032e+02, 3.31417084e+02, 4.29981628e+02, 3.64838837e+02,
    4.14853088e+02, 3.97983185e+02, 4.36927063e+02, 3.08254425e+02,
    4.21029083e+02, 3.41723114e+02, 4.05638153e+02, 3.75031921e+02,
    3.90603088e+02, 4.08230011e+02, 4.28028259e+02, 2.84342316e+02,
    4.12194000e+02, 3.18529114e+02, 3.96656189e+02, 3.52005005e+02,
    3.81266571e+02, 3.85594727e+02, 4.03077515e+02, 2.94652863e+02,
    3.87590912e+02, 3.28862274e+02, 3.72085999e+02, 3.62749451e+02,
    3.57082031e+02, 3.96384064e+02, 3.93742188e+02, 2.70006317e+02,
    3.78140259e+02, 3.04955627e+02, 3.62603363e+02, 3.39362610e+02,
    3.47326019e+02, 3.73306305e+02, 3.68472198e+02, 2.80368805e+02,
    3.53009369e+02, 3.15218048e+02, 3.37664032e+02, 3.49825500e+02,
    3.22645294e+02, 3.83773712e+02, 3.58933502e+02, 2.55384705e+02,
    3.43087616e+02, 2.90854767e+02, 3.27623901e+02, 3.25618225e+02,
    3.12622650e+02, 3.60336182e+02, 3.33359650e+02, 2.65728302e+02,
    3.17675720e+02, 3.01151642e+02, 3.02584167e+02, 3.36122833e+02,
    2.87633911e+02, 3.71097717e+02, 3.23406067e+02, 2.40382721e+02,
    3.07626953e+02, 2.76298340e+02, 2.92408112e+02, 3.11757568e+02,
    2.77207977e+02, 3.46867432e+02, 2.97675690e+02, 2.51040237e+02,
    2.82106873e+02, 2.86810638e+02, 2.66904938e+02, 3.22647217e+02,
    2.52303223e+02, 3.57787872e+02, 2.87689484e+02, 2.25435455e+02,
    2.71938293e+02, 2.61581207e+02, 2.56492340e+02, 2.97631104e+02,
    2.41701248e+02, 3.33589020e+02 ]
CalibrationFramePatternWorld: [ 0., 0., 0., 0., 7.00000003e-02, 0., 0.,
    1.40000001e-01, 0., 0., 2.10000008e-01, 0., 3.50000001e-02,
    3.50000001e-02, 0., 3.50000001e-02, 1.05000004e-01, 0.,
    3.50000001e-02, 1.74999997e-01, 0., 3.50000001e-02, 2.45000005e-01,
    0., 7.00000003e-02, 0., 0., 7.00000003e-02, 7.00000003e-02, 0.,
    7.00000003e-02, 1.40000001e-01, 0., 7.00000003e-02, 2.10000008e-01,
    0., 1.05000004e-01, 3.50000001e-02, 0., 1.05000004e-01,
    1.05000004e-01, 0., 1.05000004e-01, 1.74999997e-01, 0.,
    1.05000004e-01, 2.45000005e-01, 0., 1.40000001e-01, 0., 0.,
    1.40000001e-01, 7.00000003e-02, 0., 1.40000001e-01, 1.40000001e-01,
    0., 1.40000001e-01, 2.10000008e-01, 0., 1.74999997e-01,
    3.50000001e-02, 0., 1.74999997e-01, 1.05000004e-01, 0.,
    1.74999997e-01, 1.74999997e-01, 0., 1.74999997e-01, 2.45000005e-01,
    0., 2.10000008e-01, 0., 0., 2.10000008e-01, 7.00000003e-02, 0.,
    2.10000008e-01, 1.40000001e-01, 0., 2.10000008e-01, 2.10000008e-01,
    0., 2.45000005e-01, 3.50000001e-02, 0., 2.45000005e-01,
    1.05000004e-01, 0., 2.45000005e-01, 1.74999997e-01, 0.,
    2.45000005e-01, 2.45000005e-01, 0., 2.80000001e-01, 0., 0.,
    2.80000001e-01, 7.00000003e-02, 0., 2.80000001e-01, 1.40000001e-01,
    0., 2.80000001e-01, 2.10000008e-01, 0., 3.14999998e-01,
    3.50000001e-02, 0., 3.14999998e-01, 1.05000004e-01, 0.,
    3.14999998e-01, 1.74999997e-01, 0., 3.14999998e-01, 2.45000005e-01,
    0., 3.49999994e-01, 0., 0., 3.49999994e-01, 7.00000003e-02, 0.,
    3.49999994e-01, 1.40000001e-01, 0., 3.49999994e-01, 2.10000008e-01,
    0. ]
CalibrationFrameExtRotation: !!opencv-matrix
   rows: 3
   cols: 1
   dt: d
   data: [ -5.8526037440964074e-01, 2.8694891587818954e+00,
       2.0002028566993998e-01 ]
CalibrationFrameExtTranslation: !!opencv-matrix
   rows: 3
   cols: 1
   dt: d
   data: [ 1.9723695252673082e-01, 5.7375121931183388e-02,
       1.5974623520418672e+00 ]
CalibrationFrameRMSerror: 3.2478275895118713e-01
