%YAML:1.0
---
CalibrationFramePatternImage: [ 2.87901489e+02, 3.05848083e+02,
    2.83643860e+02, 3.27654297e+02, 2.79852753e+02, 3.49783875e+02,
    2.76317444e+02, 3.71901276e+02, 2.75446716e+02, 3.15212036e+02,
    2.71187927e+02, 3.37267242e+02, 2.67385315e+02, 3.59368927e+02,
    2.63835693e+02, 3.81665070e+02, 2.67109039e+02, 3.02562958e+02,
    2.62999908e+02, 3.24911560e+02, 2.58822418e+02, 3.46890808e+02,
    2.55128281e+02, 3.69326538e+02, 2.54303558e+02, 3.12122131e+02,
    2.50417633e+02, 3.34552582e+02, 2.46385254e+02, 3.56777649e+02,
    2.42548447e+02, 3.79237305e+02, 2.45464096e+02, 2.99230255e+02,
    2.41711121e+02, 3.21758270e+02, 2.37671310e+02, 3.44337036e+02,
    2.33818604e+02, 3.66903137e+02, 2.32656830e+02, 3.08750610e+02,
    2.28740372e+02, 3.31481110e+02, 2.24867310e+02, 3.54324615e+02,
    2.21159180e+02, 3.76813660e+02, 2.23722061e+02, 2.95577545e+02,
    2.19757263e+02, 3.18655731e+02, 2.15796600e+02, 3.41458282e+02,
    2.12084366e+02, 3.64139069e+02, 2.10695908e+02, 3.05410461e+02,
    2.06662537e+02, 3.28375641e+02, 2.02748581e+02, 3.51346863e+02,
    1.99187836e+02, 3.74507111e+02, 2.01426651e+02, 2.92104156e+02,
    1.97454224e+02, 3.15387177e+02, 1.93560410e+02, 3.38291107e+02,
    1.89747208e+02, 3.61353851e+02, 1.88204178e+02, 3.02017456e+02,
    1.84332855e+02, 3.25168121e+02, 1.80273804e+02, 3.48488617e+02,
    1.76913620e+02, 3.71676147e+02, 1.78894257e+02, 2.88421417e+02,
    1.75027603e+02, 3.11914062e+02, 1.71033203e+02, 3.35237854e+02,
    1.67517349e+02, 3.58614990e+02 ]
CalibrationFramePatternWorld: [ 0., 0., 0., 0., 7.00000003e-02, 0., 0.,
    1.40000001e-01, 0., 0., 2.10000008e-01, 0., 3.50000001e-02,
    3.50000001e-02, 0., 3.50000001e-02, 1.05000004e-01, 0.,
    3.50000001e-02, 1.74999997e-01, 0., 3.50000001e-02, 2.45000005e-01,
    0., 7.00000003e-02, 0., 0., 7.00000003e-02, 7.00000003e-02, 0.,
    7.00000003e-02, 1.40000001e-01, 0., 7.00000003e-02, 2.10000008e-01,
    0., 1.05000004e-01, 3.50000001e-02, 0., 1.05000004e-01,
    1.05000004e-01, 0., 1.05000004e-01, 1.74999997e-01, 0.,
    1.05000004e-01, 2.45000005e-01, 0., 1.40000001e-01, 0., 0.,
    1.40000001e-01, 7.00000003e-02, 0., 1.40000001e-01, 1.40000001e-01,
    0., 1.40000001e-01, 2.10000008e-01, 0., 1.74999997e-01,
    3.50000001e-02, 0., 1.74999997e-01, 1.05000004e-01, 0.,
    1.74999997e-01, 1.74999997e-01, 0., 1.74999997e-01, 2.45000005e-01,
    0., 2.10000008e-01, 0., 0., 2.10000008e-01, 7.00000003e-02, 0.,
    2.10000008e-01, 1.40000001e-01, 0., 2.10000008e-01, 2.10000008e-01,
    0., 2.45000005e-01, 3.50000001e-02, 0., 2.45000005e-01,
    1.05000004e-01, 0., 2.45000005e-01, 1.74999997e-01, 0.,
    2.45000005e-01, 2.45000005e-01, 0., 2.80000001e-01, 0., 0.,
    2.80000001e-01, 7.00000003e-02, 0., 2.80000001e-01, 1.40000001e-01,
    0., 2.80000001e-01, 2.10000008e-01, 0., 3.14999998e-01,
    3.50000001e-02, 0., 3.14999998e-01, 1.05000004e-01, 0.,
    3.14999998e-01, 1.74999997e-01, 0., 3.14999998e-01, 2.45000005e-01,
    0., 3.49999994e-01, 0., 0., 3.49999994e-01, 7.00000003e-02, 0.,
    3.49999994e-01, 1.40000001e-01, 0., 3.49999994e-01, 2.10000008e-01,
    0. ]
CalibrationFrameExtRotation: !!opencv-matrix
   rows: 3
   cols: 1
   dt: d
   data: [ -2.3701983931741130e-01, 2.6599271877789312e+00,
       5.1029733541235883e-02 ]
CalibrationFrameExtTranslation: !!opencv-matrix
   rows: 3
   cols: 1
   dt: d
   data: [ -2.0411873047303422e-01, 1.1918333971374116e-01,
       2.6531648459286648e+00 ]
CalibrationFrameRMSerror: 1.8979920446872711e-01
