%YAML:1.0
---
CalibrationFramePatternImage: [ 3.88520996e+02, 4.75102730e+01,
    3.97387634e+02, 8.21402817e+01, 4.06512268e+02, 1.16634544e+02,
    4.15880615e+02, 1.50475403e+02, 3.75878845e+02, 7.02401581e+01,
    3.84720123e+02, 1.04882942e+02, 3.94136597e+02, 1.38988327e+02,
    4.03669128e+02, 1.72709534e+02, 3.53581055e+02, 5.80944824e+01,
    3.63152710e+02, 9.34640045e+01, 3.72471832e+02, 1.27740456e+02,
    3.82071533e+02, 1.61739929e+02, 3.40757965e+02, 8.14639282e+01,
    3.50613525e+02, 1.16451607e+02, 3.60425964e+02, 1.50859299e+02,
    3.70204865e+02, 1.84424927e+02, 3.17587555e+02, 6.93826218e+01,
    3.27946625e+02, 1.04904060e+02, 3.38183868e+02, 1.39820984e+02,
    3.48300079e+02, 1.73906448e+02, 3.04726105e+02, 9.29296265e+01,
    3.15277435e+02, 1.28309494e+02, 3.25916351e+02, 1.62938843e+02,
    3.36402130e+02, 1.96763870e+02, 2.81052673e+02, 8.08077545e+01,
    2.91904083e+02, 1.16753242e+02, 3.02716370e+02, 1.51630356e+02,
    3.13848663e+02, 1.86070099e+02, 2.68150360e+02, 1.04892540e+02,
    2.79260498e+02, 1.40272552e+02, 2.90564484e+02, 1.75147430e+02,
    3.01860321e+02, 2.09464920e+02, 2.44124435e+02, 9.30429993e+01,
    2.55547287e+02, 1.28997223e+02, 2.67101166e+02, 1.64139175e+02,
    2.78660095e+02, 1.98800385e+02, 2.31446320e+02, 1.17406235e+02,
    2.43258926e+02, 1.52999619e+02, 2.55186432e+02, 1.88006470e+02,
    2.67056549e+02, 2.22382416e+02, 2.07016312e+02, 1.05722061e+02,
    2.19119156e+02, 1.41854813e+02, 2.31304779e+02, 1.77074615e+02,
    2.43582458e+02, 2.12054520e+02 ]
CalibrationFramePatternWorld: [ 0., 0., 0., 0., 7.00000003e-02, 0., 0.,
    1.40000001e-01, 0., 0., 2.10000008e-01, 0., 3.50000001e-02,
    3.50000001e-02, 0., 3.50000001e-02, 1.05000004e-01, 0.,
    3.50000001e-02, 1.74999997e-01, 0., 3.50000001e-02, 2.45000005e-01,
    0., 7.00000003e-02, 0., 0., 7.00000003e-02, 7.00000003e-02, 0.,
    7.00000003e-02, 1.40000001e-01, 0., 7.00000003e-02, 2.10000008e-01,
    0., 1.05000004e-01, 3.50000001e-02, 0., 1.05000004e-01,
    1.05000004e-01, 0., 1.05000004e-01, 1.74999997e-01, 0.,
    1.05000004e-01, 2.45000005e-01, 0., 1.40000001e-01, 0., 0.,
    1.40000001e-01, 7.00000003e-02, 0., 1.40000001e-01, 1.40000001e-01,
    0., 1.40000001e-01, 2.10000008e-01, 0., 1.74999997e-01,
    3.50000001e-02, 0., 1.74999997e-01, 1.05000004e-01, 0.,
    1.74999997e-01, 1.74999997e-01, 0., 1.74999997e-01, 2.45000005e-01,
    0., 2.10000008e-01, 0., 0., 2.10000008e-01, 7.00000003e-02, 0.,
    2.10000008e-01, 1.40000001e-01, 0., 2.10000008e-01, 2.10000008e-01,
    0., 2.45000005e-01, 3.50000001e-02, 0., 2.45000005e-01,
    1.05000004e-01, 0., 2.45000005e-01, 1.74999997e-01, 0.,
    2.45000005e-01, 2.45000005e-01, 0., 2.80000001e-01, 0., 0.,
    2.80000001e-01, 7.00000003e-02, 0., 2.80000001e-01, 1.40000001e-01,
    0., 2.80000001e-01, 2.10000008e-01, 0., 3.14999998e-01,
    3.50000001e-02, 0., 3.14999998e-01, 1.05000004e-01, 0.,
    3.14999998e-01, 1.74999997e-01, 0., 3.14999998e-01, 2.45000005e-01,
    0., 3.49999994e-01, 0., 0., 3.49999994e-01, 7.00000003e-02, 0.,
    3.49999994e-01, 1.40000001e-01, 0., 3.49999994e-01, 2.10000008e-01,
    0. ]
CalibrationFrameExtRotation: !!opencv-matrix
   rows: 3
   cols: 1
   dt: d
   data: [ 4.6532044397901962e-01, 2.8224418696981761e+00,
       5.4016015691694230e-01 ]
CalibrationFrameExtTranslation: !!opencv-matrix
   rows: 3
   cols: 1
   dt: d
   data: [ 6.2387384554719989e-02, -4.0983089929649225e-01,
       1.5634171106719246e+00 ]
CalibrationFrameRMSerror: 3.7727770209312439e-01
