%YAML:1.0
---
CalibrationFramePatternImage: [ 5.83096558e+02, 1.73065613e+02,
    5.86585327e+02, 1.93716843e+02, 5.90473572e+02, 2.13976547e+02,
    5.94320984e+02, 2.33749680e+02, 5.74765808e+02, 1.89310791e+02,
    5.78180908e+02, 2.09368927e+02, 5.82079346e+02, 2.29009079e+02,
    5.85830872e+02, 2.48584457e+02, 5.62068909e+02, 1.84516083e+02,
    5.66180664e+02, 2.05383133e+02, 5.69815002e+02, 2.25061340e+02,
    5.73748596e+02, 2.44630600e+02, 5.53560669e+02, 2.00835510e+02,
    5.57943237e+02, 2.21277817e+02, 5.61875793e+02, 2.40758911e+02,
    5.65660889e+02, 2.59953430e+02, 5.40442322e+02, 1.96097610e+02,
    5.45099976e+02, 2.16949661e+02, 5.49770447e+02, 2.36925232e+02,
    5.53674561e+02, 2.56493378e+02, 5.31663391e+02, 2.12167786e+02,
    5.36538330e+02, 2.32655579e+02, 5.41222717e+02, 2.52367538e+02,
    5.45514587e+02, 2.71621857e+02, 5.18010742e+02, 2.07611450e+02,
    5.23254639e+02, 2.28535995e+02, 5.27903381e+02, 2.48349838e+02,
    5.32754517e+02, 2.67803131e+02, 5.09473022e+02, 2.24091507e+02,
    5.14508301e+02, 2.44339081e+02, 5.19466431e+02, 2.63875366e+02,
    5.24578674e+02, 2.83279877e+02, 4.95387085e+02, 2.19469955e+02,
    5.00854675e+02, 2.40306137e+02, 5.06096741e+02, 2.60321136e+02,
    5.11429504e+02, 2.79479523e+02, 4.86918304e+02, 2.36179901e+02,
    4.92528473e+02, 2.56414886e+02, 4.98007050e+02, 2.76191101e+02,
    5.03437195e+02, 2.95159851e+02, 4.72574677e+02, 2.31905792e+02,
    4.78673553e+02, 2.52524765e+02, 4.84325867e+02, 2.72476349e+02,
    4.90263824e+02, 2.91975647e+02 ]
CalibrationFramePatternWorld: [ 0., 0., 0., 0., 7.00000003e-02, 0., 0.,
    1.40000001e-01, 0., 0., 2.10000008e-01, 0., 3.50000001e-02,
    3.50000001e-02, 0., 3.50000001e-02, 1.05000004e-01, 0.,
    3.50000001e-02, 1.74999997e-01, 0., 3.50000001e-02, 2.45000005e-01,
    0., 7.00000003e-02, 0., 0., 7.00000003e-02, 7.00000003e-02, 0.,
    7.00000003e-02, 1.40000001e-01, 0., 7.00000003e-02, 2.10000008e-01,
    0., 1.05000004e-01, 3.50000001e-02, 0., 1.05000004e-01,
    1.05000004e-01, 0., 1.05000004e-01, 1.74999997e-01, 0.,
    1.05000004e-01, 2.45000005e-01, 0., 1.40000001e-01, 0., 0.,
    1.40000001e-01, 7.00000003e-02, 0., 1.40000001e-01, 1.40000001e-01,
    0., 1.40000001e-01, 2.10000008e-01, 0., 1.74999997e-01,
    3.50000001e-02, 0., 1.74999997e-01, 1.05000004e-01, 0.,
    1.74999997e-01, 1.74999997e-01, 0., 1.74999997e-01, 2.45000005e-01,
    0., 2.10000008e-01, 0., 0., 2.10000008e-01, 7.00000003e-02, 0.,
    2.10000008e-01, 1.40000001e-01, 0., 2.10000008e-01, 2.10000008e-01,
    0., 2.45000005e-01, 3.50000001e-02, 0., 2.45000005e-01,
    1.05000004e-01, 0., 2.45000005e-01, 1.74999997e-01, 0.,
    2.45000005e-01, 2.45000005e-01, 0., 2.80000001e-01, 0., 0.,
    2.80000001e-01, 7.00000003e-02, 0., 2.80000001e-01, 1.40000001e-01,
    0., 2.80000001e-01, 2.10000008e-01, 0., 3.14999998e-01,
    3.50000001e-02, 0., 3.14999998e-01, 1.05000004e-01, 0.,
    3.14999998e-01, 1.74999997e-01, 0., 3.14999998e-01, 2.45000005e-01,
    0., 3.49999994e-01, 0., 0., 3.49999994e-01, 7.00000003e-02, 0.,
    3.49999994e-01, 1.40000001e-01, 0., 3.49999994e-01, 2.10000008e-01,
    0. ]
CalibrationFrameExtRotation: !!opencv-matrix
   rows: 3
   cols: 1
   dt: d
   data: [ 6.0096640298596471e-01, 2.6814348423278229e+00,
       8.4257463320644987e-01 ]
CalibrationFrameExtTranslation: !!opencv-matrix
   rows: 3
   cols: 1
   dt: d
   data: [ 6.0695535563114245e-01, -2.5067077593564407e-01,
       2.2244445571871547e+00 ]
CalibrationFrameRMSerror: 2.7787739038467407e-01
