%YAML:1.0
---
CalibrationFramePatternImage: [ 2.45880173e+02, 2.74475159e+02,
    2.53728073e+02, 3.00336487e+02, 2.61804108e+02, 3.26648651e+02,
    2.70005310e+02, 3.53387604e+02, 2.36555862e+02, 2.91059784e+02,
    2.44226883e+02, 3.17294159e+02, 2.52327988e+02, 3.43805023e+02,
    2.60620331e+02, 3.70672424e+02, 2.19220032e+02, 2.81776215e+02,
    2.27093643e+02, 3.07949677e+02, 2.34944168e+02, 3.34252014e+02,
    2.42906570e+02, 3.60991791e+02, 2.09664841e+02, 2.98485840e+02,
    2.17652573e+02, 3.24760620e+02, 2.25431625e+02, 3.51367279e+02,
    2.33354095e+02, 3.78263916e+02, 1.92528000e+02, 2.89188812e+02,
    2.00299606e+02, 3.15218872e+02, 2.08028656e+02, 3.41668579e+02,
    2.15908112e+02, 3.68397034e+02, 1.83165970e+02, 3.05870789e+02,
    1.90708466e+02, 3.32166992e+02, 1.98531082e+02, 3.58893250e+02,
    2.06220108e+02, 3.85764313e+02, 1.66133911e+02, 2.96684143e+02,
    1.73489273e+02, 3.22824005e+02, 1.81151779e+02, 3.49261658e+02,
    1.88976822e+02, 3.75929169e+02, 1.56426620e+02, 3.13404755e+02,
    1.64008102e+02, 3.39571564e+02, 1.71546661e+02, 3.66198059e+02,
    1.79209976e+02, 3.93235779e+02, 1.39517166e+02, 3.03972260e+02,
    1.46926575e+02, 3.30155182e+02, 1.54503784e+02, 3.56502167e+02,
    1.61958954e+02, 3.83358551e+02, 1.29970154e+02, 3.20704224e+02,
    1.37333679e+02, 3.46817139e+02, 1.44754150e+02, 3.73432037e+02,
    1.52286301e+02, 4.00304382e+02, 1.13219666e+02, 3.11129395e+02,
    1.20452431e+02, 3.37156860e+02, 1.27758018e+02, 3.63738098e+02,
    1.35043411e+02, 3.90494415e+02 ]
CalibrationFramePatternWorld: [ 0., 0., 0., 0., 7.00000003e-02, 0., 0.,
    1.40000001e-01, 0., 0., 2.10000008e-01, 0., 3.50000001e-02,
    3.50000001e-02, 0., 3.50000001e-02, 1.05000004e-01, 0.,
    3.50000001e-02, 1.74999997e-01, 0., 3.50000001e-02, 2.45000005e-01,
    0., 7.00000003e-02, 0., 0., 7.00000003e-02, 7.00000003e-02, 0.,
    7.00000003e-02, 1.40000001e-01, 0., 7.00000003e-02, 2.10000008e-01,
    0., 1.05000004e-01, 3.50000001e-02, 0., 1.05000004e-01,
    1.05000004e-01, 0., 1.05000004e-01, 1.74999997e-01, 0.,
    1.05000004e-01, 2.45000005e-01, 0., 1.40000001e-01, 0., 0.,
    1.40000001e-01, 7.00000003e-02, 0., 1.40000001e-01, 1.40000001e-01,
    0., 1.40000001e-01, 2.10000008e-01, 0., 1.74999997e-01,
    3.50000001e-02, 0., 1.74999997e-01, 1.05000004e-01, 0.,
    1.74999997e-01, 1.74999997e-01, 0., 1.74999997e-01, 2.45000005e-01,
    0., 2.10000008e-01, 0., 0., 2.10000008e-01, 7.00000003e-02, 0.,
    2.10000008e-01, 1.40000001e-01, 0., 2.10000008e-01, 2.10000008e-01,
    0., 2.45000005e-01, 3.50000001e-02, 0., 2.45000005e-01,
    1.05000004e-01, 0., 2.45000005e-01, 1.74999997e-01, 0.,
    2.45000005e-01, 2.45000005e-01, 0., 2.80000001e-01, 0., 0.,
    2.80000001e-01, 7.00000003e-02, 0., 2.80000001e-01, 1.40000001e-01,
    0., 2.80000001e-01, 2.10000008e-01, 0., 3.14999998e-01,
    3.50000001e-02, 0., 3.14999998e-01, 1.05000004e-01, 0.,
    3.14999998e-01, 1.74999997e-01, 0., 3.14999998e-01, 2.45000005e-01,
    0., 3.49999994e-01, 0., 0., 3.49999994e-01, 7.00000003e-02, 0.,
    3.49999994e-01, 1.40000001e-01, 0., 3.49999994e-01, 2.10000008e-01,
    0. ]
CalibrationFrameExtRotation: !!opencv-matrix
   rows: 3
   cols: 1
   dt: d
   data: [ -4.7801409880996520e-01, -3.2801338310407999e+00,
       3.2548208514829052e-01 ]
CalibrationFrameExtTranslation: !!opencv-matrix
   rows: 3
   cols: 1
   dt: d
   data: [ -2.7481019162809456e-01, 1.9732833131133786e-02,
       2.1907382451449444e+00 ]
CalibrationFrameRMSerror: 2.6819923520088196e-01
