%YAML:1.0
---
CalibrationFramePatternImage: [ 2.13282822e+02, 2.73726715e+02,
    2.25066132e+02, 2.97469543e+02, 2.37272202e+02, 3.21222198e+02,
    2.49748566e+02, 3.45133209e+02, 2.07754333e+02, 2.91586853e+02,
    2.19574814e+02, 3.15540771e+02, 2.31958649e+02, 3.39431305e+02,
    2.44516876e+02, 3.63326324e+02, 1.90065338e+02, 2.85684113e+02,
    2.02272064e+02, 3.09785614e+02, 2.14353424e+02, 3.33683777e+02,
    2.26854630e+02, 3.57647247e+02, 1.84616943e+02, 3.03898529e+02,
    1.96866989e+02, 3.27839691e+02, 2.09127777e+02, 3.51993896e+02,
    2.21691116e+02, 3.75985260e+02, 1.66609314e+02, 2.97945740e+02,
    1.78994598e+02, 3.22226166e+02, 1.91543839e+02, 3.46301727e+02,
    2.03995056e+02, 3.70430695e+02, 1.60935349e+02, 3.16250946e+02,
    1.73410034e+02, 3.40632416e+02, 1.86035904e+02, 3.64871704e+02,
    1.98722473e+02, 3.88940491e+02, 1.42650330e+02, 3.10410889e+02,
    1.55176910e+02, 3.34947876e+02, 1.67872833e+02, 3.59100403e+02,
    1.80766876e+02, 3.83319489e+02, 1.36996124e+02, 3.28861115e+02,
    1.49682312e+02, 3.53368500e+02, 1.62432587e+02, 3.77523224e+02,
    1.75433441e+02, 4.02021240e+02, 1.18577751e+02, 3.23004730e+02,
    1.31401337e+02, 3.47490845e+02, 1.44078018e+02, 3.71949341e+02,
    1.57066162e+02, 3.96310730e+02, 1.12964165e+02, 3.41613281e+02,
    1.25720406e+02, 3.66046600e+02, 1.38718613e+02, 3.90752136e+02,
    1.51697113e+02, 4.15171722e+02, 9.45097275e+01, 3.35615753e+02,
    1.07418480e+02, 3.60267700e+02, 1.20336380e+02, 3.84934174e+02,
    1.33419327e+02, 4.09467468e+02 ]
CalibrationFramePatternWorld: [ 0., 0., 0., 0., 7.00000003e-02, 0., 0.,
    1.40000001e-01, 0., 0., 2.10000008e-01, 0., 3.50000001e-02,
    3.50000001e-02, 0., 3.50000001e-02, 1.05000004e-01, 0.,
    3.50000001e-02, 1.74999997e-01, 0., 3.50000001e-02, 2.45000005e-01,
    0., 7.00000003e-02, 0., 0., 7.00000003e-02, 7.00000003e-02, 0.,
    7.00000003e-02, 1.40000001e-01, 0., 7.00000003e-02, 2.10000008e-01,
    0., 1.05000004e-01, 3.50000001e-02, 0., 1.05000004e-01,
    1.05000004e-01, 0., 1.05000004e-01, 1.74999997e-01, 0.,
    1.05000004e-01, 2.45000005e-01, 0., 1.40000001e-01, 0., 0.,
    1.40000001e-01, 7.00000003e-02, 0., 1.40000001e-01, 1.40000001e-01,
    0., 1.40000001e-01, 2.10000008e-01, 0., 1.74999997e-01,
    3.50000001e-02, 0., 1.74999997e-01, 1.05000004e-01, 0.,
    1.74999997e-01, 1.74999997e-01, 0., 1.74999997e-01, 2.45000005e-01,
    0., 2.10000008e-01, 0., 0., 2.10000008e-01, 7.00000003e-02, 0.,
    2.10000008e-01, 1.40000001e-01, 0., 2.10000008e-01, 2.10000008e-01,
    0., 2.45000005e-01, 3.50000001e-02, 0., 2.45000005e-01,
    1.05000004e-01, 0., 2.45000005e-01, 1.74999997e-01, 0.,
    2.45000005e-01, 2.45000005e-01, 0., 2.80000001e-01, 0., 0.,
    2.80000001e-01, 7.00000003e-02, 0., 2.80000001e-01, 1.40000001e-01,
    0., 2.80000001e-01, 2.10000008e-01, 0., 3.14999998e-01,
    3.50000001e-02, 0., 3.14999998e-01, 1.05000004e-01, 0.,
    3.14999998e-01, 1.74999997e-01, 0., 3.14999998e-01, 2.45000005e-01,
    0., 3.49999994e-01, 0., 0., 3.49999994e-01, 7.00000003e-02, 0.,
    3.49999994e-01, 1.40000001e-01, 0., 3.49999994e-01, 2.10000008e-01,
    0. ]
CalibrationFrameExtRotation: !!opencv-matrix
   rows: 3
   cols: 1
   dt: d
   data: [ 6.3530923391535732e-01, 2.6128428006059488e+00,
       1.1622944216521767e-02 ]
CalibrationFrameExtTranslation: !!opencv-matrix
   rows: 3
   cols: 1
   dt: d
   data: [ -3.6465994068131780e-01, 1.7589961094118315e-02,
       2.2218062471195763e+00 ]
CalibrationFrameRMSerror: 1.8041960895061493e-01
