%YAML:1.0
---
CalibrationFramePatternImage: [ 5.99389282e+02, 2.57284485e+02,
    5.99359009e+02, 2.83117340e+02, 5.99150635e+02, 3.09675751e+02,
    5.99092346e+02, 3.36773376e+02, 5.85910583e+02, 2.70992493e+02,
    5.85371765e+02, 2.97204285e+02, 5.85179016e+02, 3.24045532e+02,
    5.84664612e+02, 3.51746979e+02, 5.72192505e+02, 2.59071930e+02,
    5.71885559e+02, 2.84948273e+02, 5.71422546e+02, 3.11306793e+02,
    5.70825745e+02, 3.38538757e+02, 5.58367737e+02, 2.72792542e+02,
    5.57915405e+02, 2.98752869e+02, 5.57088684e+02, 3.25308167e+02,
    5.56217834e+02, 3.52814392e+02, 5.45285767e+02, 2.61356415e+02,
    5.44536926e+02, 2.86528595e+02, 5.43708069e+02, 3.12687469e+02,
    5.42781372e+02, 3.39533630e+02, 5.31726929e+02, 2.74806152e+02,
    5.30484741e+02, 3.00368683e+02, 5.29668213e+02, 3.26876129e+02,
    5.28219604e+02, 3.53825348e+02, 5.18945007e+02, 2.63467804e+02,
    5.17830872e+02, 2.88566132e+02, 5.16537354e+02, 3.14373688e+02,
    5.15274231e+02, 3.40859192e+02, 5.05275177e+02, 2.76858948e+02,
    5.03981262e+02, 3.02257080e+02, 5.02339111e+02, 3.28205505e+02,
    5.00283936e+02, 3.54666870e+02, 4.92804749e+02, 2.65440857e+02,
    4.91383453e+02, 2.90419312e+02, 4.89854736e+02, 3.15757812e+02,
    4.88032806e+02, 3.42147919e+02, 4.79051849e+02, 2.78607361e+02,
    4.77339050e+02, 3.03522766e+02, 4.75506195e+02, 3.29424133e+02,
    4.73212372e+02, 3.55432007e+02, 4.67080902e+02, 2.67303070e+02,
    4.65105988e+02, 2.91548340e+02, 4.63093231e+02, 3.17006531e+02,
    4.60746887e+02, 3.42599243e+02 ]
CalibrationFramePatternWorld: [ 0., 0., 0., 0., 7.00000003e-02, 0., 0.,
    1.40000001e-01, 0., 0., 2.10000008e-01, 0., 3.50000001e-02,
    3.50000001e-02, 0., 3.50000001e-02, 1.05000004e-01, 0.,
    3.50000001e-02, 1.74999997e-01, 0., 3.50000001e-02, 2.45000005e-01,
    0., 7.00000003e-02, 0., 0., 7.00000003e-02, 7.00000003e-02, 0.,
    7.00000003e-02, 1.40000001e-01, 0., 7.00000003e-02, 2.10000008e-01,
    0., 1.05000004e-01, 3.50000001e-02, 0., 1.05000004e-01,
    1.05000004e-01, 0., 1.05000004e-01, 1.74999997e-01, 0.,
    1.05000004e-01, 2.45000005e-01, 0., 1.40000001e-01, 0., 0.,
    1.40000001e-01, 7.00000003e-02, 0., 1.40000001e-01, 1.40000001e-01,
    0., 1.40000001e-01, 2.10000008e-01, 0., 1.74999997e-01,
    3.50000001e-02, 0., 1.74999997e-01, 1.05000004e-01, 0.,
    1.74999997e-01, 1.74999997e-01, 0., 1.74999997e-01, 2.45000005e-01,
    0., 2.10000008e-01, 0., 0., 2.10000008e-01, 7.00000003e-02, 0.,
    2.10000008e-01, 1.40000001e-01, 0., 2.10000008e-01, 2.10000008e-01,
    0., 2.45000005e-01, 3.50000001e-02, 0., 2.45000005e-01,
    1.05000004e-01, 0., 2.45000005e-01, 1.74999997e-01, 0.,
    2.45000005e-01, 2.45000005e-01, 0., 2.80000001e-01, 0., 0.,
    2.80000001e-01, 7.00000003e-02, 0., 2.80000001e-01, 1.40000001e-01,
    0., 2.80000001e-01, 2.10000008e-01, 0., 3.14999998e-01,
    3.50000001e-02, 0., 3.14999998e-01, 1.05000004e-01, 0.,
    3.14999998e-01, 1.74999997e-01, 0., 3.14999998e-01, 2.45000005e-01,
    0., 3.49999994e-01, 0., 0., 3.49999994e-01, 7.00000003e-02, 0.,
    3.49999994e-01, 1.40000001e-01, 0., 3.49999994e-01, 2.10000008e-01,
    0. ]
CalibrationFrameExtRotation: !!opencv-matrix
   rows: 3
   cols: 1
   dt: d
   data: [ 3.5633917063974237e-02, -2.6371919777958803e+00,
       5.8750054271913421e-01 ]
CalibrationFrameExtTranslation: !!opencv-matrix
   rows: 3
   cols: 1
   dt: d
   data: [ 6.0696807263986241e-01, -2.3658589296822446e-02,
       2.0745506989450986e+00 ]
CalibrationFrameRMSerror: 2.6508167386054993e-01
