%YAML:1.0
---
CalibrationFramePatternImage: [ 5.60827209e+02, 2.99024292e+02,
    5.56606445e+02, 3.24439545e+02, 5.52992004e+02, 3.50596771e+02,
    5.49426758e+02, 3.76751373e+02, 5.48331787e+02, 3.09127472e+02,
    5.43854980e+02, 3.34952881e+02, 5.39815918e+02, 3.61374481e+02,
    5.35856079e+02, 3.88081421e+02, 5.39231812e+02, 2.93243042e+02,
    5.35361572e+02, 3.19395111e+02, 5.31151367e+02, 3.45871185e+02,
    5.26638367e+02, 3.72651093e+02, 5.26144775e+02, 3.03630341e+02,
    5.22169861e+02, 3.30094055e+02, 5.17967773e+02, 3.57039917e+02,
    5.13429626e+02, 3.83994598e+02, 5.16671204e+02, 2.87671600e+02,
    5.12854919e+02, 3.14130005e+02, 5.08558197e+02, 3.41259430e+02,
    5.04355103e+02, 3.68364838e+02, 5.03208252e+02, 2.97974976e+02,
    4.99257751e+02, 3.24890717e+02, 4.94770935e+02, 3.52099213e+02,
    4.90530914e+02, 3.79780334e+02, 4.93494202e+02, 2.81757599e+02,
    4.89372162e+02, 3.08841339e+02, 4.85219482e+02, 3.36220062e+02,
    4.80871704e+02, 3.63544525e+02, 4.79424866e+02, 2.92324585e+02,
    4.75225647e+02, 3.19600616e+02, 4.71070587e+02, 3.47267059e+02,
    4.66723236e+02, 3.75505554e+02, 4.69353882e+02, 2.75677673e+02,
    4.65174103e+02, 3.03152863e+02, 4.61062012e+02, 3.30718811e+02,
    4.56398407e+02, 3.58723755e+02, 4.55242798e+02, 2.86310547e+02,
    4.51080139e+02, 3.14060883e+02, 4.46568726e+02, 3.42360382e+02,
    4.42331757e+02, 3.70690430e+02, 4.45222382e+02, 2.69401337e+02,
    4.40927155e+02, 2.97172760e+02, 4.36446625e+02, 3.25430420e+02,
    4.32271027e+02, 3.53896698e+02 ]
CalibrationFramePatternWorld: [ 0., 0., 0., 0., 7.00000003e-02, 0., 0.,
    1.40000001e-01, 0., 0., 2.10000008e-01, 0., 3.50000001e-02,
    3.50000001e-02, 0., 3.50000001e-02, 1.05000004e-01, 0.,
    3.50000001e-02, 1.74999997e-01, 0., 3.50000001e-02, 2.45000005e-01,
    0., 7.00000003e-02, 0., 0., 7.00000003e-02, 7.00000003e-02, 0.,
    7.00000003e-02, 1.40000001e-01, 0., 7.00000003e-02, 2.10000008e-01,
    0., 1.05000004e-01, 3.50000001e-02, 0., 1.05000004e-01,
    1.05000004e-01, 0., 1.05000004e-01, 1.74999997e-01, 0.,
    1.05000004e-01, 2.45000005e-01, 0., 1.40000001e-01, 0., 0.,
    1.40000001e-01, 7.00000003e-02, 0., 1.40000001e-01, 1.40000001e-01,
    0., 1.40000001e-01, 2.10000008e-01, 0., 1.74999997e-01,
    3.50000001e-02, 0., 1.74999997e-01, 1.05000004e-01, 0.,
    1.74999997e-01, 1.74999997e-01, 0., 1.74999997e-01, 2.45000005e-01,
    0., 2.10000008e-01, 0., 0., 2.10000008e-01, 7.00000003e-02, 0.,
    2.10000008e-01, 1.40000001e-01, 0., 2.10000008e-01, 2.10000008e-01,
    0., 2.45000005e-01, 3.50000001e-02, 0., 2.45000005e-01,
    1.05000004e-01, 0., 2.45000005e-01, 1.74999997e-01, 0.,
    2.45000005e-01, 2.45000005e-01, 0., 2.80000001e-01, 0., 0.,
    2.80000001e-01, 7.00000003e-02, 0., 2.80000001e-01, 1.40000001e-01,
    0., 2.80000001e-01, 2.10000008e-01, 0., 3.14999998e-01,
    3.50000001e-02, 0., 3.14999998e-01, 1.05000004e-01, 0.,
    3.14999998e-01, 1.74999997e-01, 0., 3.14999998e-01, 2.45000005e-01,
    0., 3.49999994e-01, 0., 0., 3.49999994e-01, 7.00000003e-02, 0.,
    3.49999994e-01, 1.40000001e-01, 0., 3.49999994e-01, 2.10000008e-01,
    0. ]
CalibrationFrameExtRotation: !!opencv-matrix
   rows: 3
   cols: 1
   dt: d
   data: [ -2.8407041040755104e-01, 2.7572141905023901e+00,
       -1.8939586840089509e-01 ]
CalibrationFrameExtTranslation: !!opencv-matrix
   rows: 3
   cols: 1
   dt: d
   data: [ 5.4175345674641673e-01, 8.3706861743940902e-02,
       2.2245442847798764e+00 ]
CalibrationFrameRMSerror: 3.0935767292976379e-01
