%YAML:1.0
---
CalibrationFramePatternImage: [ 5.41698486e+02, 3.05381165e+02,
    5.42920593e+02, 3.28222931e+02, 5.44267334e+02, 3.51703613e+02,
    5.45649292e+02, 3.75125824e+02, 5.30877441e+02, 3.17560944e+02,
    5.32039612e+02, 3.40761963e+02, 5.33373962e+02, 3.64066925e+02,
    5.34538879e+02, 3.87658813e+02, 5.18556152e+02, 3.06650391e+02,
    5.19953735e+02, 3.30065308e+02, 5.21147827e+02, 3.53159332e+02,
    5.22330566e+02, 3.76482239e+02, 5.07631073e+02, 3.19135895e+02,
    5.08894592e+02, 3.42326569e+02, 5.10247070e+02, 3.65439423e+02,
    5.11180237e+02, 3.89048340e+02, 4.95432800e+02, 3.08406647e+02,
    4.96746002e+02, 3.31750977e+02, 4.97636292e+02, 3.54187622e+02,
    4.99152588e+02, 3.77887024e+02, 4.84619904e+02, 3.20537201e+02,
    4.86141083e+02, 3.43845215e+02, 4.87073120e+02, 3.66888245e+02,
    4.87991272e+02, 3.90347504e+02, 4.72619171e+02, 3.09751007e+02,
    4.73806519e+02, 3.33133881e+02, 4.74948364e+02, 3.56077301e+02,
    4.76218292e+02, 3.79282104e+02, 4.61675385e+02, 3.22143188e+02,
    4.62789429e+02, 3.45249420e+02, 4.64020752e+02, 3.68250610e+02,
    4.65298370e+02, 3.91888763e+02, 4.49642334e+02, 3.11334991e+02,
    4.50724640e+02, 3.34470520e+02, 4.51934235e+02, 3.57261505e+02,
    4.52995758e+02, 3.80510620e+02, 4.38733734e+02, 3.23653290e+02,
    4.40041962e+02, 3.46510803e+02, 4.41093628e+02, 3.69628082e+02,
    4.41911987e+02, 3.92827057e+02, 4.26860992e+02, 3.12857178e+02,
    4.27915680e+02, 3.35788422e+02, 4.29108490e+02, 3.58857391e+02,
    4.29998596e+02, 3.81987885e+02 ]
CalibrationFramePatternWorld: [ 0., 0., 0., 0., 7.00000003e-02, 0., 0.,
    1.40000001e-01, 0., 0., 2.10000008e-01, 0., 3.50000001e-02,
    3.50000001e-02, 0., 3.50000001e-02, 1.05000004e-01, 0.,
    3.50000001e-02, 1.74999997e-01, 0., 3.50000001e-02, 2.45000005e-01,
    0., 7.00000003e-02, 0., 0., 7.00000003e-02, 7.00000003e-02, 0.,
    7.00000003e-02, 1.40000001e-01, 0., 7.00000003e-02, 2.10000008e-01,
    0., 1.05000004e-01, 3.50000001e-02, 0., 1.05000004e-01,
    1.05000004e-01, 0., 1.05000004e-01, 1.74999997e-01, 0.,
    1.05000004e-01, 2.45000005e-01, 0., 1.40000001e-01, 0., 0.,
    1.40000001e-01, 7.00000003e-02, 0., 1.40000001e-01, 1.40000001e-01,
    0., 1.40000001e-01, 2.10000008e-01, 0., 1.74999997e-01,
    3.50000001e-02, 0., 1.74999997e-01, 1.05000004e-01, 0.,
    1.74999997e-01, 1.74999997e-01, 0., 1.74999997e-01, 2.45000005e-01,
    0., 2.10000008e-01, 0., 0., 2.10000008e-01, 7.00000003e-02, 0.,
    2.10000008e-01, 1.40000001e-01, 0., 2.10000008e-01, 2.10000008e-01,
    0., 2.45000005e-01, 3.50000001e-02, 0., 2.45000005e-01,
    1.05000004e-01, 0., 2.45000005e-01, 1.74999997e-01, 0.,
    2.45000005e-01, 2.45000005e-01, 0., 2.80000001e-01, 0., 0.,
    2.80000001e-01, 7.00000003e-02, 0., 2.80000001e-01, 1.40000001e-01,
    0., 2.80000001e-01, 2.10000008e-01, 0., 3.14999998e-01,
    3.50000001e-02, 0., 3.14999998e-01, 1.05000004e-01, 0.,
    3.14999998e-01, 1.74999997e-01, 0., 3.14999998e-01, 2.45000005e-01,
    0., 3.49999994e-01, 0., 0., 3.49999994e-01, 7.00000003e-02, 0.,
    3.49999994e-01, 1.40000001e-01, 0., 3.49999994e-01, 2.10000008e-01,
    0. ]
CalibrationFrameExtRotation: !!opencv-matrix
   rows: 3
   cols: 1
   dt: d
   data: [ -8.6064381757325129e-02, -2.8799954142945006e+00,
       1.8317389722395080e-01 ]
CalibrationFrameExtTranslation: !!opencv-matrix
   rows: 3
   cols: 1
   dt: d
   data: [ 5.5728330904702383e-01, 1.1425789288229443e-01,
       2.5261414751375453e+00 ]
CalibrationFrameRMSerror: 1.9287467002868652e-01
