%YAML:1.0
---
CalibrationFramePatternImage: [ 4.04322021e+02, 3.05185028e+02,
    4.00684357e+02, 3.26561981e+02, 3.97054718e+02, 3.48288849e+02,
    3.93211792e+02, 3.69619110e+02, 3.91033783e+02, 3.14085693e+02,
    3.87300812e+02, 3.35463776e+02, 3.83763367e+02, 3.56496002e+02,
    3.80267670e+02, 3.77769745e+02, 3.81026794e+02, 3.01032898e+02,
    3.77656494e+02, 3.22949524e+02, 3.74221497e+02, 3.44194458e+02,
    3.70752655e+02, 3.65232849e+02, 3.67747162e+02, 3.10118988e+02,
    3.64544556e+02, 3.31607239e+02, 3.61127991e+02, 3.52730469e+02,
    3.57586334e+02, 3.73519592e+02, 3.57915222e+02, 2.97101929e+02,
    3.54648010e+02, 3.19108215e+02, 3.51388245e+02, 3.40481079e+02,
    3.48264771e+02, 3.61278564e+02, 3.44947510e+02, 3.05965393e+02,
    3.41623169e+02, 3.27615417e+02, 3.38678162e+02, 3.48871521e+02,
    3.35536133e+02, 3.69458557e+02, 3.35042267e+02, 2.92836395e+02,
    3.31753998e+02, 3.14912445e+02, 3.28847015e+02, 3.36080078e+02,
    3.25953430e+02, 3.56899261e+02, 3.21950958e+02, 3.02113434e+02,
    3.18955444e+02, 3.23443787e+02, 3.16294373e+02, 3.44366241e+02,
    3.13376495e+02, 3.65462799e+02, 3.12080566e+02, 2.88940796e+02,
    3.09232574e+02, 3.10913116e+02, 3.06621002e+02, 3.31974762e+02,
    3.03623413e+02, 3.52776031e+02, 2.99391754e+02, 2.98053833e+02,
    2.96747650e+02, 3.19347748e+02, 2.94021729e+02, 3.40393860e+02,
    2.91359741e+02, 3.61054047e+02, 2.89544739e+02, 2.84966187e+02,
    2.86777435e+02, 3.06696930e+02, 2.84337830e+02, 3.27980774e+02,
    2.81599335e+02, 3.48862793e+02 ]
CalibrationFramePatternWorld: [ 0., 0., 0., 0., 7.00000003e-02, 0., 0.,
    1.40000001e-01, 0., 0., 2.10000008e-01, 0., 3.50000001e-02,
    3.50000001e-02, 0., 3.50000001e-02, 1.05000004e-01, 0.,
    3.50000001e-02, 1.74999997e-01, 0., 3.50000001e-02, 2.45000005e-01,
    0., 7.00000003e-02, 0., 0., 7.00000003e-02, 7.00000003e-02, 0.,
    7.00000003e-02, 1.40000001e-01, 0., 7.00000003e-02, 2.10000008e-01,
    0., 1.05000004e-01, 3.50000001e-02, 0., 1.05000004e-01,
    1.05000004e-01, 0., 1.05000004e-01, 1.74999997e-01, 0.,
    1.05000004e-01, 2.45000005e-01, 0., 1.40000001e-01, 0., 0.,
    1.40000001e-01, 7.00000003e-02, 0., 1.40000001e-01, 1.40000001e-01,
    0., 1.40000001e-01, 2.10000008e-01, 0., 1.74999997e-01,
    3.50000001e-02, 0., 1.74999997e-01, 1.05000004e-01, 0.,
    1.74999997e-01, 1.74999997e-01, 0., 1.74999997e-01, 2.45000005e-01,
    0., 2.10000008e-01, 0., 0., 2.10000008e-01, 7.00000003e-02, 0.,
    2.10000008e-01, 1.40000001e-01, 0., 2.10000008e-01, 2.10000008e-01,
    0., 2.45000005e-01, 3.50000001e-02, 0., 2.45000005e-01,
    1.05000004e-01, 0., 2.45000005e-01, 1.74999997e-01, 0.,
    2.45000005e-01, 2.45000005e-01, 0., 2.80000001e-01, 0., 0.,
    2.80000001e-01, 7.00000003e-02, 0., 2.80000001e-01, 1.40000001e-01,
    0., 2.80000001e-01, 2.10000008e-01, 0., 3.14999998e-01,
    3.50000001e-02, 0., 3.14999998e-01, 1.05000004e-01, 0.,
    3.14999998e-01, 1.74999997e-01, 0., 3.14999998e-01, 2.45000005e-01,
    0., 3.49999994e-01, 0., 0., 3.49999994e-01, 7.00000003e-02, 0.,
    3.49999994e-01, 1.40000001e-01, 0., 3.49999994e-01, 2.10000008e-01,
    0. ]
CalibrationFrameExtRotation: !!opencv-matrix
   rows: 3
   cols: 1
   dt: d
   data: [ 2.3816641359782675e-01, -2.9861087185712045e+00,
       -4.0592348021739177e-01 ]
CalibrationFrameExtTranslation: !!opencv-matrix
   rows: 3
   cols: 1
   dt: d
   data: [ 1.4789904687327438e-01, 1.1458709740870371e-01,
       2.5713088462101106e+00 ]
CalibrationFrameRMSerror: 1.8558163940906525e-01
