%YAML:1.0
---
CalibrationFramePatternImage: [ 1.98747009e+02, 8.45905609e+01,
    2.08860825e+02, 1.07613693e+02, 2.19065292e+02, 1.30858444e+02,
    2.29461884e+02, 1.53981018e+02, 1.91941483e+02, 1.01268723e+02,
    2.02167007e+02, 1.24435249e+02, 2.12523178e+02, 1.47331924e+02,
    2.23046768e+02, 1.70538910e+02, 1.74874115e+02, 9.49298553e+01,
    1.85277267e+02, 1.18211250e+02, 1.95581726e+02, 1.41136108e+02,
    2.06187881e+02, 1.64164536e+02, 1.68198578e+02, 1.11890396e+02,
    1.78731644e+02, 1.34930008e+02, 1.89127396e+02, 1.57973068e+02,
    1.99886917e+02, 1.80896729e+02, 1.51314972e+02, 1.05624397e+02,
    1.61775223e+02, 1.28819290e+02, 1.72262146e+02, 1.51699615e+02,
    1.82901962e+02, 1.74726196e+02, 1.44904816e+02, 1.22462524e+02,
    1.55425369e+02, 1.45552490e+02, 1.66151566e+02, 1.68489319e+02,
    1.76889389e+02, 1.91337555e+02, 1.28187256e+02, 1.16255508e+02,
    1.38649307e+02, 1.39313507e+02, 1.49152023e+02, 1.62242142e+02,
    1.60163773e+02, 1.85104355e+02, 1.21950081e+02, 1.33043213e+02,
    1.32478256e+02, 1.55957855e+02, 1.43280518e+02, 1.78885529e+02,
    1.54247467e+02, 2.01765930e+02, 1.05244873e+02, 1.26926338e+02,
    1.15912094e+02, 1.49958481e+02, 1.26546593e+02, 1.72714264e+02,
    1.37317307e+02, 1.95578583e+02, 9.92046356e+01, 1.43750565e+02,
    1.09909988e+02, 1.66627106e+02, 1.20766106e+02, 1.89465134e+02,
    1.31624374e+02, 2.12224518e+02, 8.26522675e+01, 1.37796600e+02,
    9.32097397e+01, 1.60638397e+02, 1.04152023e+02, 1.83477112e+02,
    1.14984528e+02, 2.06285690e+02 ]
CalibrationFramePatternWorld: [ 0., 0., 0., 0., 7.00000003e-02, 0., 0.,
    1.40000001e-01, 0., 0., 2.10000008e-01, 0., 3.50000001e-02,
    3.50000001e-02, 0., 3.50000001e-02, 1.05000004e-01, 0.,
    3.50000001e-02, 1.74999997e-01, 0., 3.50000001e-02, 2.45000005e-01,
    0., 7.00000003e-02, 0., 0., 7.00000003e-02, 7.00000003e-02, 0.,
    7.00000003e-02, 1.40000001e-01, 0., 7.00000003e-02, 2.10000008e-01,
    0., 1.05000004e-01, 3.50000001e-02, 0., 1.05000004e-01,
    1.05000004e-01, 0., 1.05000004e-01, 1.74999997e-01, 0.,
    1.05000004e-01, 2.45000005e-01, 0., 1.40000001e-01, 0., 0.,
    1.40000001e-01, 7.00000003e-02, 0., 1.40000001e-01, 1.40000001e-01,
    0., 1.40000001e-01, 2.10000008e-01, 0., 1.74999997e-01,
    3.50000001e-02, 0., 1.74999997e-01, 1.05000004e-01, 0.,
    1.74999997e-01, 1.74999997e-01, 0., 1.74999997e-01, 2.45000005e-01,
    0., 2.10000008e-01, 0., 0., 2.10000008e-01, 7.00000003e-02, 0.,
    2.10000008e-01, 1.40000001e-01, 0., 2.10000008e-01, 2.10000008e-01,
    0., 2.45000005e-01, 3.50000001e-02, 0., 2.45000005e-01,
    1.05000004e-01, 0., 2.45000005e-01, 1.74999997e-01, 0.,
    2.45000005e-01, 2.45000005e-01, 0., 2.80000001e-01, 0., 0.,
    2.80000001e-01, 7.00000003e-02, 0., 2.80000001e-01, 1.40000001e-01,
    0., 2.80000001e-01, 2.10000008e-01, 0., 3.14999998e-01,
    3.50000001e-02, 0., 3.14999998e-01, 1.05000004e-01, 0.,
    3.14999998e-01, 1.74999997e-01, 0., 3.14999998e-01, 2.45000005e-01,
    0., 3.49999994e-01, 0., 0., 3.49999994e-01, 7.00000003e-02, 0.,
    3.49999994e-01, 1.40000001e-01, 0., 3.49999994e-01, 2.10000008e-01,
    0. ]
CalibrationFrameExtRotation: !!opencv-matrix
   rows: 3
   cols: 1
   dt: d
   data: [ -6.4832025881924393e-01, -3.1123838075662524e+00,
       -4.2609277264715489e-01 ]
CalibrationFrameExtTranslation: !!opencv-matrix
   rows: 3
   cols: 1
   dt: d
   data: [ -4.1931613741292190e-01, -4.9494599299757430e-01,
       2.2704688123501997e+00 ]
CalibrationFrameRMSerror: 1.7662918567657471e-01
