%YAML:1.0
---
CalibrationFramePatternImage: [ 4.47786438e+02, 5.36721153e+01,
    4.46719604e+02, 8.06553574e+01, 4.45439117e+02, 1.07975883e+02,
    4.43961395e+02, 1.35827866e+02, 4.33667633e+02, 6.65146942e+01,
    4.32368286e+02, 9.36686783e+01, 4.30908844e+02, 1.21205757e+02,
    4.29465851e+02, 1.49121246e+02, 4.20483887e+02, 5.26446762e+01,
    4.19274017e+02, 7.96432571e+01, 4.17976929e+02, 1.06788788e+02,
    4.16485413e+02, 1.34667496e+02, 4.06169220e+02, 6.56413574e+01,
    4.04928802e+02, 9.26478271e+01, 4.03543213e+02, 1.19985199e+02,
    4.01895966e+02, 1.47669937e+02, 3.93219482e+02, 5.20685921e+01,
    3.92053772e+02, 7.87653961e+01, 3.90499664e+02, 1.05718628e+02,
    3.89083130e+02, 1.33173080e+02, 3.79359131e+02, 6.50112762e+01,
    3.77748322e+02, 9.18390732e+01, 3.76406647e+02, 1.18782150e+02,
    3.74826447e+02, 1.46383575e+02, 3.66669678e+02, 5.15553360e+01,
    3.65147766e+02, 7.80373077e+01, 3.63892487e+02, 1.04878662e+02,
    3.62266418e+02, 1.32117783e+02, 3.52703186e+02, 6.45441971e+01,
    3.51253601e+02, 9.10565796e+01, 3.49707916e+02, 1.17988045e+02,
    3.47974060e+02, 1.45325806e+02, 3.40109589e+02, 5.12789955e+01,
    3.38733917e+02, 7.75674973e+01, 3.37166260e+02, 1.04022552e+02,
    3.35456848e+02, 1.31079346e+02, 3.26304749e+02, 6.40344086e+01,
    3.24853088e+02, 9.03103714e+01, 3.23198792e+02, 1.17080666e+02,
    3.21274109e+02, 1.43926086e+02, 3.14089783e+02, 5.08496284e+01,
    3.12465454e+02, 7.68924179e+01, 3.10928101e+02, 1.03312088e+02,
    3.09064331e+02, 1.29952072e+02 ]
CalibrationFramePatternWorld: [ 0., 0., 0., 0., 7.00000003e-02, 0., 0.,
    1.40000001e-01, 0., 0., 2.10000008e-01, 0., 3.50000001e-02,
    3.50000001e-02, 0., 3.50000001e-02, 1.05000004e-01, 0.,
    3.50000001e-02, 1.74999997e-01, 0., 3.50000001e-02, 2.45000005e-01,
    0., 7.00000003e-02, 0., 0., 7.00000003e-02, 7.00000003e-02, 0.,
    7.00000003e-02, 1.40000001e-01, 0., 7.00000003e-02, 2.10000008e-01,
    0., 1.05000004e-01, 3.50000001e-02, 0., 1.05000004e-01,
    1.05000004e-01, 0., 1.05000004e-01, 1.74999997e-01, 0.,
    1.05000004e-01, 2.45000005e-01, 0., 1.40000001e-01, 0., 0.,
    1.40000001e-01, 7.00000003e-02, 0., 1.40000001e-01, 1.40000001e-01,
    0., 1.40000001e-01, 2.10000008e-01, 0., 1.74999997e-01,
    3.50000001e-02, 0., 1.74999997e-01, 1.05000004e-01, 0.,
    1.74999997e-01, 1.74999997e-01, 0., 1.74999997e-01, 2.45000005e-01,
    0., 2.10000008e-01, 0., 0., 2.10000008e-01, 7.00000003e-02, 0.,
    2.10000008e-01, 1.40000001e-01, 0., 2.10000008e-01, 2.10000008e-01,
    0., 2.45000005e-01, 3.50000001e-02, 0., 2.45000005e-01,
    1.05000004e-01, 0., 2.45000005e-01, 1.74999997e-01, 0.,
    2.45000005e-01, 2.45000005e-01, 0., 2.80000001e-01, 0., 0.,
    2.80000001e-01, 7.00000003e-02, 0., 2.80000001e-01, 1.40000001e-01,
    0., 2.80000001e-01, 2.10000008e-01, 0., 3.14999998e-01,
    3.50000001e-02, 0., 3.14999998e-01, 1.05000004e-01, 0.,
    3.14999998e-01, 1.74999997e-01, 0., 3.14999998e-01, 2.45000005e-01,
    0., 3.49999994e-01, 0., 0., 3.49999994e-01, 7.00000003e-02, 0.,
    3.49999994e-01, 1.40000001e-01, 0., 3.49999994e-01, 2.10000008e-01,
    0. ]
CalibrationFrameExtRotation: !!opencv-matrix
   rows: 3
   cols: 1
   dt: d
   data: [ 9.8236922665112400e-02, -2.8833477564492971e+00,
       -1.0960570320679502e-01 ]
CalibrationFrameExtTranslation: !!opencv-matrix
   rows: 3
   cols: 1
   dt: d
   data: [ 2.3439712138308860e-01, -5.3626132118635361e-01,
       2.1022100643141850e+00 ]
CalibrationFrameRMSerror: 1.6847173869609833e-01
