%YAML:1.0
---
CalibrationFramePatternImage: [ 2.98219635e+02, 2.20972549e+02,
    2.89186859e+02, 2.41471191e+02, 2.80221619e+02, 2.62335480e+02,
    2.71383057e+02, 2.83527863e+02, 2.83440155e+02, 2.26778885e+02,
    2.74177094e+02, 2.47469330e+02, 2.65183655e+02, 2.68482544e+02,
    2.56147644e+02, 2.89693298e+02, 2.77421051e+02, 2.11805878e+02,
    2.68419189e+02, 2.32678696e+02, 2.59257080e+02, 2.53603989e+02,
    2.50043610e+02, 2.74802368e+02, 2.62378632e+02, 2.17710968e+02,
    2.53375229e+02, 2.38693512e+02, 2.44127228e+02, 2.59884247e+02,
    2.35038239e+02, 2.80975861e+02, 2.56247864e+02, 2.02669327e+02,
    2.47286057e+02, 2.23753265e+02, 2.38093918e+02, 2.44916153e+02,
    2.28945816e+02, 2.66163422e+02, 2.41169327e+02, 2.08639053e+02,
    2.32083893e+02, 2.29774078e+02, 2.22737183e+02, 2.51193237e+02,
    2.13759796e+02, 2.72394928e+02, 2.34901245e+02, 1.93599518e+02,
    2.25862610e+02, 2.14848221e+02, 2.16642059e+02, 2.35998428e+02,
    2.07604233e+02, 2.57248688e+02, 2.19693710e+02, 1.99710190e+02,
    2.10607147e+02, 2.20808853e+02, 2.01390198e+02, 2.42158813e+02,
    1.92317215e+02, 2.63672516e+02, 2.13484665e+02, 1.84366776e+02,
    2.04339828e+02, 2.05720032e+02, 1.95229050e+02, 2.26953613e+02,
    1.85896790e+02, 2.48452286e+02, 1.98137543e+02, 1.90445053e+02,
    1.89068146e+02, 2.11711929e+02, 1.79691208e+02, 2.33281799e+02,
    1.70678345e+02, 2.54708939e+02, 1.92000031e+02, 1.75178726e+02,
    1.82734665e+02, 1.96588715e+02, 1.73454575e+02, 2.18097015e+02,
    1.64423950e+02, 2.39518646e+02 ]
CalibrationFramePatternWorld: [ 0., 0., 0., 0., 7.00000003e-02, 0., 0.,
    1.40000001e-01, 0., 0., 2.10000008e-01, 0., 3.50000001e-02,
    3.50000001e-02, 0., 3.50000001e-02, 1.05000004e-01, 0.,
    3.50000001e-02, 1.74999997e-01, 0., 3.50000001e-02, 2.45000005e-01,
    0., 7.00000003e-02, 0., 0., 7.00000003e-02, 7.00000003e-02, 0.,
    7.00000003e-02, 1.40000001e-01, 0., 7.00000003e-02, 2.10000008e-01,
    0., 1.05000004e-01, 3.50000001e-02, 0., 1.05000004e-01,
    1.05000004e-01, 0., 1.05000004e-01, 1.74999997e-01, 0.,
    1.05000004e-01, 2.45000005e-01, 0., 1.40000001e-01, 0., 0.,
    1.40000001e-01, 7.00000003e-02, 0., 1.40000001e-01, 1.40000001e-01,
    0., 1.40000001e-01, 2.10000008e-01, 0., 1.74999997e-01,
    3.50000001e-02, 0., 1.74999997e-01, 1.05000004e-01, 0.,
    1.74999997e-01, 1.74999997e-01, 0., 1.74999997e-01, 2.45000005e-01,
    0., 2.10000008e-01, 0., 0., 2.10000008e-01, 7.00000003e-02, 0.,
    2.10000008e-01, 1.40000001e-01, 0., 2.10000008e-01, 2.10000008e-01,
    0., 2.45000005e-01, 3.50000001e-02, 0., 2.45000005e-01,
    1.05000004e-01, 0., 2.45000005e-01, 1.74999997e-01, 0.,
    2.45000005e-01, 2.45000005e-01, 0., 2.80000001e-01, 0., 0.,
    2.80000001e-01, 7.00000003e-02, 0., 2.80000001e-01, 1.40000001e-01,
    0., 2.80000001e-01, 2.10000008e-01, 0., 3.14999998e-01,
    3.50000001e-02, 0., 3.14999998e-01, 1.05000004e-01, 0.,
    3.14999998e-01, 1.74999997e-01, 0., 3.14999998e-01, 2.45000005e-01,
    0., 3.49999994e-01, 0., 0., 3.49999994e-01, 7.00000003e-02, 0.,
    3.49999994e-01, 1.40000001e-01, 0., 3.49999994e-01, 2.10000008e-01,
    0. ]
CalibrationFrameExtRotation: !!opencv-matrix
   rows: 3
   cols: 1
   dt: d
   data: [ -5.8668624891193377e-01, 2.8475566183900658e+00,
       1.1902653454197898e-01 ]
CalibrationFrameExtTranslation: !!opencv-matrix
   rows: 3
   cols: 1
   dt: d
   data: [ -1.6929330894624384e-01, -1.4159607096291102e-01,
       2.6226313276567832e+00 ]
CalibrationFrameRMSerror: 1.9357292354106903e-01
