%YAML:1.0
---
CalibrationFramePatternImage: [ 5.27490417e+02, 1.02423660e+02,
    5.30892639e+02, 1.25558899e+02, 5.34402466e+02, 1.49140823e+02,
    5.38003052e+02, 1.73332794e+02, 5.17084473e+02, 1.14969917e+02,
    5.20215393e+02, 1.38654709e+02, 5.23552368e+02, 1.62461639e+02,
    5.26830933e+02, 1.87251999e+02, 5.02916229e+02, 1.04703056e+02,
    5.06332336e+02, 1.27979263e+02, 5.09511810e+02, 1.51713562e+02,
    5.12670532e+02, 1.76159973e+02, 4.92266449e+02, 1.17447334e+02,
    4.95480591e+02, 1.40798599e+02, 4.98454315e+02, 1.64886200e+02,
    5.01365875e+02, 1.89660568e+02, 4.78217102e+02, 1.07396309e+02,
    4.81534943e+02, 1.30399078e+02, 4.84498383e+02, 1.54056366e+02,
    4.87311646e+02, 1.78415436e+02, 4.67517609e+02, 1.20236458e+02,
    4.70480835e+02, 1.43439972e+02, 4.73349457e+02, 1.67634247e+02,
    4.76007996e+02, 1.91996201e+02, 4.53658997e+02, 1.10231262e+02,
    4.56528564e+02, 1.33323807e+02, 4.59195953e+02, 1.56791092e+02,
    4.61981995e+02, 1.81044754e+02, 4.42673859e+02, 1.23093338e+02,
    4.45403198e+02, 1.46322083e+02, 4.47982880e+02, 1.70172653e+02,
    4.50443451e+02, 1.94722855e+02, 4.28795532e+02, 1.12986122e+02,
    4.31548828e+02, 1.36079102e+02, 4.34100494e+02, 1.59402664e+02,
    4.36425201e+02, 1.83505035e+02, 4.17781769e+02, 1.25629562e+02,
    4.20193695e+02, 1.48845657e+02, 4.22592712e+02, 1.72667114e+02,
    4.24709991e+02, 1.96662842e+02, 4.04222015e+02, 1.15571785e+02,
    4.06557465e+02, 1.38366348e+02, 4.08906830e+02, 1.62002472e+02,
    4.10934296e+02, 1.85745728e+02 ]
CalibrationFramePatternWorld: [ 0., 0., 0., 0., 7.00000003e-02, 0., 0.,
    1.40000001e-01, 0., 0., 2.10000008e-01, 0., 3.50000001e-02,
    3.50000001e-02, 0., 3.50000001e-02, 1.05000004e-01, 0.,
    3.50000001e-02, 1.74999997e-01, 0., 3.50000001e-02, 2.45000005e-01,
    0., 7.00000003e-02, 0., 0., 7.00000003e-02, 7.00000003e-02, 0.,
    7.00000003e-02, 1.40000001e-01, 0., 7.00000003e-02, 2.10000008e-01,
    0., 1.05000004e-01, 3.50000001e-02, 0., 1.05000004e-01,
    1.05000004e-01, 0., 1.05000004e-01, 1.74999997e-01, 0.,
    1.05000004e-01, 2.45000005e-01, 0., 1.40000001e-01, 0., 0.,
    1.40000001e-01, 7.00000003e-02, 0., 1.40000001e-01, 1.40000001e-01,
    0., 1.40000001e-01, 2.10000008e-01, 0., 1.74999997e-01,
    3.50000001e-02, 0., 1.74999997e-01, 1.05000004e-01, 0.,
    1.74999997e-01, 1.74999997e-01, 0., 1.74999997e-01, 2.45000005e-01,
    0., 2.10000008e-01, 0., 0., 2.10000008e-01, 7.00000003e-02, 0.,
    2.10000008e-01, 1.40000001e-01, 0., 2.10000008e-01, 2.10000008e-01,
    0., 2.45000005e-01, 3.50000001e-02, 0., 2.45000005e-01,
    1.05000004e-01, 0., 2.45000005e-01, 1.74999997e-01, 0.,
    2.45000005e-01, 2.45000005e-01, 0., 2.80000001e-01, 0., 0.,
    2.80000001e-01, 7.00000003e-02, 0., 2.80000001e-01, 1.40000001e-01,
    0., 2.80000001e-01, 2.10000008e-01, 0., 3.14999998e-01,
    3.50000001e-02, 0., 3.14999998e-01, 1.05000004e-01, 0.,
    3.14999998e-01, 1.74999997e-01, 0., 3.14999998e-01, 2.45000005e-01,
    0., 3.49999994e-01, 0., 0., 3.49999994e-01, 7.00000003e-02, 0.,
    3.49999994e-01, 1.40000001e-01, 0., 3.49999994e-01, 2.10000008e-01,
    0. ]
CalibrationFrameExtRotation: !!opencv-matrix
   rows: 3
   cols: 1
   dt: d
   data: [ -1.3033372641745497e-01, -2.9772936909122008e+00,
       2.8120270341230341e-01 ]
CalibrationFrameExtTranslation: !!opencv-matrix
   rows: 3
   cols: 1
   dt: d
   data: [ 4.8442875080056524e-01, -4.6210224463142097e-01,
       2.3459863635083935e+00 ]
CalibrationFrameRMSerror: 2.4493822455406189e-01
