%YAML:1.0
---
CalibrationFramePatternImage: [ 4.74753510e+02, 1.81415573e+02,
    4.69879547e+02, 2.03984955e+02, 4.64764954e+02, 2.26861801e+02,
    4.59592987e+02, 2.50046265e+02, 4.60996948e+02, 1.90235107e+02,
    4.55736145e+02, 2.13099915e+02, 4.50669128e+02, 2.35986008e+02,
    4.45449951e+02, 2.59297119e+02, 4.51700287e+02, 1.76674072e+02,
    4.46949982e+02, 1.99393646e+02, 4.41748383e+02, 2.22067917e+02,
    4.36378601e+02, 2.45273331e+02, 4.37842834e+02, 1.85721924e+02,
    4.32949951e+02, 2.08408981e+02, 4.27697876e+02, 2.31206406e+02,
    4.22344482e+02, 2.54133209e+02, 4.28730347e+02, 1.72347992e+02,
    4.24005005e+02, 1.94763031e+02, 4.18830688e+02, 2.17410568e+02,
    4.13584351e+02, 2.40290390e+02, 4.15064240e+02, 1.81344482e+02,
    4.09951630e+02, 2.03700012e+02, 4.04874756e+02, 2.26519882e+02,
    3.99388550e+02, 2.49165558e+02, 4.06168762e+02, 1.68132080e+02,
    4.01269318e+02, 1.90381592e+02, 3.95974213e+02, 2.12798431e+02,
    3.90836945e+02, 2.35435226e+02, 3.92365448e+02, 1.77074341e+02,
    3.87394714e+02, 1.99408005e+02, 3.82272247e+02, 2.21834503e+02,
    3.76850311e+02, 2.44487259e+02, 3.83471863e+02, 1.63978851e+02,
    3.78663879e+02, 1.86031525e+02, 3.73634338e+02, 2.08225708e+02,
    3.68203339e+02, 2.30651306e+02, 3.69927826e+02, 1.72929108e+02,
    3.64890472e+02, 1.94886551e+02, 3.59609619e+02, 2.17152267e+02,
    3.54303101e+02, 2.39467087e+02, 3.61087891e+02, 1.59945908e+02,
    3.56239868e+02, 1.81755783e+02, 3.51013336e+02, 2.03976517e+02,
    3.45636932e+02, 2.25967896e+02 ]
CalibrationFramePatternWorld: [ 0., 0., 0., 0., 7.00000003e-02, 0., 0.,
    1.40000001e-01, 0., 0., 2.10000008e-01, 0., 3.50000001e-02,
    3.50000001e-02, 0., 3.50000001e-02, 1.05000004e-01, 0.,
    3.50000001e-02, 1.74999997e-01, 0., 3.50000001e-02, 2.45000005e-01,
    0., 7.00000003e-02, 0., 0., 7.00000003e-02, 7.00000003e-02, 0.,
    7.00000003e-02, 1.40000001e-01, 0., 7.00000003e-02, 2.10000008e-01,
    0., 1.05000004e-01, 3.50000001e-02, 0., 1.05000004e-01,
    1.05000004e-01, 0., 1.05000004e-01, 1.74999997e-01, 0.,
    1.05000004e-01, 2.45000005e-01, 0., 1.40000001e-01, 0., 0.,
    1.40000001e-01, 7.00000003e-02, 0., 1.40000001e-01, 1.40000001e-01,
    0., 1.40000001e-01, 2.10000008e-01, 0., 1.74999997e-01,
    3.50000001e-02, 0., 1.74999997e-01, 1.05000004e-01, 0.,
    1.74999997e-01, 1.74999997e-01, 0., 1.74999997e-01, 2.45000005e-01,
    0., 2.10000008e-01, 0., 0., 2.10000008e-01, 7.00000003e-02, 0.,
    2.10000008e-01, 1.40000001e-01, 0., 2.10000008e-01, 2.10000008e-01,
    0., 2.45000005e-01, 3.50000001e-02, 0., 2.45000005e-01,
    1.05000004e-01, 0., 2.45000005e-01, 1.74999997e-01, 0.,
    2.45000005e-01, 2.45000005e-01, 0., 2.80000001e-01, 0., 0.,
    2.80000001e-01, 7.00000003e-02, 0., 2.80000001e-01, 1.40000001e-01,
    0., 2.80000001e-01, 2.10000008e-01, 0., 3.14999998e-01,
    3.50000001e-02, 0., 3.14999998e-01, 1.05000004e-01, 0.,
    3.14999998e-01, 1.74999997e-01, 0., 3.14999998e-01, 2.45000005e-01,
    0., 3.49999994e-01, 0., 0., 3.49999994e-01, 7.00000003e-02, 0.,
    3.49999994e-01, 1.40000001e-01, 0., 3.49999994e-01, 2.10000008e-01,
    0. ]
CalibrationFrameExtRotation: !!opencv-matrix
   rows: 3
   cols: 1
   dt: d
   data: [ 3.2127333031808036e-01, -2.9325138772996691e+00,
       1.9999762053025957e-01 ]
CalibrationFrameExtTranslation: !!opencv-matrix
   rows: 3
   cols: 1
   dt: d
   data: [ 2.9301744041922617e-01, -2.1071334627308494e-01,
       2.6187116252671703e+00 ]
CalibrationFrameRMSerror: 2.3168361186981201e-01
