%YAML:1.0
---
CalibrationFramePatternImage: [ 1.90618561e+02, 6.75722427e+01,
    1.96995224e+02, 8.79522781e+01, 2.03503510e+02, 1.08526779e+02,
    2.09969147e+02, 1.29499847e+02, 1.83173050e+02, 8.11568756e+01,
    1.89542847e+02, 1.01678360e+02, 1.96006058e+02, 1.22527687e+02,
    2.02696777e+02, 1.43721558e+02, 1.69404953e+02, 7.45792923e+01,
    1.75724594e+02, 9.49592361e+01, 1.82092041e+02, 1.15565063e+02,
    1.88712570e+02, 1.36645157e+02, 1.61865128e+02, 8.82132568e+01,
    1.68226044e+02, 1.08684143e+02, 1.74598434e+02, 1.29508087e+02,
    1.81070435e+02, 1.50758682e+02, 1.48272751e+02, 8.17667770e+01,
    1.54439438e+02, 1.02108757e+02, 1.60772659e+02, 1.22675797e+02,
    1.67254974e+02, 1.43737488e+02, 1.40860428e+02, 9.54925385e+01,
    1.46910263e+02, 1.15958038e+02, 1.53480927e+02, 1.36801559e+02,
    1.59797852e+02, 1.57956314e+02, 1.27429817e+02, 8.90213623e+01,
    1.33500565e+02, 1.09403450e+02, 1.39643906e+02, 1.29984070e+02,
    1.45943970e+02, 1.50950653e+02, 1.20026337e+02, 1.02766472e+02,
    1.26143730e+02, 1.23234253e+02, 1.32313492e+02, 1.44078705e+02,
    1.38478836e+02, 1.65132843e+02, 1.06513535e+02, 9.62517471e+01,
    1.12549065e+02, 1.16628777e+02, 1.18766685e+02, 1.37255981e+02,
    1.24877327e+02, 1.58038818e+02, 9.91660385e+01, 1.09964340e+02,
    1.05195030e+02, 1.30388809e+02, 1.11307747e+02, 1.51298279e+02,
    1.17343918e+02, 1.72249649e+02, 8.58653564e+01, 1.03472404e+02,
    9.18324661e+01, 1.23804581e+02, 9.78468246e+01, 1.44479721e+02,
    1.03790520e+02, 1.65318024e+02 ]
CalibrationFramePatternWorld: [ 0., 0., 0., 0., 7.00000003e-02, 0., 0.,
    1.40000001e-01, 0., 0., 2.10000008e-01, 0., 3.50000001e-02,
    3.50000001e-02, 0., 3.50000001e-02, 1.05000004e-01, 0.,
    3.50000001e-02, 1.74999997e-01, 0., 3.50000001e-02, 2.45000005e-01,
    0., 7.00000003e-02, 0., 0., 7.00000003e-02, 7.00000003e-02, 0.,
    7.00000003e-02, 1.40000001e-01, 0., 7.00000003e-02, 2.10000008e-01,
    0., 1.05000004e-01, 3.50000001e-02, 0., 1.05000004e-01,
    1.05000004e-01, 0., 1.05000004e-01, 1.74999997e-01, 0.,
    1.05000004e-01, 2.45000005e-01, 0., 1.40000001e-01, 0., 0.,
    1.40000001e-01, 7.00000003e-02, 0., 1.40000001e-01, 1.40000001e-01,
    0., 1.40000001e-01, 2.10000008e-01, 0., 1.74999997e-01,
    3.50000001e-02, 0., 1.74999997e-01, 1.05000004e-01, 0.,
    1.74999997e-01, 1.74999997e-01, 0., 1.74999997e-01, 2.45000005e-01,
    0., 2.10000008e-01, 0., 0., 2.10000008e-01, 7.00000003e-02, 0.,
    2.10000008e-01, 1.40000001e-01, 0., 2.10000008e-01, 2.10000008e-01,
    0., 2.45000005e-01, 3.50000001e-02, 0., 2.45000005e-01,
    1.05000004e-01, 0., 2.45000005e-01, 1.74999997e-01, 0.,
    2.45000005e-01, 2.45000005e-01, 0., 2.80000001e-01, 0., 0.,
    2.80000001e-01, 7.00000003e-02, 0., 2.80000001e-01, 1.40000001e-01,
    0., 2.80000001e-01, 2.10000008e-01, 0., 3.14999998e-01,
    3.50000001e-02, 0., 3.14999998e-01, 1.05000004e-01, 0.,
    3.14999998e-01, 1.74999997e-01, 0., 3.14999998e-01, 2.45000005e-01,
    0., 3.49999994e-01, 0., 0., 3.49999994e-01, 7.00000003e-02, 0.,
    3.49999994e-01, 1.40000001e-01, 0., 3.49999994e-01, 2.10000008e-01,
    0. ]
CalibrationFrameExtRotation: !!opencv-matrix
   rows: 3
   cols: 1
   dt: d
   data: [ -5.1360383951066624e-01, -3.1834592565685105e+00,
       1.5351554864315789e-02 ]
CalibrationFrameExtTranslation: !!opencv-matrix
   rows: 3
   cols: 1
   dt: d
   data: [ -5.7729545429183204e-01, -5.8073009918521346e-01,
       2.7163454179648014e+00 ]
CalibrationFrameRMSerror: 1.1376811563968658e-01
