%YAML:1.0
---
CalibrationFramePatternImage: [ 3.18063660e+02, 1.82315964e+02,
    3.11613800e+02, 2.02924133e+02, 3.05723816e+02, 2.23774338e+02,
    3.00077179e+02, 2.44505341e+02, 3.04718292e+02, 1.91459152e+02,
    2.98277161e+02, 2.12203949e+02, 2.92414246e+02, 2.32700317e+02,
    2.86753754e+02, 2.53460052e+02, 2.97354218e+02, 1.79519119e+02,
    2.91166962e+02, 2.00914490e+02, 2.85119263e+02, 2.21582825e+02,
    2.79222748e+02, 2.42275604e+02, 2.83676758e+02, 1.88998169e+02,
    2.77772186e+02, 2.10230774e+02, 2.71868683e+02, 2.31213745e+02,
    2.66102966e+02, 2.51857346e+02, 2.76013458e+02, 1.76614960e+02,
    2.70106720e+02, 1.98509552e+02, 2.64176361e+02, 2.19886581e+02,
    2.58492584e+02, 2.40721802e+02, 2.62232147e+02, 1.86184616e+02,
    2.56428833e+02, 2.08007843e+02, 2.50773285e+02, 2.29474213e+02,
    2.45133896e+02, 2.50287277e+02, 2.54178757e+02, 1.73775085e+02,
    2.48426926e+02, 1.96039322e+02, 2.42574310e+02, 2.17624557e+02,
    2.36965759e+02, 2.38913773e+02, 2.40167892e+02, 1.83580032e+02,
    2.34505402e+02, 2.05648666e+02, 2.28842148e+02, 2.27194107e+02,
    2.23481476e+02, 2.48712860e+02, 2.31720749e+02, 1.70830307e+02,
    2.26162338e+02, 1.93392715e+02, 2.20653137e+02, 2.15212372e+02,
    2.14986969e+02, 2.36936722e+02, 2.17639450e+02, 1.80859955e+02,
    2.12037003e+02, 2.03087143e+02, 2.06578293e+02, 2.25063522e+02,
    2.01618790e+02, 2.47038803e+02, 2.08867722e+02, 1.67745056e+02,
    2.03539062e+02, 1.90798553e+02, 1.97968887e+02, 2.12910126e+02,
    1.92942001e+02, 2.35148132e+02 ]
CalibrationFramePatternWorld: [ 0., 0., 0., 0., 7.00000003e-02, 0., 0.,
    1.40000001e-01, 0., 0., 2.10000008e-01, 0., 3.50000001e-02,
    3.50000001e-02, 0., 3.50000001e-02, 1.05000004e-01, 0.,
    3.50000001e-02, 1.74999997e-01, 0., 3.50000001e-02, 2.45000005e-01,
    0., 7.00000003e-02, 0., 0., 7.00000003e-02, 7.00000003e-02, 0.,
    7.00000003e-02, 1.40000001e-01, 0., 7.00000003e-02, 2.10000008e-01,
    0., 1.05000004e-01, 3.50000001e-02, 0., 1.05000004e-01,
    1.05000004e-01, 0., 1.05000004e-01, 1.74999997e-01, 0.,
    1.05000004e-01, 2.45000005e-01, 0., 1.40000001e-01, 0., 0.,
    1.40000001e-01, 7.00000003e-02, 0., 1.40000001e-01, 1.40000001e-01,
    0., 1.40000001e-01, 2.10000008e-01, 0., 1.74999997e-01,
    3.50000001e-02, 0., 1.74999997e-01, 1.05000004e-01, 0.,
    1.74999997e-01, 1.74999997e-01, 0., 1.74999997e-01, 2.45000005e-01,
    0., 2.10000008e-01, 0., 0., 2.10000008e-01, 7.00000003e-02, 0.,
    2.10000008e-01, 1.40000001e-01, 0., 2.10000008e-01, 2.10000008e-01,
    0., 2.45000005e-01, 3.50000001e-02, 0., 2.45000005e-01,
    1.05000004e-01, 0., 2.45000005e-01, 1.74999997e-01, 0.,
    2.45000005e-01, 2.45000005e-01, 0., 2.80000001e-01, 0., 0.,
    2.80000001e-01, 7.00000003e-02, 0., 2.80000001e-01, 1.40000001e-01,
    0., 2.80000001e-01, 2.10000008e-01, 0., 3.14999998e-01,
    3.50000001e-02, 0., 3.14999998e-01, 1.05000004e-01, 0.,
    3.14999998e-01, 1.74999997e-01, 0., 3.14999998e-01, 2.45000005e-01,
    0., 3.49999994e-01, 0., 0., 3.49999994e-01, 7.00000003e-02, 0.,
    3.49999994e-01, 1.40000001e-01, 0., 3.49999994e-01, 2.10000008e-01,
    0. ]
CalibrationFrameExtRotation: !!opencv-matrix
   rows: 3
   cols: 1
   dt: d
   data: [ -2.6223044634262660e-01, 2.5489198265419915e+00,
       5.6130592442204807e-01 ]
CalibrationFrameExtTranslation: !!opencv-matrix
   rows: 3
   cols: 1
   dt: d
   data: [ -1.7407905482141436e-01, -2.1273869126687134e-01,
       2.6833636546106590e+00 ]
CalibrationFrameRMSerror: 2.4157792329788208e-01
