%YAML:1.0
---
CalibrationFramePatternImage: [ 5.84082703e+02, 8.64905014e+01,
    5.86190979e+02, 1.06687912e+02, 5.88136414e+02, 1.27269615e+02,
    5.90083923e+02, 1.48420029e+02, 5.74582520e+02, 9.74783173e+01,
    5.76386963e+02, 1.18039963e+02, 5.78359436e+02, 1.38819351e+02,
    5.80175354e+02, 1.60372162e+02, 5.62726318e+02, 8.84303818e+01,
    5.64902527e+02, 1.08732170e+02, 5.66681152e+02, 1.29256638e+02,
    5.68241089e+02, 1.50485031e+02, 5.53068970e+02, 9.94649658e+01,
    5.54971619e+02, 1.19800179e+02, 5.56728760e+02, 1.40604919e+02,
    5.58127319e+02, 1.61996704e+02, 5.41574768e+02, 9.06394043e+01,
    5.43387146e+02, 1.10618027e+02, 5.44999512e+02, 1.31171967e+02,
    5.46690308e+02, 1.52230057e+02, 5.31895447e+02, 1.01733521e+02,
    5.33499634e+02, 1.21804947e+02, 5.35142639e+02, 1.42653534e+02,
    5.36441650e+02, 1.63693893e+02, 5.20429993e+02, 9.29746094e+01,
    5.22090454e+02, 1.12814407e+02, 5.23528381e+02, 1.33312500e+02,
    5.25040833e+02, 1.54155380e+02, 5.10826569e+02, 1.04057709e+02,
    5.12419006e+02, 1.24147537e+02, 5.13546448e+02, 1.44606094e+02,
    5.14793518e+02, 1.65664429e+02, 4.99412170e+02, 9.53947525e+01,
    5.00970581e+02, 1.15221748e+02, 5.02324585e+02, 1.35356918e+02,
    5.03289429e+02, 1.55974136e+02, 4.89740631e+02, 1.06265793e+02,
    4.91042847e+02, 1.26150116e+02, 4.92051422e+02, 1.46672043e+02,
    4.92970917e+02, 1.67191727e+02, 4.78509979e+02, 9.75000687e+01,
    4.79780182e+02, 1.17139603e+02, 4.80999420e+02, 1.37493484e+02,
    4.81821320e+02, 1.57772705e+02 ]
CalibrationFramePatternWorld: [ 0., 0., 0., 0., 7.00000003e-02, 0., 0.,
    1.40000001e-01, 0., 0., 2.10000008e-01, 0., 3.50000001e-02,
    3.50000001e-02, 0., 3.50000001e-02, 1.05000004e-01, 0.,
    3.50000001e-02, 1.74999997e-01, 0., 3.50000001e-02, 2.45000005e-01,
    0., 7.00000003e-02, 0., 0., 7.00000003e-02, 7.00000003e-02, 0.,
    7.00000003e-02, 1.40000001e-01, 0., 7.00000003e-02, 2.10000008e-01,
    0., 1.05000004e-01, 3.50000001e-02, 0., 1.05000004e-01,
    1.05000004e-01, 0., 1.05000004e-01, 1.74999997e-01, 0.,
    1.05000004e-01, 2.45000005e-01, 0., 1.40000001e-01, 0., 0.,
    1.40000001e-01, 7.00000003e-02, 0., 1.40000001e-01, 1.40000001e-01,
    0., 1.40000001e-01, 2.10000008e-01, 0., 1.74999997e-01,
    3.50000001e-02, 0., 1.74999997e-01, 1.05000004e-01, 0.,
    1.74999997e-01, 1.74999997e-01, 0., 1.74999997e-01, 2.45000005e-01,
    0., 2.10000008e-01, 0., 0., 2.10000008e-01, 7.00000003e-02, 0.,
    2.10000008e-01, 1.40000001e-01, 0., 2.10000008e-01, 2.10000008e-01,
    0., 2.45000005e-01, 3.50000001e-02, 0., 2.45000005e-01,
    1.05000004e-01, 0., 2.45000005e-01, 1.74999997e-01, 0.,
    2.45000005e-01, 2.45000005e-01, 0., 2.80000001e-01, 0., 0.,
    2.80000001e-01, 7.00000003e-02, 0., 2.80000001e-01, 1.40000001e-01,
    0., 2.80000001e-01, 2.10000008e-01, 0., 3.14999998e-01,
    3.50000001e-02, 0., 3.14999998e-01, 1.05000004e-01, 0.,
    3.14999998e-01, 1.74999997e-01, 0., 3.14999998e-01, 2.45000005e-01,
    0., 3.49999994e-01, 0., 0., 3.49999994e-01, 7.00000003e-02, 0.,
    3.49999994e-01, 1.40000001e-01, 0., 3.49999994e-01, 2.10000008e-01,
    0. ]
CalibrationFrameExtRotation: !!opencv-matrix
   rows: 3
   cols: 1
   dt: d
   data: [ -6.0063451396540152e-02, -2.8079603982376016e+00,
       3.1006896105263593e-01 ]
CalibrationFrameExtTranslation: !!opencv-matrix
   rows: 3
   cols: 1
   dt: d
   data: [ 6.6625602732846845e-01, -5.2905388381082596e-01,
       2.7189044429560307e+00 ]
CalibrationFrameRMSerror: 2.2243754565715790e-01
