%YAML:1.0
---
CalibrationFramePatternImage: [ 3.80978943e+02, 7.11693115e+01,
    3.86540253e+02, 9.32926941e+01, 3.92191833e+02, 1.15270935e+02,
    3.98229004e+02, 1.37878983e+02, 3.72617493e+02, 8.43849411e+01,
    3.77975250e+02, 1.06629692e+02, 3.83842529e+02, 1.29124771e+02,
    3.89698120e+02, 1.51796875e+02, 3.58367615e+02, 7.58575897e+01,
    3.64175354e+02, 9.80254822e+01, 3.69541321e+02, 1.20280403e+02,
    3.75348663e+02, 1.43013062e+02, 3.49816223e+02, 8.92491379e+01,
    3.55448761e+02, 1.11394318e+02, 3.61030457e+02, 1.34152374e+02,
    3.66856079e+02, 1.56931274e+02, 3.35545319e+02, 8.07744522e+01,
    3.41158173e+02, 1.02797363e+02, 3.46784637e+02, 1.25348907e+02,
    3.52597900e+02, 1.48195801e+02, 3.26869232e+02, 9.42252045e+01,
    3.32485992e+02, 1.16492683e+02, 3.38121979e+02, 1.39380386e+02,
    3.43887695e+02, 1.62239319e+02, 3.12606903e+02, 8.58327332e+01,
    3.18164642e+02, 1.07928047e+02, 3.23722015e+02, 1.30547928e+02,
    3.29434357e+02, 1.53484238e+02, 3.03915863e+02, 9.93271255e+01,
    3.09361816e+02, 1.21740707e+02, 3.14909027e+02, 1.44699310e+02,
    3.20737549e+02, 1.67753082e+02, 2.89503296e+02, 9.07564087e+01,
    2.94975647e+02, 1.13203339e+02, 3.00499359e+02, 1.35890106e+02,
    3.06208069e+02, 1.58895981e+02, 2.80645813e+02, 1.04603928e+02,
    2.86112396e+02, 1.27151779e+02, 2.91667938e+02, 1.50231369e+02,
    2.97298889e+02, 1.73161575e+02, 2.66368134e+02, 9.62127914e+01,
    2.71758667e+02, 1.18477623e+02, 2.77272369e+02, 1.41356750e+02,
    2.82870361e+02, 1.64251572e+02 ]
CalibrationFramePatternWorld: [ 0., 0., 0., 0., 7.00000003e-02, 0., 0.,
    1.40000001e-01, 0., 0., 2.10000008e-01, 0., 3.50000001e-02,
    3.50000001e-02, 0., 3.50000001e-02, 1.05000004e-01, 0.,
    3.50000001e-02, 1.74999997e-01, 0., 3.50000001e-02, 2.45000005e-01,
    0., 7.00000003e-02, 0., 0., 7.00000003e-02, 7.00000003e-02, 0.,
    7.00000003e-02, 1.40000001e-01, 0., 7.00000003e-02, 2.10000008e-01,
    0., 1.05000004e-01, 3.50000001e-02, 0., 1.05000004e-01,
    1.05000004e-01, 0., 1.05000004e-01, 1.74999997e-01, 0.,
    1.05000004e-01, 2.45000005e-01, 0., 1.40000001e-01, 0., 0.,
    1.40000001e-01, 7.00000003e-02, 0., 1.40000001e-01, 1.40000001e-01,
    0., 1.40000001e-01, 2.10000008e-01, 0., 1.74999997e-01,
    3.50000001e-02, 0., 1.74999997e-01, 1.05000004e-01, 0.,
    1.74999997e-01, 1.74999997e-01, 0., 1.74999997e-01, 2.45000005e-01,
    0., 2.10000008e-01, 0., 0., 2.10000008e-01, 7.00000003e-02, 0.,
    2.10000008e-01, 1.40000001e-01, 0., 2.10000008e-01, 2.10000008e-01,
    0., 2.45000005e-01, 3.50000001e-02, 0., 2.45000005e-01,
    1.05000004e-01, 0., 2.45000005e-01, 1.74999997e-01, 0.,
    2.45000005e-01, 2.45000005e-01, 0., 2.80000001e-01, 0., 0.,
    2.80000001e-01, 7.00000003e-02, 0., 2.80000001e-01, 1.40000001e-01,
    0., 2.80000001e-01, 2.10000008e-01, 0., 3.14999998e-01,
    3.50000001e-02, 0., 3.14999998e-01, 1.05000004e-01, 0.,
    3.14999998e-01, 1.74999997e-01, 0., 3.14999998e-01, 2.45000005e-01,
    0., 3.49999994e-01, 0., 0., 3.49999994e-01, 7.00000003e-02, 0.,
    3.49999994e-01, 1.40000001e-01, 0., 3.49999994e-01, 2.10000008e-01,
    0. ]
CalibrationFrameExtRotation: !!opencv-matrix
   rows: 3
   cols: 1
   dt: d
   data: [ 3.6429541111120028e-01, 3.0011488245726325e+00,
       -1.4676413205236157e-02 ]
CalibrationFrameExtTranslation: !!opencv-matrix
   rows: 3
   cols: 1
   dt: d
   data: [ 1.6441406423813032e-02, -5.4467011360161544e-01,
       2.6296525976708622e+00 ]
CalibrationFrameRMSerror: 1.2722688913345337e-01
