%YAML:1.0
---
CalibrationFramePatternImage: [ 3.98822601e+02, 2.30920776e+02,
    3.96279175e+02, 2.53267746e+02, 3.93774292e+02, 2.76036163e+02,
    3.91413239e+02, 2.98825073e+02, 3.86318359e+02, 2.40740234e+02,
    3.83524994e+02, 2.63317200e+02, 3.81070282e+02, 2.85981873e+02,
    3.78795471e+02, 3.08891144e+02, 3.76195496e+02, 2.28416489e+02,
    3.73639282e+02, 2.50817444e+02, 3.70978149e+02, 2.73429993e+02,
    3.68578979e+02, 2.96320953e+02, 3.63338715e+02, 2.38266632e+02,
    3.60833405e+02, 2.60973938e+02, 3.58390839e+02, 2.83561127e+02,
    3.55991394e+02, 3.06392456e+02, 3.53143372e+02, 2.25718262e+02,
    3.50601685e+02, 2.48296295e+02, 3.48091522e+02, 2.71066620e+02,
    3.45785645e+02, 2.93804871e+02, 3.40604156e+02, 2.35694519e+02,
    3.37938416e+02, 2.58370239e+02, 3.35595001e+02, 2.81183472e+02,
    3.33329803e+02, 3.04034332e+02, 3.30593170e+02, 2.23202179e+02,
    3.27901642e+02, 2.45994324e+02, 3.25384033e+02, 2.68549622e+02,
    3.23287659e+02, 2.91287781e+02, 3.17873688e+02, 2.33339218e+02,
    3.15452606e+02, 2.56006042e+02, 3.13050781e+02, 2.78652313e+02,
    3.10794769e+02, 3.01612000e+02, 3.07905334e+02, 2.20777191e+02,
    3.05421875e+02, 2.43444855e+02, 3.03029419e+02, 2.66016846e+02,
    3.00597015e+02, 2.88848083e+02, 2.95417023e+02, 2.30824402e+02,
    2.92949066e+02, 2.53393906e+02, 2.90530762e+02, 2.76319519e+02,
    2.88195740e+02, 2.98942810e+02, 2.85649902e+02, 2.18339890e+02,
    2.82953003e+02, 2.40851440e+02, 2.80558289e+02, 2.63525208e+02,
    2.78172089e+02, 2.86317688e+02 ]
CalibrationFramePatternWorld: [ 0., 0., 0., 0., 7.00000003e-02, 0., 0.,
    1.40000001e-01, 0., 0., 2.10000008e-01, 0., 3.50000001e-02,
    3.50000001e-02, 0., 3.50000001e-02, 1.05000004e-01, 0.,
    3.50000001e-02, 1.74999997e-01, 0., 3.50000001e-02, 2.45000005e-01,
    0., 7.00000003e-02, 0., 0., 7.00000003e-02, 7.00000003e-02, 0.,
    7.00000003e-02, 1.40000001e-01, 0., 7.00000003e-02, 2.10000008e-01,
    0., 1.05000004e-01, 3.50000001e-02, 0., 1.05000004e-01,
    1.05000004e-01, 0., 1.05000004e-01, 1.74999997e-01, 0.,
    1.05000004e-01, 2.45000005e-01, 0., 1.40000001e-01, 0., 0.,
    1.40000001e-01, 7.00000003e-02, 0., 1.40000001e-01, 1.40000001e-01,
    0., 1.40000001e-01, 2.10000008e-01, 0., 1.74999997e-01,
    3.50000001e-02, 0., 1.74999997e-01, 1.05000004e-01, 0.,
    1.74999997e-01, 1.74999997e-01, 0., 1.74999997e-01, 2.45000005e-01,
    0., 2.10000008e-01, 0., 0., 2.10000008e-01, 7.00000003e-02, 0.,
    2.10000008e-01, 1.40000001e-01, 0., 2.10000008e-01, 2.10000008e-01,
    0., 2.45000005e-01, 3.50000001e-02, 0., 2.45000005e-01,
    1.05000004e-01, 0., 2.45000005e-01, 1.74999997e-01, 0.,
    2.45000005e-01, 2.45000005e-01, 0., 2.80000001e-01, 0., 0.,
    2.80000001e-01, 7.00000003e-02, 0., 2.80000001e-01, 1.40000001e-01,
    0., 2.80000001e-01, 2.10000008e-01, 0., 3.14999998e-01,
    3.50000001e-02, 0., 3.14999998e-01, 1.05000004e-01, 0.,
    3.14999998e-01, 1.74999997e-01, 0., 3.14999998e-01, 2.45000005e-01,
    0., 3.49999994e-01, 0., 0., 3.49999994e-01, 7.00000003e-02, 0.,
    3.49999994e-01, 1.40000001e-01, 0., 3.49999994e-01, 2.10000008e-01,
    0. ]
CalibrationFrameExtRotation: !!opencv-matrix
   rows: 3
   cols: 1
   dt: d
   data: [ 1.6736349798134917e-01, -3.0868633838857882e+00,
       -6.0351507657661532e-03 ]
CalibrationFrameExtTranslation: !!opencv-matrix
   rows: 3
   cols: 1
   dt: d
   data: [ 6.9829151457180896e-02, -6.6711017084350427e-02,
       2.7209932309026068e+00 ]
CalibrationFrameRMSerror: 1.6742870211601257e-01
