%YAML:1.0
---
CalibrationFramePatternImage: [ 5.29558838e+02, 2.45428299e+02,
    5.22778015e+02, 2.84006195e+02, 5.15508606e+02, 3.23415253e+02,
    5.07644745e+02, 3.62949921e+02, 5.07465240e+02, 2.60738892e+02,
    4.99960510e+02, 2.99845245e+02, 4.92206940e+02, 3.39607910e+02,
    4.84016724e+02, 3.79511627e+02, 4.91524200e+02, 2.37595062e+02,
    4.84701721e+02, 2.76501556e+02, 4.76910431e+02, 3.15751221e+02,
    4.68761383e+02, 3.55579102e+02, 4.69072266e+02, 2.52976212e+02,
    4.61750854e+02, 2.92125397e+02, 4.53507843e+02, 3.31695801e+02,
    4.44913605e+02, 3.71627869e+02, 4.52932129e+02, 2.29957474e+02,
    4.45933411e+02, 2.68567444e+02, 4.38190765e+02, 3.07874664e+02,
    4.29673920e+02, 3.47892609e+02, 4.30081421e+02, 2.45354431e+02,
    4.22444336e+02, 2.84209961e+02, 4.14336670e+02, 3.24063568e+02,
    4.05804108e+02, 3.63788483e+02, 4.14002197e+02, 2.22465317e+02,
    4.06700317e+02, 2.61016327e+02, 3.98660950e+02, 3.00283478e+02,
    3.90259247e+02, 3.39931519e+02, 3.90675873e+02, 2.37849762e+02,
    3.83013428e+02, 2.76711853e+02, 3.74627686e+02, 3.16026642e+02,
    3.66086792e+02, 3.56068451e+02, 3.74697876e+02, 2.14830704e+02,
    3.67263153e+02, 2.53344757e+02, 3.59221283e+02, 2.92315277e+02,
    3.50424744e+02, 3.32068420e+02, 3.51399109e+02, 2.30132339e+02,
    3.43499481e+02, 2.68784271e+02, 3.34980042e+02, 3.08294220e+02,
    3.26237183e+02, 3.47713928e+02, 3.35636139e+02, 2.07218384e+02,
    3.27757904e+02, 2.45419724e+02, 3.19532959e+02, 2.84500214e+02,
    3.10828918e+02, 3.23909698e+02 ]
CalibrationFramePatternWorld: [ 0., 0., 0., 0., 7.00000003e-02, 0., 0.,
    1.40000001e-01, 0., 0., 2.10000008e-01, 0., 3.50000001e-02,
    3.50000001e-02, 0., 3.50000001e-02, 1.05000004e-01, 0.,
    3.50000001e-02, 1.74999997e-01, 0., 3.50000001e-02, 2.45000005e-01,
    0., 7.00000003e-02, 0., 0., 7.00000003e-02, 7.00000003e-02, 0.,
    7.00000003e-02, 1.40000001e-01, 0., 7.00000003e-02, 2.10000008e-01,
    0., 1.05000004e-01, 3.50000001e-02, 0., 1.05000004e-01,
    1.05000004e-01, 0., 1.05000004e-01, 1.74999997e-01, 0.,
    1.05000004e-01, 2.45000005e-01, 0., 1.40000001e-01, 0., 0.,
    1.40000001e-01, 7.00000003e-02, 0., 1.40000001e-01, 1.40000001e-01,
    0., 1.40000001e-01, 2.10000008e-01, 0., 1.74999997e-01,
    3.50000001e-02, 0., 1.74999997e-01, 1.05000004e-01, 0.,
    1.74999997e-01, 1.74999997e-01, 0., 1.74999997e-01, 2.45000005e-01,
    0., 2.10000008e-01, 0., 0., 2.10000008e-01, 7.00000003e-02, 0.,
    2.10000008e-01, 1.40000001e-01, 0., 2.10000008e-01, 2.10000008e-01,
    0., 2.45000005e-01, 3.50000001e-02, 0., 2.45000005e-01,
    1.05000004e-01, 0., 2.45000005e-01, 1.74999997e-01, 0.,
    2.45000005e-01, 2.45000005e-01, 0., 2.80000001e-01, 0., 0.,
    2.80000001e-01, 7.00000003e-02, 0., 2.80000001e-01, 1.40000001e-01,
    0., 2.80000001e-01, 2.10000008e-01, 0., 3.14999998e-01,
    3.50000001e-02, 0., 3.14999998e-01, 1.05000004e-01, 0.,
    3.14999998e-01, 1.74999997e-01, 0., 3.14999998e-01, 2.45000005e-01,
    0., 3.49999994e-01, 0., 0., 3.49999994e-01, 7.00000003e-02, 0.,
    3.49999994e-01, 1.40000001e-01, 0., 3.49999994e-01, 2.10000008e-01,
    0. ]
CalibrationFrameExtRotation: !!opencv-matrix
   rows: 3
   cols: 1
   dt: d
   data: [ -3.1679749913512617e-01, 3.1654576802295540e+00,
       -1.8902660288436127e-01 ]
CalibrationFrameExtTranslation: !!opencv-matrix
   rows: 3
   cols: 1
   dt: d
   data: [ 2.7260788145495912e-01, -1.2032775158741996e-02,
       1.5487911605810163e+00 ]
CalibrationFrameRMSerror: 3.7738066911697388e-01
