%YAML:1.0
---
CalibrationFramePatternImage: [ 4.93733734e+02, 1.94370285e+02,
    4.98362885e+02, 2.15984512e+02, 5.03210022e+02, 2.37929672e+02,
    5.08073853e+02, 2.59713837e+02, 4.85486542e+02, 2.07857925e+02,
    4.89890839e+02, 2.29427628e+02, 4.94727234e+02, 2.51359268e+02,
    4.99484283e+02, 2.73391144e+02, 4.72145905e+02, 1.99425201e+02,
    4.77051819e+02, 2.21467972e+02, 4.81585205e+02, 2.43183334e+02,
    4.86304993e+02, 2.65075439e+02, 4.63794067e+02, 2.13111206e+02,
    4.68532654e+02, 2.34994034e+02, 4.73252777e+02, 2.56958466e+02,
    4.77917847e+02, 2.78792480e+02, 4.50231506e+02, 2.04720047e+02,
    4.55148926e+02, 2.26651581e+02, 4.60176544e+02, 2.48807281e+02,
    4.64887360e+02, 2.70728912e+02, 4.41672089e+02, 2.18345840e+02,
    4.46616974e+02, 2.40270523e+02, 4.51632019e+02, 2.62507385e+02,
    4.56297852e+02, 2.84466187e+02, 4.28076294e+02, 2.10042511e+02,
    4.33042725e+02, 2.32179977e+02, 4.37886078e+02, 2.54252640e+02,
    4.43020447e+02, 2.76122589e+02, 4.19383270e+02, 2.23807678e+02,
    4.24364105e+02, 2.45817337e+02, 4.29353363e+02, 2.67770416e+02,
    4.34313446e+02, 2.90174866e+02, 4.05550598e+02, 2.15425079e+02,
    4.10781067e+02, 2.37522446e+02, 4.15826202e+02, 2.59546173e+02,
    4.20754974e+02, 2.81759766e+02, 3.96835266e+02, 2.29283798e+02,
    4.02029114e+02, 2.51201950e+02, 4.07144073e+02, 2.73528229e+02,
    4.12031097e+02, 2.95516083e+02, 3.83230042e+02, 2.20983231e+02,
    3.88290283e+02, 2.42909760e+02, 3.93445465e+02, 2.65233948e+02,
    3.98524323e+02, 2.87364960e+02 ]
CalibrationFramePatternWorld: [ 0., 0., 0., 0., 7.00000003e-02, 0., 0.,
    1.40000001e-01, 0., 0., 2.10000008e-01, 0., 3.50000001e-02,
    3.50000001e-02, 0., 3.50000001e-02, 1.05000004e-01, 0.,
    3.50000001e-02, 1.74999997e-01, 0., 3.50000001e-02, 2.45000005e-01,
    0., 7.00000003e-02, 0., 0., 7.00000003e-02, 7.00000003e-02, 0.,
    7.00000003e-02, 1.40000001e-01, 0., 7.00000003e-02, 2.10000008e-01,
    0., 1.05000004e-01, 3.50000001e-02, 0., 1.05000004e-01,
    1.05000004e-01, 0., 1.05000004e-01, 1.74999997e-01, 0.,
    1.05000004e-01, 2.45000005e-01, 0., 1.40000001e-01, 0., 0.,
    1.40000001e-01, 7.00000003e-02, 0., 1.40000001e-01, 1.40000001e-01,
    0., 1.40000001e-01, 2.10000008e-01, 0., 1.74999997e-01,
    3.50000001e-02, 0., 1.74999997e-01, 1.05000004e-01, 0.,
    1.74999997e-01, 1.74999997e-01, 0., 1.74999997e-01, 2.45000005e-01,
    0., 2.10000008e-01, 0., 0., 2.10000008e-01, 7.00000003e-02, 0.,
    2.10000008e-01, 1.40000001e-01, 0., 2.10000008e-01, 2.10000008e-01,
    0., 2.45000005e-01, 3.50000001e-02, 0., 2.45000005e-01,
    1.05000004e-01, 0., 2.45000005e-01, 1.74999997e-01, 0.,
    2.45000005e-01, 2.45000005e-01, 0., 2.80000001e-01, 0., 0.,
    2.80000001e-01, 7.00000003e-02, 0., 2.80000001e-01, 1.40000001e-01,
    0., 2.80000001e-01, 2.10000008e-01, 0., 3.14999998e-01,
    3.50000001e-02, 0., 3.14999998e-01, 1.05000004e-01, 0.,
    3.14999998e-01, 1.74999997e-01, 0., 3.14999998e-01, 2.45000005e-01,
    0., 3.49999994e-01, 0., 0., 3.49999994e-01, 7.00000003e-02, 0.,
    3.49999994e-01, 1.40000001e-01, 0., 3.49999994e-01, 2.10000008e-01,
    0. ]
CalibrationFrameExtRotation: !!opencv-matrix
   rows: 3
   cols: 1
   dt: d
   data: [ 3.6290650370627642e-01, 3.0441511228420266e+00,
       2.4982877373065840e-01 ]
CalibrationFrameExtTranslation: !!opencv-matrix
   rows: 3
   cols: 1
   dt: d
   data: [ 3.6101977163481547e-01, -1.7860886765810374e-01,
       2.6924743537771669e+00 ]
CalibrationFrameRMSerror: 2.0665083825588226e-01
