%YAML:1.0
---
CalibrationFramePatternImage: [ 5.84876831e+02, 1.23724739e+02,
    5.75882263e+02, 1.42843552e+02, 5.66764343e+02, 1.62466064e+02,
    5.57910522e+02, 1.82254715e+02, 5.70869873e+02, 1.28553131e+02,
    5.61689697e+02, 1.47907806e+02, 5.52474609e+02, 1.67508072e+02,
    5.43462646e+02, 1.87529984e+02, 5.65799194e+02, 1.14050728e+02,
    5.56731445e+02, 1.33767975e+02, 5.47661926e+02, 1.53192627e+02,
    5.38269653e+02, 1.72891220e+02, 5.51491943e+02, 1.19089653e+02,
    5.42597900e+02, 1.38876694e+02, 5.33320618e+02, 1.58630554e+02,
    5.24023315e+02, 1.78411377e+02, 5.46145569e+02, 1.04707466e+02,
    5.37289551e+02, 1.24277420e+02, 5.28184631e+02, 1.44195160e+02,
    5.18976196e+02, 1.63960968e+02, 5.31908020e+02, 1.09716278e+02,
    5.22855835e+02, 1.29559814e+02, 5.13650940e+02, 1.49645523e+02,
    5.04485535e+02, 1.69440689e+02, 5.26364807e+02, 9.51297684e+01,
    5.17443604e+02, 1.14998283e+02, 5.08248962e+02, 1.34881027e+02,
    4.99292084e+02, 1.55016693e+02, 5.12009827e+02, 1.00438667e+02,
    5.02884674e+02, 1.20330681e+02, 4.93736816e+02, 1.40209335e+02,
    4.84677002e+02, 1.60579102e+02, 5.06373138e+02, 8.56611099e+01,
    4.97415833e+02, 1.05625114e+02, 4.88498993e+02, 1.25617844e+02,
    4.79233612e+02, 1.45810959e+02, 4.91897369e+02, 9.09474487e+01,
    4.82909271e+02, 1.10925980e+02, 4.73704651e+02, 1.31137772e+02,
    4.64806580e+02, 1.51277725e+02, 4.86292542e+02, 7.63627396e+01,
    4.77331696e+02, 9.63074341e+01, 4.68300995e+02, 1.16459404e+02,
    4.59155853e+02, 1.36610886e+02 ]
CalibrationFramePatternWorld: [ 0., 0., 0., 0., 7.00000003e-02, 0., 0.,
    1.40000001e-01, 0., 0., 2.10000008e-01, 0., 3.50000001e-02,
    3.50000001e-02, 0., 3.50000001e-02, 1.05000004e-01, 0.,
    3.50000001e-02, 1.74999997e-01, 0., 3.50000001e-02, 2.45000005e-01,
    0., 7.00000003e-02, 0., 0., 7.00000003e-02, 7.00000003e-02, 0.,
    7.00000003e-02, 1.40000001e-01, 0., 7.00000003e-02, 2.10000008e-01,
    0., 1.05000004e-01, 3.50000001e-02, 0., 1.05000004e-01,
    1.05000004e-01, 0., 1.05000004e-01, 1.74999997e-01, 0.,
    1.05000004e-01, 2.45000005e-01, 0., 1.40000001e-01, 0., 0.,
    1.40000001e-01, 7.00000003e-02, 0., 1.40000001e-01, 1.40000001e-01,
    0., 1.40000001e-01, 2.10000008e-01, 0., 1.74999997e-01,
    3.50000001e-02, 0., 1.74999997e-01, 1.05000004e-01, 0.,
    1.74999997e-01, 1.74999997e-01, 0., 1.74999997e-01, 2.45000005e-01,
    0., 2.10000008e-01, 0., 0., 2.10000008e-01, 7.00000003e-02, 0.,
    2.10000008e-01, 1.40000001e-01, 0., 2.10000008e-01, 2.10000008e-01,
    0., 2.45000005e-01, 3.50000001e-02, 0., 2.45000005e-01,
    1.05000004e-01, 0., 2.45000005e-01, 1.74999997e-01, 0.,
    2.45000005e-01, 2.45000005e-01, 0., 2.80000001e-01, 0., 0.,
    2.80000001e-01, 7.00000003e-02, 0., 2.80000001e-01, 1.40000001e-01,
    0., 2.80000001e-01, 2.10000008e-01, 0., 3.14999998e-01,
    3.50000001e-02, 0., 3.14999998e-01, 1.05000004e-01, 0.,
    3.14999998e-01, 1.74999997e-01, 0., 3.14999998e-01, 2.45000005e-01,
    0., 3.49999994e-01, 0., 0., 3.49999994e-01, 7.00000003e-02, 0.,
    3.49999994e-01, 1.40000001e-01, 0., 3.49999994e-01, 2.10000008e-01,
    0. ]
CalibrationFrameExtRotation: !!opencv-matrix
   rows: 3
   cols: 1
   dt: d
   data: [ -6.3467143777186086e-01, 3.0224154213201184e+00,
       4.1544606690938735e-01 ]
CalibrationFrameExtTranslation: !!opencv-matrix
   rows: 3
   cols: 1
   dt: d
   data: [ 6.6488378483731914e-01, -4.0981262734883428e-01,
       2.7214453240970360e+00 ]
CalibrationFrameRMSerror: 1.6153371334075928e-01
