%YAML:1.0
---
CalibrationFramePatternImage: [ 2.71746521e+02, 2.90859039e+02,
    2.69140686e+02, 3.12843903e+02, 2.66796692e+02, 3.35211975e+02,
    2.64568970e+02, 3.57794739e+02, 2.59558716e+02, 3.00019775e+02,
    2.56701050e+02, 3.22399872e+02, 2.54128082e+02, 3.44923584e+02,
    2.51912323e+02, 3.67952667e+02, 2.49688797e+02, 2.87154388e+02,
    2.46995667e+02, 3.09524811e+02, 2.44353226e+02, 3.31947418e+02,
    2.41851318e+02, 3.54860382e+02, 2.37214523e+02, 2.96388885e+02,
    2.34536179e+02, 3.18759949e+02, 2.31885284e+02, 3.41690735e+02,
    2.29263916e+02, 3.64654633e+02, 2.27220612e+02, 2.83588593e+02,
    2.24654678e+02, 3.05958496e+02, 2.21874008e+02, 3.28454987e+02,
    2.19321152e+02, 3.51489655e+02, 2.14629929e+02, 2.92850769e+02,
    2.11867004e+02, 3.15268829e+02, 2.09161331e+02, 3.38394257e+02,
    2.06405640e+02, 3.61428192e+02, 2.04680908e+02, 2.79971375e+02,
    2.01773102e+02, 3.02300751e+02, 1.98925735e+02, 3.25109070e+02,
    1.96235367e+02, 3.48252502e+02, 1.91841995e+02, 2.89202667e+02,
    1.88926666e+02, 3.11801605e+02, 1.86026047e+02, 3.34929596e+02,
    1.83274612e+02, 3.58370148e+02, 1.81824905e+02, 2.76236206e+02,
    1.78889771e+02, 2.98726105e+02, 1.75940186e+02, 3.21551147e+02,
    1.73019424e+02, 3.44896881e+02, 1.68919357e+02, 2.85541138e+02,
    1.65904114e+02, 3.08279785e+02, 1.62730286e+02, 3.31557159e+02,
    1.59856705e+02, 3.54886169e+02, 1.58939713e+02, 2.72520264e+02,
    1.55890625e+02, 2.95010437e+02, 1.52737915e+02, 3.18101868e+02,
    1.49758713e+02, 3.41363953e+02 ]
CalibrationFramePatternWorld: [ 0., 0., 0., 0., 7.00000003e-02, 0., 0.,
    1.40000001e-01, 0., 0., 2.10000008e-01, 0., 3.50000001e-02,
    3.50000001e-02, 0., 3.50000001e-02, 1.05000004e-01, 0.,
    3.50000001e-02, 1.74999997e-01, 0., 3.50000001e-02, 2.45000005e-01,
    0., 7.00000003e-02, 0., 0., 7.00000003e-02, 7.00000003e-02, 0.,
    7.00000003e-02, 1.40000001e-01, 0., 7.00000003e-02, 2.10000008e-01,
    0., 1.05000004e-01, 3.50000001e-02, 0., 1.05000004e-01,
    1.05000004e-01, 0., 1.05000004e-01, 1.74999997e-01, 0.,
    1.05000004e-01, 2.45000005e-01, 0., 1.40000001e-01, 0., 0.,
    1.40000001e-01, 7.00000003e-02, 0., 1.40000001e-01, 1.40000001e-01,
    0., 1.40000001e-01, 2.10000008e-01, 0., 1.74999997e-01,
    3.50000001e-02, 0., 1.74999997e-01, 1.05000004e-01, 0.,
    1.74999997e-01, 1.74999997e-01, 0., 1.74999997e-01, 2.45000005e-01,
    0., 2.10000008e-01, 0., 0., 2.10000008e-01, 7.00000003e-02, 0.,
    2.10000008e-01, 1.40000001e-01, 0., 2.10000008e-01, 2.10000008e-01,
    0., 2.45000005e-01, 3.50000001e-02, 0., 2.45000005e-01,
    1.05000004e-01, 0., 2.45000005e-01, 1.74999997e-01, 0.,
    2.45000005e-01, 2.45000005e-01, 0., 2.80000001e-01, 0., 0.,
    2.80000001e-01, 7.00000003e-02, 0., 2.80000001e-01, 1.40000001e-01,
    0., 2.80000001e-01, 2.10000008e-01, 0., 3.14999998e-01,
    3.50000001e-02, 0., 3.14999998e-01, 1.05000004e-01, 0.,
    3.14999998e-01, 1.74999997e-01, 0., 3.14999998e-01, 2.45000005e-01,
    0., 3.49999994e-01, 0., 0., 3.49999994e-01, 7.00000003e-02, 0.,
    3.49999994e-01, 1.40000001e-01, 0., 3.49999994e-01, 2.10000008e-01,
    0. ]
CalibrationFrameExtRotation: !!opencv-matrix
   rows: 3
   cols: 1
   dt: d
   data: [ -1.7798097413152475e-01, 2.7561310372062002e+00,
       -3.5292698455758548e-01 ]
CalibrationFrameExtTranslation: !!opencv-matrix
   rows: 3
   cols: 1
   dt: d
   data: [ -3.1954413878513227e-01, 1.1767015115134576e-01,
       2.7340167321711717e+00 ]
CalibrationFrameRMSerror: 1.4915530383586884e-01
