%YAML:1.0
---
CalibrationFramePatternImage: [ 5.93603149e+02, 1.35230255e+02,
    5.99989563e+02, 1.54828308e+02, 6.06511902e+02, 1.74961716e+02,
    6.13174744e+02, 1.95499008e+02, 5.87529480e+02, 1.46922989e+02,
    5.93692871e+02, 1.67199448e+02, 6.00336426e+02, 1.87560074e+02,
    6.06807983e+02, 2.08293457e+02, 5.74781189e+02, 1.39202560e+02,
    5.81381470e+02, 1.59298904e+02, 5.87475952e+02, 1.79423950e+02,
    5.93978027e+02, 2.00294785e+02, 5.68379700e+02, 1.51146973e+02,
    5.74971802e+02, 1.71405502e+02, 5.81283691e+02, 1.92072983e+02,
    5.87328674e+02, 2.12852158e+02, 5.55394653e+02, 1.43516083e+02,
    5.62005188e+02, 1.63571075e+02, 5.68504089e+02, 1.84040268e+02,
    5.74687439e+02, 2.04738998e+02, 5.48977417e+02, 1.55699341e+02,
    5.55308899e+02, 1.75921249e+02, 5.61690857e+02, 1.96801102e+02,
    5.67856934e+02, 2.17432495e+02, 5.35792847e+02, 1.48003418e+02,
    5.42240356e+02, 1.68236771e+02, 5.48510254e+02, 1.88711182e+02,
    5.54882568e+02, 2.09390594e+02, 5.28948730e+02, 1.60389389e+02,
    5.35394836e+02, 1.80745010e+02, 5.41506348e+02, 2.01311768e+02,
    5.47911682e+02, 2.22394714e+02, 5.15745911e+02, 1.52555542e+02,
    5.22129578e+02, 1.72865417e+02, 5.28379822e+02, 1.93344238e+02,
    5.34582764e+02, 2.14303253e+02, 5.08806091e+02, 1.64834076e+02,
    5.15181091e+02, 1.85240616e+02, 5.21511230e+02, 2.06181992e+02,
    5.27477356e+02, 2.26987183e+02, 4.95556122e+02, 1.57002670e+02,
    5.01928101e+02, 1.77309738e+02, 5.08188751e+02, 1.98093567e+02,
    5.14300171e+02, 2.18935791e+02 ]
CalibrationFramePatternWorld: [ 0., 0., 0., 0., 7.00000003e-02, 0., 0.,
    1.40000001e-01, 0., 0., 2.10000008e-01, 0., 3.50000001e-02,
    3.50000001e-02, 0., 3.50000001e-02, 1.05000004e-01, 0.,
    3.50000001e-02, 1.74999997e-01, 0., 3.50000001e-02, 2.45000005e-01,
    0., 7.00000003e-02, 0., 0., 7.00000003e-02, 7.00000003e-02, 0.,
    7.00000003e-02, 1.40000001e-01, 0., 7.00000003e-02, 2.10000008e-01,
    0., 1.05000004e-01, 3.50000001e-02, 0., 1.05000004e-01,
    1.05000004e-01, 0., 1.05000004e-01, 1.74999997e-01, 0.,
    1.05000004e-01, 2.45000005e-01, 0., 1.40000001e-01, 0., 0.,
    1.40000001e-01, 7.00000003e-02, 0., 1.40000001e-01, 1.40000001e-01,
    0., 1.40000001e-01, 2.10000008e-01, 0., 1.74999997e-01,
    3.50000001e-02, 0., 1.74999997e-01, 1.05000004e-01, 0.,
    1.74999997e-01, 1.74999997e-01, 0., 1.74999997e-01, 2.45000005e-01,
    0., 2.10000008e-01, 0., 0., 2.10000008e-01, 7.00000003e-02, 0.,
    2.10000008e-01, 1.40000001e-01, 0., 2.10000008e-01, 2.10000008e-01,
    0., 2.45000005e-01, 3.50000001e-02, 0., 2.45000005e-01,
    1.05000004e-01, 0., 2.45000005e-01, 1.74999997e-01, 0.,
    2.45000005e-01, 2.45000005e-01, 0., 2.80000001e-01, 0., 0.,
    2.80000001e-01, 7.00000003e-02, 0., 2.80000001e-01, 1.40000001e-01,
    0., 2.80000001e-01, 2.10000008e-01, 0., 3.14999998e-01,
    3.50000001e-02, 0., 3.14999998e-01, 1.05000004e-01, 0.,
    3.14999998e-01, 1.74999997e-01, 0., 3.14999998e-01, 2.45000005e-01,
    0., 3.49999994e-01, 0., 0., 3.49999994e-01, 7.00000003e-02, 0.,
    3.49999994e-01, 1.40000001e-01, 0., 3.49999994e-01, 2.10000008e-01,
    0. ]
CalibrationFrameExtRotation: !!opencv-matrix
   rows: 3
   cols: 1
   dt: d
   data: [ 3.7563340859649441e-01, 3.0219214614371941e+00,
       -2.8892629368273298e-01 ]
CalibrationFrameExtTranslation: !!opencv-matrix
   rows: 3
   cols: 1
   dt: d
   data: [ 7.1805485946844483e-01, -3.8543742703387235e-01,
       2.8182988018177522e+00 ]
CalibrationFrameRMSerror: 2.2027020156383514e-01
