%YAML:1.0
---
CalibrationFramePatternImage: [ 2.66989777e+02, 4.95535011e+01,
    2.82273804e+02, 7.96693954e+01, 2.97611603e+02, 1.10039619e+02,
    3.13138580e+02, 1.40542969e+02, 2.59158966e+02, 7.22478485e+01,
    2.74452118e+02, 1.02517494e+02, 2.89996918e+02, 1.32835205e+02,
    3.05621674e+02, 1.63269455e+02, 2.35866989e+02, 6.48221817e+01,
    2.51460632e+02, 9.51742096e+01, 2.66887268e+02, 1.25375046e+02,
    2.82532349e+02, 1.55853119e+02, 2.28057632e+02, 8.77519379e+01,
    2.43688568e+02, 1.17981339e+02, 2.59283051e+02, 1.48454803e+02,
    2.74952789e+02, 1.78720261e+02, 2.04733734e+02, 8.04515686e+01,
    2.20411636e+02, 1.10761826e+02, 2.36089615e+02, 1.41049500e+02,
    2.51812119e+02, 1.71450821e+02, 1.97060471e+02, 1.03445267e+02,
    2.12717010e+02, 1.33795013e+02, 2.28681992e+02, 1.64091278e+02,
    2.44480103e+02, 1.94289902e+02, 1.73820465e+02, 9.62561417e+01,
    1.89477341e+02, 1.26571663e+02, 2.05287949e+02, 1.56740463e+02,
    2.21336884e+02, 1.87011673e+02, 1.66213364e+02, 1.19322487e+02,
    1.82094452e+02, 1.49462921e+02, 1.98011642e+02, 1.79677917e+02,
    2.13998840e+02, 2.10027771e+02, 1.43028763e+02, 1.12242500e+02,
    1.58911774e+02, 1.42407593e+02, 1.74776276e+02, 1.72443130e+02,
    1.90786942e+02, 2.02670013e+02, 1.35655121e+02, 1.35313980e+02,
    1.51569000e+02, 1.65361786e+02, 1.67678879e+02, 1.95532791e+02,
    1.83664032e+02, 2.25518219e+02, 1.12546326e+02, 1.28331665e+02,
    1.28450851e+02, 1.58408554e+02, 1.44536728e+02, 1.88339966e+02,
    1.60582199e+02, 2.18467712e+02 ]
CalibrationFramePatternWorld: [ 0., 0., 0., 0., 7.00000003e-02, 0., 0.,
    1.40000001e-01, 0., 0., 2.10000008e-01, 0., 3.50000001e-02,
    3.50000001e-02, 0., 3.50000001e-02, 1.05000004e-01, 0.,
    3.50000001e-02, 1.74999997e-01, 0., 3.50000001e-02, 2.45000005e-01,
    0., 7.00000003e-02, 0., 0., 7.00000003e-02, 7.00000003e-02, 0.,
    7.00000003e-02, 1.40000001e-01, 0., 7.00000003e-02, 2.10000008e-01,
    0., 1.05000004e-01, 3.50000001e-02, 0., 1.05000004e-01,
    1.05000004e-01, 0., 1.05000004e-01, 1.74999997e-01, 0.,
    1.05000004e-01, 2.45000005e-01, 0., 1.40000001e-01, 0., 0.,
    1.40000001e-01, 7.00000003e-02, 0., 1.40000001e-01, 1.40000001e-01,
    0., 1.40000001e-01, 2.10000008e-01, 0., 1.74999997e-01,
    3.50000001e-02, 0., 1.74999997e-01, 1.05000004e-01, 0.,
    1.74999997e-01, 1.74999997e-01, 0., 1.74999997e-01, 2.45000005e-01,
    0., 2.10000008e-01, 0., 0., 2.10000008e-01, 7.00000003e-02, 0.,
    2.10000008e-01, 1.40000001e-01, 0., 2.10000008e-01, 2.10000008e-01,
    0., 2.45000005e-01, 3.50000001e-02, 0., 2.45000005e-01,
    1.05000004e-01, 0., 2.45000005e-01, 1.74999997e-01, 0.,
    2.45000005e-01, 2.45000005e-01, 0., 2.80000001e-01, 0., 0.,
    2.80000001e-01, 7.00000003e-02, 0., 2.80000001e-01, 1.40000001e-01,
    0., 2.80000001e-01, 2.10000008e-01, 0., 3.14999998e-01,
    3.50000001e-02, 0., 3.14999998e-01, 1.05000004e-01, 0.,
    3.14999998e-01, 1.74999997e-01, 0., 3.14999998e-01, 2.45000005e-01,
    0., 3.49999994e-01, 0., 0., 3.49999994e-01, 7.00000003e-02, 0.,
    3.49999994e-01, 1.40000001e-01, 0., 3.49999994e-01, 2.10000008e-01,
    0. ]
CalibrationFrameExtRotation: !!opencv-matrix
   rows: 3
   cols: 1
   dt: d
   data: [ 6.9834348687920689e-01, 2.9316907648536898e+00,
       3.5712187070691498e-01 ]
CalibrationFrameExtTranslation: !!opencv-matrix
   rows: 3
   cols: 1
   dt: d
   data: [ -2.1847784158559500e-01, -4.1133493747155153e-01,
       1.7603841303305496e+00 ]
CalibrationFrameRMSerror: 1.5000067651271820e-01
