%YAML:1.0
---
CalibrationFramePatternImage: [ 2.96687897e+02, 2.49649277e+02,
    2.94295258e+02, 2.72405151e+02, 2.91758545e+02, 2.95547485e+02,
    2.89341797e+02, 3.18897461e+02, 2.83836975e+02, 2.59632812e+02,
    2.81279297e+02, 2.82704681e+02, 2.78932983e+02, 3.05822693e+02,
    2.76235687e+02, 3.29377472e+02, 2.73420013e+02, 2.47016571e+02,
    2.70964813e+02, 2.70019470e+02, 2.68477600e+02, 2.93041321e+02,
    2.65880463e+02, 3.16395233e+02, 2.60427429e+02, 2.57302551e+02,
    2.57953247e+02, 2.80251160e+02, 2.55431244e+02, 3.03450317e+02,
    2.52768082e+02, 3.26788208e+02, 2.49935043e+02, 2.44883148e+02,
    2.47598755e+02, 2.67557037e+02, 2.45012405e+02, 2.90676453e+02,
    2.42441193e+02, 3.13849823e+02, 2.37282486e+02, 2.54969025e+02,
    2.34628601e+02, 2.77846771e+02, 2.32089569e+02, 3.01077118e+02,
    2.29411194e+02, 3.24341553e+02, 2.26989929e+02, 2.42599396e+02,
    2.24351730e+02, 2.65345551e+02, 2.21651672e+02, 2.88165314e+02,
    2.19165390e+02, 3.11299988e+02, 2.14132980e+02, 2.52815460e+02,
    2.11437775e+02, 2.75549744e+02, 2.08890991e+02, 2.98663239e+02,
    2.06221161e+02, 3.21917816e+02, 2.03859390e+02, 2.40304657e+02,
    2.01226852e+02, 2.62948120e+02, 1.98709351e+02, 2.85881622e+02,
    1.95914856e+02, 3.08933075e+02, 1.91121414e+02, 2.50492935e+02,
    1.88423904e+02, 2.73077484e+02, 1.85743591e+02, 2.96285736e+02,
    1.82961884e+02, 3.19146698e+02, 1.81006134e+02, 2.38311157e+02,
    1.78239746e+02, 2.60631683e+02, 1.75722900e+02, 2.83563538e+02,
    1.72830368e+02, 3.06416840e+02 ]
CalibrationFramePatternWorld: [ 0., 0., 0., 0., 7.00000003e-02, 0., 0.,
    1.40000001e-01, 0., 0., 2.10000008e-01, 0., 3.50000001e-02,
    3.50000001e-02, 0., 3.50000001e-02, 1.05000004e-01, 0.,
    3.50000001e-02, 1.74999997e-01, 0., 3.50000001e-02, 2.45000005e-01,
    0., 7.00000003e-02, 0., 0., 7.00000003e-02, 7.00000003e-02, 0.,
    7.00000003e-02, 1.40000001e-01, 0., 7.00000003e-02, 2.10000008e-01,
    0., 1.05000004e-01, 3.50000001e-02, 0., 1.05000004e-01,
    1.05000004e-01, 0., 1.05000004e-01, 1.74999997e-01, 0.,
    1.05000004e-01, 2.45000005e-01, 0., 1.40000001e-01, 0., 0.,
    1.40000001e-01, 7.00000003e-02, 0., 1.40000001e-01, 1.40000001e-01,
    0., 1.40000001e-01, 2.10000008e-01, 0., 1.74999997e-01,
    3.50000001e-02, 0., 1.74999997e-01, 1.05000004e-01, 0.,
    1.74999997e-01, 1.74999997e-01, 0., 1.74999997e-01, 2.45000005e-01,
    0., 2.10000008e-01, 0., 0., 2.10000008e-01, 7.00000003e-02, 0.,
    2.10000008e-01, 1.40000001e-01, 0., 2.10000008e-01, 2.10000008e-01,
    0., 2.45000005e-01, 3.50000001e-02, 0., 2.45000005e-01,
    1.05000004e-01, 0., 2.45000005e-01, 1.74999997e-01, 0.,
    2.45000005e-01, 2.45000005e-01, 0., 2.80000001e-01, 0., 0.,
    2.80000001e-01, 7.00000003e-02, 0., 2.80000001e-01, 1.40000001e-01,
    0., 2.80000001e-01, 2.10000008e-01, 0., 3.14999998e-01,
    3.50000001e-02, 0., 3.14999998e-01, 1.05000004e-01, 0.,
    3.14999998e-01, 1.74999997e-01, 0., 3.14999998e-01, 2.45000005e-01,
    0., 3.49999994e-01, 0., 0., 3.49999994e-01, 7.00000003e-02, 0.,
    3.49999994e-01, 1.40000001e-01, 0., 3.49999994e-01, 2.10000008e-01,
    0. ]
CalibrationFrameExtRotation: !!opencv-matrix
   rows: 3
   cols: 1
   dt: d
   data: [ 1.5345047274165804e-01, -3.2042819879118287e+00,
       2.7454528045554333e-01 ]
CalibrationFrameExtTranslation: !!opencv-matrix
   rows: 3
   cols: 1
   dt: d
   data: [ -2.3847921834753261e-01, -8.6651462814711696e-03,
       2.6842046203254162e+00 ]
CalibrationFrameRMSerror: 1.7561210691928864e-01
