%YAML:1.0
---
CalibrationFramePatternImage: [ 2.62319672e+02, 3.44729462e+02,
    2.57914062e+02, 3.64701385e+02, 2.53845352e+02, 3.85344269e+02,
    2.49815323e+02, 4.05472321e+02, 2.49264099e+02, 3.53198090e+02,
    2.44901337e+02, 3.73284576e+02, 2.40827423e+02, 3.93419891e+02,
    2.36914139e+02, 4.13607849e+02, 2.40204758e+02, 3.41073151e+02,
    2.35913300e+02, 3.61788544e+02, 2.31892014e+02, 3.81918671e+02,
    2.28037552e+02, 4.01903137e+02, 2.26897003e+02, 3.49634857e+02,
    2.22955276e+02, 3.70236084e+02, 2.18955597e+02, 3.90402588e+02,
    2.15196121e+02, 4.10279205e+02, 2.17694260e+02, 3.37419861e+02,
    2.13629196e+02, 3.58250000e+02, 2.09883621e+02, 3.78814301e+02,
    2.06200577e+02, 3.98909973e+02, 2.04587646e+02, 3.45899994e+02,
    2.00720184e+02, 3.66690460e+02, 1.96985504e+02, 3.87262848e+02,
    1.93405182e+02, 4.07123749e+02, 1.95384659e+02, 3.33548187e+02,
    1.91545303e+02, 3.54583282e+02, 1.87742279e+02, 3.75191956e+02,
    1.84306229e+02, 3.95432892e+02, 1.82146271e+02, 3.42145203e+02,
    1.78548782e+02, 3.63000519e+02, 1.74963440e+02, 3.83488922e+02,
    1.71543045e+02, 4.04249481e+02, 1.72744522e+02, 3.29703186e+02,
    1.69013702e+02, 3.50871704e+02, 1.65562759e+02, 3.71421600e+02,
    1.62066742e+02, 3.92061951e+02, 1.59820038e+02, 3.38403931e+02,
    1.56219711e+02, 3.59293732e+02, 1.52775330e+02, 3.80136719e+02,
    1.49532623e+02, 4.00634552e+02, 1.50327515e+02, 3.25947571e+02,
    1.46831818e+02, 3.47155548e+02, 1.43488297e+02, 3.67986420e+02,
    1.40114075e+02, 3.88880035e+02 ]
CalibrationFramePatternWorld: [ 0., 0., 0., 0., 7.00000003e-02, 0., 0.,
    1.40000001e-01, 0., 0., 2.10000008e-01, 0., 3.50000001e-02,
    3.50000001e-02, 0., 3.50000001e-02, 1.05000004e-01, 0.,
    3.50000001e-02, 1.74999997e-01, 0., 3.50000001e-02, 2.45000005e-01,
    0., 7.00000003e-02, 0., 0., 7.00000003e-02, 7.00000003e-02, 0.,
    7.00000003e-02, 1.40000001e-01, 0., 7.00000003e-02, 2.10000008e-01,
    0., 1.05000004e-01, 3.50000001e-02, 0., 1.05000004e-01,
    1.05000004e-01, 0., 1.05000004e-01, 1.74999997e-01, 0.,
    1.05000004e-01, 2.45000005e-01, 0., 1.40000001e-01, 0., 0.,
    1.40000001e-01, 7.00000003e-02, 0., 1.40000001e-01, 1.40000001e-01,
    0., 1.40000001e-01, 2.10000008e-01, 0., 1.74999997e-01,
    3.50000001e-02, 0., 1.74999997e-01, 1.05000004e-01, 0.,
    1.74999997e-01, 1.74999997e-01, 0., 1.74999997e-01, 2.45000005e-01,
    0., 2.10000008e-01, 0., 0., 2.10000008e-01, 7.00000003e-02, 0.,
    2.10000008e-01, 1.40000001e-01, 0., 2.10000008e-01, 2.10000008e-01,
    0., 2.45000005e-01, 3.50000001e-02, 0., 2.45000005e-01,
    1.05000004e-01, 0., 2.45000005e-01, 1.74999997e-01, 0.,
    2.45000005e-01, 2.45000005e-01, 0., 2.80000001e-01, 0., 0.,
    2.80000001e-01, 7.00000003e-02, 0., 2.80000001e-01, 1.40000001e-01,
    0., 2.80000001e-01, 2.10000008e-01, 0., 3.14999998e-01,
    3.50000001e-02, 0., 3.14999998e-01, 1.05000004e-01, 0.,
    3.14999998e-01, 1.74999997e-01, 0., 3.14999998e-01, 2.45000005e-01,
    0., 3.49999994e-01, 0., 0., 3.49999994e-01, 7.00000003e-02, 0.,
    3.49999994e-01, 1.40000001e-01, 0., 3.49999994e-01, 2.10000008e-01,
    0. ]
CalibrationFrameExtRotation: !!opencv-matrix
   rows: 3
   cols: 1
   dt: d
   data: [ -2.9822912532454865e-01, 2.8807446089450917e+00,
       3.2342347847046954e-01 ]
CalibrationFrameExtTranslation: !!opencv-matrix
   rows: 3
   cols: 1
   dt: d
   data: [ -3.5164409263467034e-01, 2.8579138943067456e-01,
       2.7526333138134564e+00 ]
CalibrationFrameRMSerror: 2.0150357484817505e-01
