%YAML:1.0
---
CalibrationFramePatternImage: [ 4.09008057e+02, 2.29177689e+02,
    4.12774475e+02, 2.66268463e+02, 4.17471588e+02, 3.03270447e+02,
    4.22669800e+02, 3.39988495e+02, 3.94562927e+02, 2.51027679e+02,
    3.98624634e+02, 2.88480774e+02, 4.03623749e+02, 3.25475983e+02,
    4.08790710e+02, 3.62426971e+02, 3.75895538e+02, 2.36030563e+02,
    3.80308807e+02, 2.73922119e+02, 3.84661682e+02, 3.11171295e+02,
    3.89754639e+02, 3.48447723e+02, 3.60921967e+02, 2.58674500e+02,
    3.65821564e+02, 2.96610291e+02, 3.70696350e+02, 3.34280487e+02,
    3.75784607e+02, 3.71545380e+02, 3.40821686e+02, 2.43071320e+02,
    3.46007416e+02, 2.81520996e+02, 3.51219360e+02, 3.19732147e+02,
    3.56420868e+02, 3.57457336e+02, 3.25299652e+02, 2.65970001e+02,
    3.30816101e+02, 3.04683044e+02, 3.36272980e+02, 3.43029327e+02,
    3.42022522e+02, 3.80798981e+02, 3.04479095e+02, 2.50054016e+02,
    3.09814056e+02, 2.89464630e+02, 3.15432343e+02, 3.28063232e+02,
    3.21385956e+02, 3.66521759e+02, 2.88449860e+02, 2.73714050e+02,
    2.94276123e+02, 3.12804382e+02, 3.00253906e+02, 3.51751984e+02,
    3.06816742e+02, 3.90398804e+02, 2.66744049e+02, 2.57733459e+02,
    2.72615997e+02, 2.97378998e+02, 2.78705170e+02, 3.36789612e+02,
    2.85029388e+02, 3.75792908e+02, 2.50666016e+02, 2.81658691e+02,
    2.56861908e+02, 3.21428558e+02, 2.63361908e+02, 3.60973755e+02,
    2.70307678e+02, 4.00108154e+02, 2.28432953e+02, 2.65307556e+02,
    2.34723618e+02, 3.05987823e+02, 2.41108856e+02, 3.45772858e+02,
    2.48284561e+02, 3.85622986e+02 ]
CalibrationFramePatternWorld: [ 0., 0., 0., 0., 7.00000003e-02, 0., 0.,
    1.40000001e-01, 0., 0., 2.10000008e-01, 0., 3.50000001e-02,
    3.50000001e-02, 0., 3.50000001e-02, 1.05000004e-01, 0.,
    3.50000001e-02, 1.74999997e-01, 0., 3.50000001e-02, 2.45000005e-01,
    0., 7.00000003e-02, 0., 0., 7.00000003e-02, 7.00000003e-02, 0.,
    7.00000003e-02, 1.40000001e-01, 0., 7.00000003e-02, 2.10000008e-01,
    0., 1.05000004e-01, 3.50000001e-02, 0., 1.05000004e-01,
    1.05000004e-01, 0., 1.05000004e-01, 1.74999997e-01, 0.,
    1.05000004e-01, 2.45000005e-01, 0., 1.40000001e-01, 0., 0.,
    1.40000001e-01, 7.00000003e-02, 0., 1.40000001e-01, 1.40000001e-01,
    0., 1.40000001e-01, 2.10000008e-01, 0., 1.74999997e-01,
    3.50000001e-02, 0., 1.74999997e-01, 1.05000004e-01, 0.,
    1.74999997e-01, 1.74999997e-01, 0., 1.74999997e-01, 2.45000005e-01,
    0., 2.10000008e-01, 0., 0., 2.10000008e-01, 7.00000003e-02, 0.,
    2.10000008e-01, 1.40000001e-01, 0., 2.10000008e-01, 2.10000008e-01,
    0., 2.45000005e-01, 3.50000001e-02, 0., 2.45000005e-01,
    1.05000004e-01, 0., 2.45000005e-01, 1.74999997e-01, 0.,
    2.45000005e-01, 2.45000005e-01, 0., 2.80000001e-01, 0., 0.,
    2.80000001e-01, 7.00000003e-02, 0., 2.80000001e-01, 1.40000001e-01,
    0., 2.80000001e-01, 2.10000008e-01, 0., 3.14999998e-01,
    3.50000001e-02, 0., 3.14999998e-01, 1.05000004e-01, 0.,
    3.14999998e-01, 1.74999997e-01, 0., 3.14999998e-01, 2.45000005e-01,
    0., 3.49999994e-01, 0., 0., 3.49999994e-01, 7.00000003e-02, 0.,
    3.49999994e-01, 1.40000001e-01, 0., 3.49999994e-01, 2.10000008e-01,
    0. ]
CalibrationFrameExtRotation: !!opencv-matrix
   rows: 3
   cols: 1
   dt: d
   data: [ 2.2066125163828049e-01, 2.6409577652901017e+00,
       1.4264562734498523e-01 ]
CalibrationFrameExtTranslation: !!opencv-matrix
   rows: 3
   cols: 1
   dt: d
   data: [ 5.9638436475002582e-02, -4.2391087558263631e-02,
       1.6335787894479679e+00 ]
CalibrationFrameRMSerror: 4.1523122787475586e-01
