%YAML:1.0
---
CalibrationFramePatternImage: [ 2.78342346e+02, 2.44850723e+02,
    2.68498230e+02, 2.76668060e+02, 2.58528290e+02, 3.09537292e+02,
    2.48527512e+02, 3.43832611e+02, 2.55315765e+02, 2.55864868e+02,
    2.44877731e+02, 2.88468964e+02, 2.34602142e+02, 3.22037476e+02,
    2.24054413e+02, 3.57189728e+02, 2.42259140e+02, 2.35401138e+02,
    2.31784058e+02, 2.67380371e+02, 2.21154694e+02, 3.00291809e+02,
    2.10316345e+02, 3.34770630e+02, 2.18995697e+02, 2.46486816e+02,
    2.08184311e+02, 2.78845703e+02, 1.97085571e+02, 3.12413483e+02,
    1.85974152e+02, 3.47289764e+02, 2.06571030e+02, 2.26571548e+02,
    1.95511322e+02, 2.57949219e+02, 1.84253098e+02, 2.90644531e+02,
    1.72955338e+02, 3.24778076e+02, 1.83268158e+02, 2.37771957e+02,
    1.71816101e+02, 2.69455872e+02, 1.60213943e+02, 3.03053955e+02,
    1.48472824e+02, 3.37338928e+02, 1.71534851e+02, 2.17968246e+02,
    1.59799179e+02, 2.49057129e+02, 1.47912231e+02, 2.81587280e+02,
    1.36063293e+02, 3.15252747e+02, 1.48210251e+02, 2.29007584e+02,
    1.36275467e+02, 2.60708313e+02, 1.24065872e+02, 2.93485077e+02,
    1.11636551e+02, 3.27583191e+02, 1.36953125e+02, 2.09252151e+02,
    1.24774826e+02, 2.40198013e+02, 1.12491592e+02, 2.72157501e+02,
    9.98543167e+01, 3.05439819e+02, 1.13757324e+02, 2.19995575e+02,
    1.01307579e+02, 2.51120316e+02, 8.85264893e+01, 2.83726379e+02,
    7.55772247e+01, 3.16960968e+02, 1.03354034e+02, 2.00199570e+02,
    9.04716949e+01, 2.30477448e+02, 7.76074066e+01, 2.62257355e+02,
    6.45195084e+01, 2.94889526e+02 ]
CalibrationFramePatternWorld: [ 0., 0., 0., 0., 7.00000003e-02, 0., 0.,
    1.40000001e-01, 0., 0., 2.10000008e-01, 0., 3.50000001e-02,
    3.50000001e-02, 0., 3.50000001e-02, 1.05000004e-01, 0.,
    3.50000001e-02, 1.74999997e-01, 0., 3.50000001e-02, 2.45000005e-01,
    0., 7.00000003e-02, 0., 0., 7.00000003e-02, 7.00000003e-02, 0.,
    7.00000003e-02, 1.40000001e-01, 0., 7.00000003e-02, 2.10000008e-01,
    0., 1.05000004e-01, 3.50000001e-02, 0., 1.05000004e-01,
    1.05000004e-01, 0., 1.05000004e-01, 1.74999997e-01, 0.,
    1.05000004e-01, 2.45000005e-01, 0., 1.40000001e-01, 0., 0.,
    1.40000001e-01, 7.00000003e-02, 0., 1.40000001e-01, 1.40000001e-01,
    0., 1.40000001e-01, 2.10000008e-01, 0., 1.74999997e-01,
    3.50000001e-02, 0., 1.74999997e-01, 1.05000004e-01, 0.,
    1.74999997e-01, 1.74999997e-01, 0., 1.74999997e-01, 2.45000005e-01,
    0., 2.10000008e-01, 0., 0., 2.10000008e-01, 7.00000003e-02, 0.,
    2.10000008e-01, 1.40000001e-01, 0., 2.10000008e-01, 2.10000008e-01,
    0., 2.45000005e-01, 3.50000001e-02, 0., 2.45000005e-01,
    1.05000004e-01, 0., 2.45000005e-01, 1.74999997e-01, 0.,
    2.45000005e-01, 2.45000005e-01, 0., 2.80000001e-01, 0., 0.,
    2.80000001e-01, 7.00000003e-02, 0., 2.80000001e-01, 1.40000001e-01,
    0., 2.80000001e-01, 2.10000008e-01, 0., 3.14999998e-01,
    3.50000001e-02, 0., 3.14999998e-01, 1.05000004e-01, 0.,
    3.14999998e-01, 1.74999997e-01, 0., 3.14999998e-01, 2.45000005e-01,
    0., 3.49999994e-01, 0., 0., 3.49999994e-01, 7.00000003e-02, 0.,
    3.49999994e-01, 1.40000001e-01, 0., 3.49999994e-01, 2.10000008e-01,
    0. ]
CalibrationFrameExtRotation: !!opencv-matrix
   rows: 3
   cols: 1
   dt: d
   data: [ 3.7496247859021958e-01, -3.1033043696331428e+00,
       8.0044766645645360e-01 ]
CalibrationFrameExtTranslation: !!opencv-matrix
   rows: 3
   cols: 1
   dt: d
   data: [ -1.8363536783433379e-01, -1.4806614546255228e-02,
       1.6759695056182284e+00 ]
CalibrationFrameRMSerror: 2.6663112640380859e-01
