%YAML:1.0
---
CalibrationFramePatternImage: [ 1.81542694e+02, 1.27934944e+02,
    1.76871445e+02, 1.48223587e+02, 1.72178146e+02, 1.68368881e+02,
    1.67929062e+02, 1.88462982e+02, 1.68337173e+02, 1.35603882e+02,
    1.63813431e+02, 1.55744659e+02, 1.59523087e+02, 1.75869019e+02,
    1.55222183e+02, 1.95921112e+02, 1.59774658e+02, 1.22935997e+02,
    1.55289825e+02, 1.43469467e+02, 1.50917572e+02, 1.63452347e+02,
    1.46751450e+02, 1.83552277e+02, 1.46752350e+02, 1.30778534e+02,
    1.42324432e+02, 1.51199707e+02, 1.38093048e+02, 1.71313416e+02,
    1.34158783e+02, 1.91138290e+02, 1.38172104e+02, 1.17945587e+02,
    1.33677856e+02, 1.38558487e+02, 1.29499084e+02, 1.58899475e+02,
    1.25619530e+02, 1.79003601e+02, 1.25345390e+02, 1.25836235e+02,
    1.21057518e+02, 1.46363708e+02, 1.17037430e+02, 1.66684006e+02,
    1.13167763e+02, 1.86564255e+02, 1.16904228e+02, 1.12979324e+02,
    1.12528900e+02, 1.33770706e+02, 1.08373734e+02, 1.54069672e+02,
    1.04662735e+02, 1.74193817e+02, 1.04040314e+02, 1.20846741e+02,
    9.99524612e+01, 1.41394577e+02, 9.61235046e+01, 1.61679947e+02,
    9.21917496e+01, 1.82013168e+02, 9.55099564e+01, 1.08151154e+02,
    9.14221954e+01, 1.28827682e+02, 8.75197449e+01, 1.49249100e+02,
    8.37687378e+01, 1.69594315e+02, 8.29184189e+01, 1.16156517e+02,
    7.89776001e+01, 1.36766800e+02, 7.50903625e+01, 1.57212952e+02,
    7.15416107e+01, 1.77422455e+02, 7.43686066e+01, 1.03485802e+02,
    7.03148346e+01, 1.24195702e+02, 6.65655212e+01, 1.44692307e+02,
    6.29444466e+01, 1.65082809e+02 ]
CalibrationFramePatternWorld: [ 0., 0., 0., 0., 7.00000003e-02, 0., 0.,
    1.40000001e-01, 0., 0., 2.10000008e-01, 0., 3.50000001e-02,
    3.50000001e-02, 0., 3.50000001e-02, 1.05000004e-01, 0.,
    3.50000001e-02, 1.74999997e-01, 0., 3.50000001e-02, 2.45000005e-01,
    0., 7.00000003e-02, 0., 0., 7.00000003e-02, 7.00000003e-02, 0.,
    7.00000003e-02, 1.40000001e-01, 0., 7.00000003e-02, 2.10000008e-01,
    0., 1.05000004e-01, 3.50000001e-02, 0., 1.05000004e-01,
    1.05000004e-01, 0., 1.05000004e-01, 1.74999997e-01, 0.,
    1.05000004e-01, 2.45000005e-01, 0., 1.40000001e-01, 0., 0.,
    1.40000001e-01, 7.00000003e-02, 0., 1.40000001e-01, 1.40000001e-01,
    0., 1.40000001e-01, 2.10000008e-01, 0., 1.74999997e-01,
    3.50000001e-02, 0., 1.74999997e-01, 1.05000004e-01, 0.,
    1.74999997e-01, 1.74999997e-01, 0., 1.74999997e-01, 2.45000005e-01,
    0., 2.10000008e-01, 0., 0., 2.10000008e-01, 7.00000003e-02, 0.,
    2.10000008e-01, 1.40000001e-01, 0., 2.10000008e-01, 2.10000008e-01,
    0., 2.45000005e-01, 3.50000001e-02, 0., 2.45000005e-01,
    1.05000004e-01, 0., 2.45000005e-01, 1.74999997e-01, 0.,
    2.45000005e-01, 2.45000005e-01, 0., 2.80000001e-01, 0., 0.,
    2.80000001e-01, 7.00000003e-02, 0., 2.80000001e-01, 1.40000001e-01,
    0., 2.80000001e-01, 2.10000008e-01, 0., 3.14999998e-01,
    3.50000001e-02, 0., 3.14999998e-01, 1.05000004e-01, 0.,
    3.14999998e-01, 1.74999997e-01, 0., 3.14999998e-01, 2.45000005e-01,
    0., 3.49999994e-01, 0., 0., 3.49999994e-01, 7.00000003e-02, 0.,
    3.49999994e-01, 1.40000001e-01, 0., 3.49999994e-01, 2.10000008e-01,
    0. ]
CalibrationFrameExtRotation: !!opencv-matrix
   rows: 3
   cols: 1
   dt: d
   data: [ 4.2859455141340713e-01, -3.2004065204604615e+00,
       -6.7193188685470007e-01 ]
CalibrationFrameExtTranslation: !!opencv-matrix
   rows: 3
   cols: 1
   dt: d
   data: [ -6.0524444751120576e-01, -3.9102288694471876e-01,
       2.7333824699317284e+00 ]
CalibrationFrameRMSerror: 1.5949769318103790e-01
