%YAML:1.0
---
CalibrationFramePatternImage: [ 3.86775909e+02, 2.72746857e+02,
    3.74967926e+02, 3.07842133e+02, 3.63718781e+02, 3.42652679e+02,
    3.53062256e+02, 3.76590149e+02, 3.62804626e+02, 2.83873383e+02,
    3.51686310e+02, 3.18579681e+02, 3.41246979e+02, 3.52710693e+02,
    3.31085938e+02, 3.85997650e+02, 3.50742218e+02, 2.59249329e+02,
    3.39249207e+02, 2.94894531e+02, 3.28906555e+02, 3.29102356e+02,
    3.19048920e+02, 3.62736694e+02, 3.27210938e+02, 2.70582947e+02,
    3.16582184e+02, 3.05613739e+02, 3.06570343e+02, 3.39666290e+02,
    2.97342468e+02, 3.72675049e+02, 3.15635895e+02, 2.46054108e+02,
    3.04480774e+02, 2.81552856e+02, 2.94275482e+02, 3.16234924e+02,
    2.84969604e+02, 3.49771423e+02, 2.93135742e+02, 2.57223846e+02,
    2.82325134e+02, 2.92305573e+02, 2.72948944e+02, 3.26531281e+02,
    2.63964142e+02, 3.59607269e+02, 2.81654755e+02, 2.33001892e+02,
    2.70935089e+02, 2.68406219e+02, 2.61144012e+02, 3.02869629e+02,
    2.52222931e+02, 3.36528015e+02, 2.59634796e+02, 2.44339401e+02,
    2.49701767e+02, 2.79147003e+02, 2.40352478e+02, 3.13108246e+02,
    2.31544983e+02, 3.46713776e+02, 2.48206955e+02, 2.20261398e+02,
    2.38313828e+02, 2.55501419e+02, 2.28782013e+02, 2.89850922e+02,
    2.19774399e+02, 3.23608582e+02, 2.26903564e+02, 2.31765503e+02,
    2.17447998e+02, 2.66293060e+02, 2.08285172e+02, 3.00547028e+02,
    1.99889114e+02, 3.33661652e+02, 2.15787827e+02, 2.08169006e+02,
    2.05830566e+02, 2.42983597e+02, 1.96867615e+02, 2.77291321e+02,
    1.88181824e+02, 3.11081238e+02 ]
CalibrationFramePatternWorld: [ 0., 0., 0., 0., 7.00000003e-02, 0., 0.,
    1.40000001e-01, 0., 0., 2.10000008e-01, 0., 3.50000001e-02,
    3.50000001e-02, 0., 3.50000001e-02, 1.05000004e-01, 0.,
    3.50000001e-02, 1.74999997e-01, 0., 3.50000001e-02, 2.45000005e-01,
    0., 7.00000003e-02, 0., 0., 7.00000003e-02, 7.00000003e-02, 0.,
    7.00000003e-02, 1.40000001e-01, 0., 7.00000003e-02, 2.10000008e-01,
    0., 1.05000004e-01, 3.50000001e-02, 0., 1.05000004e-01,
    1.05000004e-01, 0., 1.05000004e-01, 1.74999997e-01, 0.,
    1.05000004e-01, 2.45000005e-01, 0., 1.40000001e-01, 0., 0.,
    1.40000001e-01, 7.00000003e-02, 0., 1.40000001e-01, 1.40000001e-01,
    0., 1.40000001e-01, 2.10000008e-01, 0., 1.74999997e-01,
    3.50000001e-02, 0., 1.74999997e-01, 1.05000004e-01, 0.,
    1.74999997e-01, 1.74999997e-01, 0., 1.74999997e-01, 2.45000005e-01,
    0., 2.10000008e-01, 0., 0., 2.10000008e-01, 7.00000003e-02, 0.,
    2.10000008e-01, 1.40000001e-01, 0., 2.10000008e-01, 2.10000008e-01,
    0., 2.45000005e-01, 3.50000001e-02, 0., 2.45000005e-01,
    1.05000004e-01, 0., 2.45000005e-01, 1.74999997e-01, 0.,
    2.45000005e-01, 2.45000005e-01, 0., 2.80000001e-01, 0., 0.,
    2.80000001e-01, 7.00000003e-02, 0., 2.80000001e-01, 1.40000001e-01,
    0., 2.80000001e-01, 2.10000008e-01, 0., 3.14999998e-01,
    3.50000001e-02, 0., 3.14999998e-01, 1.05000004e-01, 0.,
    3.14999998e-01, 1.74999997e-01, 0., 3.14999998e-01, 2.45000005e-01,
    0., 3.49999994e-01, 0., 0., 3.49999994e-01, 7.00000003e-02, 0.,
    3.49999994e-01, 1.40000001e-01, 0., 3.49999994e-01, 2.10000008e-01,
    0. ]
CalibrationFrameExtRotation: !!opencv-matrix
   rows: 3
   cols: 1
   dt: d
   data: [ 4.6998369474367557e-01, -2.8454700331593572e+00,
       -2.7450931039133680e-01 ]
CalibrationFrameExtTranslation: !!opencv-matrix
   rows: 3
   cols: 1
   dt: d
   data: [ 1.8897577580283455e-02, 3.5422429253084718e-02,
       1.5963220215414269e+00 ]
CalibrationFrameRMSerror: 4.6964895725250244e-01
