%YAML:1.0
---
CalibrationFramePatternImage: [ 5.42778259e+02, 3.01490723e+02,
    5.43738464e+02, 3.24255829e+02, 5.44832764e+02, 3.47568909e+02,
    5.46050232e+02, 3.70811279e+02, 5.31842651e+02, 3.13706360e+02,
    5.32748718e+02, 3.36526489e+02, 5.33879089e+02, 3.59693207e+02,
    5.35041077e+02, 3.83095398e+02, 5.19630798e+02, 3.02570221e+02,
    5.20909546e+02, 3.25879181e+02, 5.21901794e+02, 3.48927429e+02,
    5.23016663e+02, 3.72174255e+02, 5.08523621e+02, 3.14778900e+02,
    5.09828491e+02, 3.38096436e+02, 5.11005005e+02, 3.61174713e+02,
    5.11783783e+02, 3.84377991e+02, 4.96388733e+02, 3.04074890e+02,
    4.97729370e+02, 3.27158783e+02, 4.98510712e+02, 3.49955292e+02,
    4.99956482e+02, 3.73697266e+02, 4.85532074e+02, 3.16266571e+02,
    4.87000397e+02, 3.39706909e+02, 4.87874939e+02, 3.62359161e+02,
    4.88828339e+02, 3.85851379e+02, 4.73488586e+02, 3.05358490e+02,
    4.74529755e+02, 3.28755524e+02, 4.75899994e+02, 3.51688324e+02,
    4.76911560e+02, 3.74819397e+02, 4.62419098e+02, 3.17715179e+02,
    4.63509491e+02, 3.40749878e+02, 4.64693146e+02, 3.63814301e+02,
    4.65907990e+02, 3.87231049e+02, 4.50285828e+02, 3.06621307e+02,
    4.51395660e+02, 3.30082214e+02, 4.52568970e+02, 3.53009064e+02,
    4.53700775e+02, 3.76049469e+02, 4.39224121e+02, 3.19051788e+02,
    4.40549316e+02, 3.41964050e+02, 4.41631683e+02, 3.65142548e+02,
    4.42661346e+02, 3.88154999e+02, 4.27051941e+02, 3.08086426e+02,
    4.28301270e+02, 3.31148041e+02, 4.29575989e+02, 3.54217773e+02,
    4.30644073e+02, 3.77228607e+02 ]
CalibrationFramePatternWorld: [ 0., 0., 0., 0., 7.00000003e-02, 0., 0.,
    1.40000001e-01, 0., 0., 2.10000008e-01, 0., 3.50000001e-02,
    3.50000001e-02, 0., 3.50000001e-02, 1.05000004e-01, 0.,
    3.50000001e-02, 1.74999997e-01, 0., 3.50000001e-02, 2.45000005e-01,
    0., 7.00000003e-02, 0., 0., 7.00000003e-02, 7.00000003e-02, 0.,
    7.00000003e-02, 1.40000001e-01, 0., 7.00000003e-02, 2.10000008e-01,
    0., 1.05000004e-01, 3.50000001e-02, 0., 1.05000004e-01,
    1.05000004e-01, 0., 1.05000004e-01, 1.74999997e-01, 0.,
    1.05000004e-01, 2.45000005e-01, 0., 1.40000001e-01, 0., 0.,
    1.40000001e-01, 7.00000003e-02, 0., 1.40000001e-01, 1.40000001e-01,
    0., 1.40000001e-01, 2.10000008e-01, 0., 1.74999997e-01,
    3.50000001e-02, 0., 1.74999997e-01, 1.05000004e-01, 0.,
    1.74999997e-01, 1.74999997e-01, 0., 1.74999997e-01, 2.45000005e-01,
    0., 2.10000008e-01, 0., 0., 2.10000008e-01, 7.00000003e-02, 0.,
    2.10000008e-01, 1.40000001e-01, 0., 2.10000008e-01, 2.10000008e-01,
    0., 2.45000005e-01, 3.50000001e-02, 0., 2.45000005e-01,
    1.05000004e-01, 0., 2.45000005e-01, 1.74999997e-01, 0.,
    2.45000005e-01, 2.45000005e-01, 0., 2.80000001e-01, 0., 0.,
    2.80000001e-01, 7.00000003e-02, 0., 2.80000001e-01, 1.40000001e-01,
    0., 2.80000001e-01, 2.10000008e-01, 0., 3.14999998e-01,
    3.50000001e-02, 0., 3.14999998e-01, 1.05000004e-01, 0.,
    3.14999998e-01, 1.74999997e-01, 0., 3.14999998e-01, 2.45000005e-01,
    0., 3.49999994e-01, 0., 0., 3.49999994e-01, 7.00000003e-02, 0.,
    3.49999994e-01, 1.40000001e-01, 0., 3.49999994e-01, 2.10000008e-01,
    0. ]
CalibrationFrameExtRotation: !!opencv-matrix
   rows: 3
   cols: 1
   dt: d
   data: [ 9.9222202081124353e-02, 3.2948481740938598e+00,
       -3.5999563112401135e-02 ]
CalibrationFrameExtTranslation: !!opencv-matrix
   rows: 3
   cols: 1
   dt: d
   data: [ 4.9879896380368199e-01, 1.4528606664643715e-01,
       2.6102328345219483e+00 ]
CalibrationFrameRMSerror: 2.0090222358703613e-01
