%YAML:1.0
---
CalibrationFramePatternImage: [ 3.77884796e+02, 9.62642822e+01,
    3.85575714e+02, 1.16789207e+02, 3.93434784e+02, 1.37955643e+02,
    4.01246765e+02, 1.59178696e+02, 3.71118469e+02, 1.10172600e+02,
    3.78583282e+02, 1.31178391e+02, 3.86460602e+02, 1.52402283e+02,
    3.94276855e+02, 1.73992294e+02, 3.56278656e+02, 1.03666023e+02,
    3.64003113e+02, 1.24329842e+02, 3.71672485e+02, 1.45516846e+02,
    3.79369537e+02, 1.66864838e+02, 3.49340668e+02, 1.17844353e+02,
    3.56948212e+02, 1.38678879e+02, 3.64505646e+02, 1.59837631e+02,
    3.72136749e+02, 1.81584717e+02, 3.34699432e+02, 1.11325180e+02,
    3.42165588e+02, 1.31953308e+02, 3.49824951e+02, 1.52949020e+02,
    3.57445374e+02, 1.74469788e+02, 3.27626770e+02, 1.25385918e+02,
    3.35061523e+02, 1.46159393e+02, 3.42719086e+02, 1.67593369e+02,
    3.50315552e+02, 1.89116959e+02, 3.13201508e+02, 1.18876785e+02,
    3.20477722e+02, 1.39569427e+02, 3.27864288e+02, 1.60731583e+02,
    3.35491028e+02, 1.82050369e+02, 3.05873596e+02, 1.33138290e+02,
    3.13327240e+02, 1.53868073e+02, 3.20727234e+02, 1.75258133e+02,
    3.28200531e+02, 1.96845963e+02, 2.91422577e+02, 1.26528946e+02,
    2.98719666e+02, 1.47322464e+02, 3.06173584e+02, 1.68343185e+02,
    3.13491821e+02, 1.89709839e+02, 2.84353729e+02, 1.40696564e+02,
    2.91603851e+02, 1.61543839e+02, 2.98973480e+02, 1.82927200e+02,
    3.06212982e+02, 2.04411102e+02, 2.70017517e+02, 1.34355713e+02,
    2.77209442e+02, 1.54990509e+02, 2.84404572e+02, 1.76127090e+02,
    2.91533722e+02, 1.97400818e+02 ]
CalibrationFramePatternWorld: [ 0., 0., 0., 0., 7.00000003e-02, 0., 0.,
    1.40000001e-01, 0., 0., 2.10000008e-01, 0., 3.50000001e-02,
    3.50000001e-02, 0., 3.50000001e-02, 1.05000004e-01, 0.,
    3.50000001e-02, 1.74999997e-01, 0., 3.50000001e-02, 2.45000005e-01,
    0., 7.00000003e-02, 0., 0., 7.00000003e-02, 7.00000003e-02, 0.,
    7.00000003e-02, 1.40000001e-01, 0., 7.00000003e-02, 2.10000008e-01,
    0., 1.05000004e-01, 3.50000001e-02, 0., 1.05000004e-01,
    1.05000004e-01, 0., 1.05000004e-01, 1.74999997e-01, 0.,
    1.05000004e-01, 2.45000005e-01, 0., 1.40000001e-01, 0., 0.,
    1.40000001e-01, 7.00000003e-02, 0., 1.40000001e-01, 1.40000001e-01,
    0., 1.40000001e-01, 2.10000008e-01, 0., 1.74999997e-01,
    3.50000001e-02, 0., 1.74999997e-01, 1.05000004e-01, 0.,
    1.74999997e-01, 1.74999997e-01, 0., 1.74999997e-01, 2.45000005e-01,
    0., 2.10000008e-01, 0., 0., 2.10000008e-01, 7.00000003e-02, 0.,
    2.10000008e-01, 1.40000001e-01, 0., 2.10000008e-01, 2.10000008e-01,
    0., 2.45000005e-01, 3.50000001e-02, 0., 2.45000005e-01,
    1.05000004e-01, 0., 2.45000005e-01, 1.74999997e-01, 0.,
    2.45000005e-01, 2.45000005e-01, 0., 2.80000001e-01, 0., 0.,
    2.80000001e-01, 7.00000003e-02, 0., 2.80000001e-01, 1.40000001e-01,
    0., 2.80000001e-01, 2.10000008e-01, 0., 3.14999998e-01,
    3.50000001e-02, 0., 3.14999998e-01, 1.05000004e-01, 0.,
    3.14999998e-01, 1.74999997e-01, 0., 3.14999998e-01, 2.45000005e-01,
    0., 3.49999994e-01, 0., 0., 3.49999994e-01, 7.00000003e-02, 0.,
    3.49999994e-01, 1.40000001e-01, 0., 3.49999994e-01, 2.10000008e-01,
    0. ]
CalibrationFrameExtRotation: !!opencv-matrix
   rows: 3
   cols: 1
   dt: d
   data: [ -5.2344476935331907e-01, -3.0641172677100568e+00,
       1.5064649042601033e-01 ]
CalibrationFrameExtTranslation: !!opencv-matrix
   rows: 3
   cols: 1
   dt: d
   data: [ 7.4558162886439218e-03, -4.7874234893527556e-01,
       2.6977189611143984e+00 ]
CalibrationFrameRMSerror: 1.4028213918209076e-01
