%YAML:1.0
---
CalibrationFramePatternImage: [ 2.83385956e+02, 3.63164795e+02,
    2.87366547e+02, 3.84738129e+02, 2.91327942e+02, 4.06592712e+02,
    2.95327576e+02, 4.28618530e+02, 2.74614319e+02, 3.75616425e+02,
    2.78640961e+02, 3.97206451e+02, 2.82773132e+02, 4.18794098e+02,
    2.86819031e+02, 4.40784027e+02, 2.61786499e+02, 3.66492157e+02,
    2.65785706e+02, 3.88206116e+02, 2.69953979e+02, 4.09627869e+02,
    2.73987396e+02, 4.31314392e+02, 2.53083878e+02, 3.78731720e+02,
    2.57310242e+02, 4.00407196e+02, 2.61255432e+02, 4.21831604e+02,
    2.65367615e+02, 4.43381927e+02, 2.40501511e+02, 3.69655334e+02,
    2.44446655e+02, 3.91177399e+02, 2.48674622e+02, 4.12634369e+02,
    2.52557724e+02, 4.33989410e+02, 2.32233582e+02, 3.81803986e+02,
    2.35946838e+02, 4.03219391e+02, 2.40299973e+02, 4.24805481e+02,
    2.44375961e+02, 4.46007538e+02, 2.19869217e+02, 3.72546478e+02,
    2.23715210e+02, 3.94138641e+02, 2.27796204e+02, 4.15432343e+02,
    2.32058212e+02, 4.36559875e+02, 2.11566360e+02, 3.84799469e+02,
    2.15558456e+02, 4.06069580e+02, 2.19585556e+02, 4.27250214e+02,
    2.23497833e+02, 4.48568298e+02, 1.99228043e+02, 3.75650665e+02,
    2.03322266e+02, 3.96995422e+02, 2.07274948e+02, 4.17967438e+02,
    2.11330399e+02, 4.39154358e+02, 1.91013596e+02, 3.87819458e+02,
    1.95143997e+02, 4.08865173e+02, 1.99239243e+02, 4.29971283e+02,
    2.02964798e+02, 4.50832184e+02, 1.79026886e+02, 3.78719452e+02,
    1.82976501e+02, 3.99758453e+02, 1.86910431e+02, 4.20722839e+02,
    1.90860626e+02, 4.41693573e+02 ]
CalibrationFramePatternWorld: [ 0., 0., 0., 0., 7.00000003e-02, 0., 0.,
    1.40000001e-01, 0., 0., 2.10000008e-01, 0., 3.50000001e-02,
    3.50000001e-02, 0., 3.50000001e-02, 1.05000004e-01, 0.,
    3.50000001e-02, 1.74999997e-01, 0., 3.50000001e-02, 2.45000005e-01,
    0., 7.00000003e-02, 0., 0., 7.00000003e-02, 7.00000003e-02, 0.,
    7.00000003e-02, 1.40000001e-01, 0., 7.00000003e-02, 2.10000008e-01,
    0., 1.05000004e-01, 3.50000001e-02, 0., 1.05000004e-01,
    1.05000004e-01, 0., 1.05000004e-01, 1.74999997e-01, 0.,
    1.05000004e-01, 2.45000005e-01, 0., 1.40000001e-01, 0., 0.,
    1.40000001e-01, 7.00000003e-02, 0., 1.40000001e-01, 1.40000001e-01,
    0., 1.40000001e-01, 2.10000008e-01, 0., 1.74999997e-01,
    3.50000001e-02, 0., 1.74999997e-01, 1.05000004e-01, 0.,
    1.74999997e-01, 1.74999997e-01, 0., 1.74999997e-01, 2.45000005e-01,
    0., 2.10000008e-01, 0., 0., 2.10000008e-01, 7.00000003e-02, 0.,
    2.10000008e-01, 1.40000001e-01, 0., 2.10000008e-01, 2.10000008e-01,
    0., 2.45000005e-01, 3.50000001e-02, 0., 2.45000005e-01,
    1.05000004e-01, 0., 2.45000005e-01, 1.74999997e-01, 0.,
    2.45000005e-01, 2.45000005e-01, 0., 2.80000001e-01, 0., 0.,
    2.80000001e-01, 7.00000003e-02, 0., 2.80000001e-01, 1.40000001e-01,
    0., 2.80000001e-01, 2.10000008e-01, 0., 3.14999998e-01,
    3.50000001e-02, 0., 3.14999998e-01, 1.05000004e-01, 0.,
    3.14999998e-01, 1.74999997e-01, 0., 3.14999998e-01, 2.45000005e-01,
    0., 3.49999994e-01, 0., 0., 3.49999994e-01, 7.00000003e-02, 0.,
    3.49999994e-01, 1.40000001e-01, 0., 3.49999994e-01, 2.10000008e-01,
    0. ]
CalibrationFrameExtRotation: !!opencv-matrix
   rows: 3
   cols: 1
   dt: d
   data: [ -2.5866423960664481e-01, -2.9955990875702341e+00,
       1.8082668785845218e-03 ]
CalibrationFrameExtTranslation: !!opencv-matrix
   rows: 3
   cols: 1
   dt: d
   data: [ -2.8617817227032910e-01, 3.4403657501815116e-01,
       2.7522046651702454e+00 ]
CalibrationFrameRMSerror: 1.9124603271484375e-01
