%YAML:1.0
---
CalibrationFramePatternImage: [ 2.47333572e+02, 1.07425156e+02,
    2.42834259e+02, 1.41147964e+02, 2.38182861e+02, 1.75348145e+02,
    2.33632797e+02, 2.10361038e+02, 2.28452606e+02, 1.23017708e+02,
    2.23929794e+02, 1.56971725e+02, 2.19444443e+02, 1.91432281e+02,
    2.15037064e+02, 2.26470901e+02, 2.14286667e+02, 1.05438545e+02,
    2.09612656e+02, 1.38810516e+02, 2.05167969e+02, 1.72791931e+02,
    2.00729324e+02, 2.07484467e+02, 1.95669632e+02, 1.21000153e+02,
    1.90952621e+02, 1.54429886e+02, 1.86412094e+02, 1.88549072e+02,
    1.82077423e+02, 2.23116776e+02, 1.82391602e+02, 1.03886192e+02,
    1.77236130e+02, 1.36659317e+02, 1.72510651e+02, 1.70218719e+02,
    1.68142410e+02, 2.04387878e+02, 1.64333984e+02, 1.19455757e+02,
    1.59131348e+02, 1.52243607e+02, 1.54505692e+02, 1.86040527e+02,
    1.49956955e+02, 2.20126389e+02, 1.51583755e+02, 1.02581360e+02,
    1.46260773e+02, 1.34893799e+02, 1.41296310e+02, 1.68031570e+02,
    1.36704086e+02, 2.01564819e+02, 1.33776886e+02, 1.18025894e+02,
    1.28631943e+02, 1.50385620e+02, 1.23693565e+02, 1.83573837e+02,
    1.18897804e+02, 2.17175568e+02, 1.21388908e+02, 1.01369308e+02,
    1.16096008e+02, 1.33299194e+02, 1.11013390e+02, 1.65652969e+02,
    1.06098854e+02, 1.98958679e+02, 1.03920181e+02, 1.16460594e+02,
    9.86543045e+01, 1.48430344e+02, 9.35562973e+01, 1.81126389e+02,
    8.84595108e+01, 2.14021667e+02, 9.21751709e+01, 1.00133591e+02,
    8.64798431e+01, 1.31442047e+02, 8.13945312e+01, 1.63649979e+02,
    7.60709229e+01, 1.96119614e+02 ]
CalibrationFramePatternWorld: [ 0., 0., 0., 0., 7.00000003e-02, 0., 0.,
    1.40000001e-01, 0., 0., 2.10000008e-01, 0., 3.50000001e-02,
    3.50000001e-02, 0., 3.50000001e-02, 1.05000004e-01, 0.,
    3.50000001e-02, 1.74999997e-01, 0., 3.50000001e-02, 2.45000005e-01,
    0., 7.00000003e-02, 0., 0., 7.00000003e-02, 7.00000003e-02, 0.,
    7.00000003e-02, 1.40000001e-01, 0., 7.00000003e-02, 2.10000008e-01,
    0., 1.05000004e-01, 3.50000001e-02, 0., 1.05000004e-01,
    1.05000004e-01, 0., 1.05000004e-01, 1.74999997e-01, 0.,
    1.05000004e-01, 2.45000005e-01, 0., 1.40000001e-01, 0., 0.,
    1.40000001e-01, 7.00000003e-02, 0., 1.40000001e-01, 1.40000001e-01,
    0., 1.40000001e-01, 2.10000008e-01, 0., 1.74999997e-01,
    3.50000001e-02, 0., 1.74999997e-01, 1.05000004e-01, 0.,
    1.74999997e-01, 1.74999997e-01, 0., 1.74999997e-01, 2.45000005e-01,
    0., 2.10000008e-01, 0., 0., 2.10000008e-01, 7.00000003e-02, 0.,
    2.10000008e-01, 1.40000001e-01, 0., 2.10000008e-01, 2.10000008e-01,
    0., 2.45000005e-01, 3.50000001e-02, 0., 2.45000005e-01,
    1.05000004e-01, 0., 2.45000005e-01, 1.74999997e-01, 0.,
    2.45000005e-01, 2.45000005e-01, 0., 2.80000001e-01, 0., 0.,
    2.80000001e-01, 7.00000003e-02, 0., 2.80000001e-01, 1.40000001e-01,
    0., 2.80000001e-01, 2.10000008e-01, 0., 3.14999998e-01,
    3.50000001e-02, 0., 3.14999998e-01, 1.05000004e-01, 0.,
    3.14999998e-01, 1.74999997e-01, 0., 3.14999998e-01, 2.45000005e-01,
    0., 3.49999994e-01, 0., 0., 3.49999994e-01, 7.00000003e-02, 0.,
    3.49999994e-01, 1.40000001e-01, 0., 3.49999994e-01, 2.10000008e-01,
    0. ]
CalibrationFrameExtRotation: !!opencv-matrix
   rows: 3
   cols: 1
   dt: d
   data: [ 1.5685079570706265e-01, -2.9890096964087398e+00,
       1.2522176419731459e-01 ]
CalibrationFrameExtTranslation: !!opencv-matrix
   rows: 3
   cols: 1
   dt: d
   data: [ -2.5683403719940462e-01, -2.9164753041535124e-01,
       1.7653442288360590e+00 ]
CalibrationFrameRMSerror: 2.6051184535026550e-01
