%YAML:1.0
---
CalibrationFramePatternImage: [ 3.81667572e+02, 2.03153000e+02,
    3.72613342e+02, 2.22481216e+02, 3.63514557e+02, 2.42454712e+02,
    3.54565125e+02, 2.62753998e+02, 3.67295715e+02, 2.07360641e+02,
    3.57765961e+02, 2.26924942e+02, 3.48554688e+02, 2.47116165e+02,
    3.39173706e+02, 2.67951141e+02, 3.61932098e+02, 1.92068268e+02,
    3.52528473e+02, 2.11624069e+02, 3.43043915e+02, 2.31628174e+02,
    3.33576294e+02, 2.52073166e+02, 3.47113983e+02, 1.96187546e+02,
    3.37730896e+02, 2.15968567e+02, 3.28086456e+02, 2.36214188e+02,
    3.18322815e+02, 2.56900177e+02, 3.41621674e+02, 1.81021317e+02,
    3.32202271e+02, 2.00441269e+02, 3.22647217e+02, 2.20394028e+02,
    3.12870911e+02, 2.40997299e+02, 3.26725739e+02, 1.85206818e+02,
    3.17128815e+02, 2.04849518e+02, 3.07329712e+02, 2.25254929e+02,
    2.97296234e+02, 2.45863953e+02, 3.21362183e+02, 1.70087631e+02,
    3.11652771e+02, 1.89505295e+02, 3.01725342e+02, 2.09390732e+02,
    2.91701996e+02, 2.29991455e+02, 3.06255310e+02, 1.74050400e+02,
    2.96362122e+02, 1.93818115e+02, 2.86255646e+02, 2.14124878e+02,
    2.76106140e+02, 2.34948730e+02, 3.00939484e+02, 1.58938614e+02,
    2.91064117e+02, 1.78320145e+02, 2.80951996e+02, 1.98356415e+02,
    2.70512512e+02, 2.18882980e+02, 2.85701569e+02, 1.62967499e+02,
    2.75526978e+02, 1.82660553e+02, 2.65109161e+02, 2.02932144e+02,
    2.54884949e+02, 2.23521362e+02, 2.80524017e+02, 1.47921097e+02,
    2.70336823e+02, 1.67102371e+02, 2.59777893e+02, 1.87148239e+02,
    2.49587036e+02, 2.07580002e+02 ]
CalibrationFramePatternWorld: [ 0., 0., 0., 0., 7.00000003e-02, 0., 0.,
    1.40000001e-01, 0., 0., 2.10000008e-01, 0., 3.50000001e-02,
    3.50000001e-02, 0., 3.50000001e-02, 1.05000004e-01, 0.,
    3.50000001e-02, 1.74999997e-01, 0., 3.50000001e-02, 2.45000005e-01,
    0., 7.00000003e-02, 0., 0., 7.00000003e-02, 7.00000003e-02, 0.,
    7.00000003e-02, 1.40000001e-01, 0., 7.00000003e-02, 2.10000008e-01,
    0., 1.05000004e-01, 3.50000001e-02, 0., 1.05000004e-01,
    1.05000004e-01, 0., 1.05000004e-01, 1.74999997e-01, 0.,
    1.05000004e-01, 2.45000005e-01, 0., 1.40000001e-01, 0., 0.,
    1.40000001e-01, 7.00000003e-02, 0., 1.40000001e-01, 1.40000001e-01,
    0., 1.40000001e-01, 2.10000008e-01, 0., 1.74999997e-01,
    3.50000001e-02, 0., 1.74999997e-01, 1.05000004e-01, 0.,
    1.74999997e-01, 1.74999997e-01, 0., 1.74999997e-01, 2.45000005e-01,
    0., 2.10000008e-01, 0., 0., 2.10000008e-01, 7.00000003e-02, 0.,
    2.10000008e-01, 1.40000001e-01, 0., 2.10000008e-01, 2.10000008e-01,
    0., 2.45000005e-01, 3.50000001e-02, 0., 2.45000005e-01,
    1.05000004e-01, 0., 2.45000005e-01, 1.74999997e-01, 0.,
    2.45000005e-01, 2.45000005e-01, 0., 2.80000001e-01, 0., 0.,
    2.80000001e-01, 7.00000003e-02, 0., 2.80000001e-01, 1.40000001e-01,
    0., 2.80000001e-01, 2.10000008e-01, 0., 3.14999998e-01,
    3.50000001e-02, 0., 3.14999998e-01, 1.05000004e-01, 0.,
    3.14999998e-01, 1.74999997e-01, 0., 3.14999998e-01, 2.45000005e-01,
    0., 3.49999994e-01, 0., 0., 3.49999994e-01, 7.00000003e-02, 0.,
    3.49999994e-01, 1.40000001e-01, 0., 3.49999994e-01, 2.10000008e-01,
    0. ]
CalibrationFrameExtRotation: !!opencv-matrix
   rows: 3
   cols: 1
   dt: d
   data: [ -6.4552197405345624e-01, 2.7667278382533840e+00,
       -3.7014095686902854e-01 ]
CalibrationFrameExtTranslation: !!opencv-matrix
   rows: 3
   cols: 1
   dt: d
   data: [ 1.7860046408612839e-02, -1.5095561448904646e-01,
       2.7137515488921298e+00 ]
CalibrationFrameRMSerror: 1.5893840789794922e-01
