%YAML:1.0
---
CalibrationFramePatternImage: [ 5.04723511e+02, 2.48010834e+02,
    4.99397766e+02, 2.78536621e+02, 4.95281891e+02, 3.08748352e+02,
    4.91752167e+02, 3.38599030e+02, 4.87004181e+02, 2.67311005e+02,
    4.82044556e+02, 2.97587952e+02, 4.78270111e+02, 3.27072754e+02,
    4.75176147e+02, 3.56030457e+02, 4.73557892e+02, 2.55210693e+02,
    4.69245544e+02, 2.86740143e+02, 4.65087921e+02, 3.16758392e+02,
    4.61616943e+02, 3.46228668e+02, 4.55412994e+02, 2.75241821e+02,
    4.51768433e+02, 3.06384216e+02, 4.48182068e+02, 3.36426544e+02,
    4.45134888e+02, 3.65229919e+02, 4.40604736e+02, 2.62658295e+02,
    4.37302399e+02, 2.95097168e+02, 4.34227570e+02, 3.25998199e+02,
    4.31381531e+02, 3.55766235e+02, 4.22016327e+02, 2.82809875e+02,
    4.19314117e+02, 3.14846954e+02, 4.16710266e+02, 3.45645996e+02,
    4.14626953e+02, 3.74923248e+02, 4.06279724e+02, 2.70116119e+02,
    4.03660950e+02, 3.03277374e+02, 4.01412262e+02, 3.34615448e+02,
    3.99586151e+02, 3.64950867e+02, 3.87322266e+02, 2.90916748e+02,
    3.85355286e+02, 3.23304260e+02, 3.83736023e+02, 3.54511810e+02,
    3.82902252e+02, 3.84971954e+02, 3.70561768e+02, 2.78332428e+02,
    3.68773285e+02, 3.11807861e+02, 3.67628113e+02, 3.43865204e+02,
    3.66641449e+02, 3.74785522e+02, 3.51850067e+02, 2.99902313e+02,
    3.50672058e+02, 3.32789032e+02, 3.50143036e+02, 3.64600586e+02,
    3.50477264e+02, 3.95525757e+02, 3.33991943e+02, 2.87339478e+02,
    3.33437225e+02, 3.21492310e+02, 3.32917633e+02, 3.53910187e+02,
    3.33462036e+02, 3.85757690e+02 ]
CalibrationFramePatternWorld: [ 0., 0., 0., 0., 7.00000003e-02, 0., 0.,
    1.40000001e-01, 0., 0., 2.10000008e-01, 0., 3.50000001e-02,
    3.50000001e-02, 0., 3.50000001e-02, 1.05000004e-01, 0.,
    3.50000001e-02, 1.74999997e-01, 0., 3.50000001e-02, 2.45000005e-01,
    0., 7.00000003e-02, 0., 0., 7.00000003e-02, 7.00000003e-02, 0.,
    7.00000003e-02, 1.40000001e-01, 0., 7.00000003e-02, 2.10000008e-01,
    0., 1.05000004e-01, 3.50000001e-02, 0., 1.05000004e-01,
    1.05000004e-01, 0., 1.05000004e-01, 1.74999997e-01, 0.,
    1.05000004e-01, 2.45000005e-01, 0., 1.40000001e-01, 0., 0.,
    1.40000001e-01, 7.00000003e-02, 0., 1.40000001e-01, 1.40000001e-01,
    0., 1.40000001e-01, 2.10000008e-01, 0., 1.74999997e-01,
    3.50000001e-02, 0., 1.74999997e-01, 1.05000004e-01, 0.,
    1.74999997e-01, 1.74999997e-01, 0., 1.74999997e-01, 2.45000005e-01,
    0., 2.10000008e-01, 0., 0., 2.10000008e-01, 7.00000003e-02, 0.,
    2.10000008e-01, 1.40000001e-01, 0., 2.10000008e-01, 2.10000008e-01,
    0., 2.45000005e-01, 3.50000001e-02, 0., 2.45000005e-01,
    1.05000004e-01, 0., 2.45000005e-01, 1.74999997e-01, 0.,
    2.45000005e-01, 2.45000005e-01, 0., 2.80000001e-01, 0., 0.,
    2.80000001e-01, 7.00000003e-02, 0., 2.80000001e-01, 1.40000001e-01,
    0., 2.80000001e-01, 2.10000008e-01, 0., 3.14999998e-01,
    3.50000001e-02, 0., 3.14999998e-01, 1.05000004e-01, 0.,
    3.14999998e-01, 1.74999997e-01, 0., 3.14999998e-01, 2.45000005e-01,
    0., 3.49999994e-01, 0., 0., 3.49999994e-01, 7.00000003e-02, 0.,
    3.49999994e-01, 1.40000001e-01, 0., 3.49999994e-01, 2.10000008e-01,
    0. ]
CalibrationFrameExtRotation: !!opencv-matrix
   rows: 3
   cols: 1
   dt: d
   data: [ 1.1696064358202589e-01, 2.5738829674585744e+00,
       7.0529261459887493e-01 ]
CalibrationFrameExtTranslation: !!opencv-matrix
   rows: 3
   cols: 1
   dt: d
   data: [ 2.3998693114270031e-01, -1.0302908973644866e-02,
       1.6552357319307229e+00 ]
CalibrationFrameRMSerror: 7.0250046253204346e-01
