%YAML:1.0
---
CalibrationFramePatternImage: [ 1.94721222e+02, 9.08706589e+01,
    1.95635178e+02, 1.11642296e+02, 1.97039597e+02, 1.32388412e+02,
    1.98673813e+02, 1.52884460e+02, 1.84874481e+02, 1.03118492e+02,
    1.85865555e+02, 1.23774246e+02, 1.87455887e+02, 1.44285553e+02,
    1.89249008e+02, 1.64965500e+02, 1.73643402e+02, 9.41279373e+01,
    1.75137329e+02, 1.15197525e+02, 1.76331741e+02, 1.35913330e+02,
    1.78010544e+02, 1.56585785e+02, 1.63754410e+02, 1.06434532e+02,
    1.65434891e+02, 1.27400429e+02, 1.66968445e+02, 1.48292633e+02,
    1.68718826e+02, 1.68795593e+02, 1.52321381e+02, 9.74493179e+01,
    1.53947800e+02, 1.18897522e+02, 1.55599274e+02, 1.39869385e+02,
    1.57501709e+02, 1.60677917e+02, 1.42261551e+02, 1.09907898e+02,
    1.44093918e+02, 1.31160370e+02, 1.46075027e+02, 1.52233795e+02,
    1.48029297e+02, 1.72992996e+02, 1.30625702e+02, 1.00816002e+02,
    1.32452789e+02, 1.22390099e+02, 1.34356689e+02, 1.43490021e+02,
    1.36571991e+02, 1.64539612e+02, 1.20633118e+02, 1.13360741e+02,
    1.22605347e+02, 1.34836914e+02, 1.24774063e+02, 1.56073822e+02,
    1.27240784e+02, 1.77161789e+02, 1.08709099e+02, 1.04463600e+02,
    1.10812523e+02, 1.26061523e+02, 1.12991798e+02, 1.47401794e+02,
    1.15289345e+02, 1.68702621e+02, 9.88387756e+01, 1.17232201e+02,
    1.01077171e+02, 1.38808029e+02, 1.03439545e+02, 1.60329010e+02,
    1.06104538e+02, 1.81619461e+02, 8.68126144e+01, 1.08298019e+02,
    8.90413513e+01, 1.30055145e+02, 9.14846039e+01, 1.51669922e+02,
    9.41630478e+01, 1.73188522e+02 ]
CalibrationFramePatternWorld: [ 0., 0., 0., 0., 7.00000003e-02, 0., 0.,
    1.40000001e-01, 0., 0., 2.10000008e-01, 0., 3.50000001e-02,
    3.50000001e-02, 0., 3.50000001e-02, 1.05000004e-01, 0.,
    3.50000001e-02, 1.74999997e-01, 0., 3.50000001e-02, 2.45000005e-01,
    0., 7.00000003e-02, 0., 0., 7.00000003e-02, 7.00000003e-02, 0.,
    7.00000003e-02, 1.40000001e-01, 0., 7.00000003e-02, 2.10000008e-01,
    0., 1.05000004e-01, 3.50000001e-02, 0., 1.05000004e-01,
    1.05000004e-01, 0., 1.05000004e-01, 1.74999997e-01, 0.,
    1.05000004e-01, 2.45000005e-01, 0., 1.40000001e-01, 0., 0.,
    1.40000001e-01, 7.00000003e-02, 0., 1.40000001e-01, 1.40000001e-01,
    0., 1.40000001e-01, 2.10000008e-01, 0., 1.74999997e-01,
    3.50000001e-02, 0., 1.74999997e-01, 1.05000004e-01, 0.,
    1.74999997e-01, 1.74999997e-01, 0., 1.74999997e-01, 2.45000005e-01,
    0., 2.10000008e-01, 0., 0., 2.10000008e-01, 7.00000003e-02, 0.,
    2.10000008e-01, 1.40000001e-01, 0., 2.10000008e-01, 2.10000008e-01,
    0., 2.45000005e-01, 3.50000001e-02, 0., 2.45000005e-01,
    1.05000004e-01, 0., 2.45000005e-01, 1.74999997e-01, 0.,
    2.45000005e-01, 2.45000005e-01, 0., 2.80000001e-01, 0., 0.,
    2.80000001e-01, 7.00000003e-02, 0., 2.80000001e-01, 1.40000001e-01,
    0., 2.80000001e-01, 2.10000008e-01, 0., 3.14999998e-01,
    3.50000001e-02, 0., 3.14999998e-01, 1.05000004e-01, 0.,
    3.14999998e-01, 1.74999997e-01, 0., 3.14999998e-01, 2.45000005e-01,
    0., 3.49999994e-01, 0., 0., 3.49999994e-01, 7.00000003e-02, 0.,
    3.49999994e-01, 1.40000001e-01, 0., 3.49999994e-01, 2.10000008e-01,
    0. ]
CalibrationFrameExtRotation: !!opencv-matrix
   rows: 3
   cols: 1
   dt: d
   data: [ 1.5237104355935052e-01, 2.5600889533043802e+00,
       5.6043331327784796e-01 ]
CalibrationFrameExtTranslation: !!opencv-matrix
   rows: 3
   cols: 1
   dt: d
   data: [ -5.7149056776374674e-01, -5.1317260028430123e-01,
       2.7558092169804560e+00 ]
CalibrationFrameRMSerror: 2.1404296159744263e-01
