%YAML:1.0
---
CalibrationFramePatternImage: [ 3.85927185e+02, 3.03927078e+01,
    3.90653992e+02, 5.26605072e+01, 3.95849213e+02, 7.51184311e+01,
    4.01299255e+02, 9.79857864e+01, 3.77425171e+02, 4.36045876e+01,
    3.82217163e+02, 6.61343765e+01, 3.87325928e+02, 8.87503204e+01,
    3.92581238e+02, 1.11617813e+02, 3.63722717e+02, 3.43754692e+01,
    3.68878662e+02, 5.70005417e+01, 3.73821411e+02, 7.96690979e+01,
    3.79023132e+02, 1.02709793e+02, 3.55103821e+02, 4.78404846e+01,
    3.60426636e+02, 7.04786301e+01, 3.65475647e+02, 9.35543976e+01,
    3.70830627e+02, 1.16465294e+02, 3.41219147e+02, 3.88626137e+01,
    3.46528412e+02, 6.14526520e+01, 3.51791199e+02, 8.43408279e+01,
    3.57015961e+02, 1.07481461e+02, 3.32638062e+02, 5.23325844e+01,
    3.37852783e+02, 7.52035065e+01, 3.43157959e+02, 9.83921509e+01,
    3.48366791e+02, 1.21586807e+02, 3.18502380e+02, 4.32550507e+01,
    3.23847626e+02, 6.61864929e+01, 3.29055786e+02, 8.92870102e+01,
    3.34401550e+02, 1.12518730e+02, 3.09702728e+02, 5.69850731e+01,
    3.14990448e+02, 8.00863037e+01, 3.20331787e+02, 1.03447586e+02,
    3.25760040e+02, 1.26939270e+02, 2.95528534e+02, 4.78650742e+01,
    3.00908386e+02, 7.10231476e+01, 3.06128601e+02, 9.41798096e+01,
    3.11444946e+02, 1.17713631e+02, 2.86591003e+02, 6.17801666e+01,
    2.91829926e+02, 8.50756226e+01, 2.97204102e+02, 1.08664574e+02,
    3.02705872e+02, 1.32150238e+02, 2.72191925e+02, 5.27350121e+01,
    2.77567505e+02, 7.59865875e+01, 2.82947815e+02, 9.95254440e+01,
    2.88363678e+02, 1.23093964e+02 ]
CalibrationFramePatternWorld: [ 0., 0., 0., 0., 7.00000003e-02, 0., 0.,
    1.40000001e-01, 0., 0., 2.10000008e-01, 0., 3.50000001e-02,
    3.50000001e-02, 0., 3.50000001e-02, 1.05000004e-01, 0.,
    3.50000001e-02, 1.74999997e-01, 0., 3.50000001e-02, 2.45000005e-01,
    0., 7.00000003e-02, 0., 0., 7.00000003e-02, 7.00000003e-02, 0.,
    7.00000003e-02, 1.40000001e-01, 0., 7.00000003e-02, 2.10000008e-01,
    0., 1.05000004e-01, 3.50000001e-02, 0., 1.05000004e-01,
    1.05000004e-01, 0., 1.05000004e-01, 1.74999997e-01, 0.,
    1.05000004e-01, 2.45000005e-01, 0., 1.40000001e-01, 0., 0.,
    1.40000001e-01, 7.00000003e-02, 0., 1.40000001e-01, 1.40000001e-01,
    0., 1.40000001e-01, 2.10000008e-01, 0., 1.74999997e-01,
    3.50000001e-02, 0., 1.74999997e-01, 1.05000004e-01, 0.,
    1.74999997e-01, 1.74999997e-01, 0., 1.74999997e-01, 2.45000005e-01,
    0., 2.10000008e-01, 0., 0., 2.10000008e-01, 7.00000003e-02, 0.,
    2.10000008e-01, 1.40000001e-01, 0., 2.10000008e-01, 2.10000008e-01,
    0., 2.45000005e-01, 3.50000001e-02, 0., 2.45000005e-01,
    1.05000004e-01, 0., 2.45000005e-01, 1.74999997e-01, 0.,
    2.45000005e-01, 2.45000005e-01, 0., 2.80000001e-01, 0., 0.,
    2.80000001e-01, 7.00000003e-02, 0., 2.80000001e-01, 1.40000001e-01,
    0., 2.80000001e-01, 2.10000008e-01, 0., 3.14999998e-01,
    3.50000001e-02, 0., 3.14999998e-01, 1.05000004e-01, 0.,
    3.14999998e-01, 1.74999997e-01, 0., 3.14999998e-01, 2.45000005e-01,
    0., 3.49999994e-01, 0., 0., 3.49999994e-01, 7.00000003e-02, 0.,
    3.49999994e-01, 1.40000001e-01, 0., 3.49999994e-01, 2.10000008e-01,
    0. ]
CalibrationFrameExtRotation: !!opencv-matrix
   rows: 3
   cols: 1
   dt: d
   data: [ 3.4532339981116705e-01, 2.8372337224246578e+00,
       2.2247934345999337e-01 ]
CalibrationFrameExtTranslation: !!opencv-matrix
   rows: 3
   cols: 1
   dt: d
   data: [ 3.1365030173212287e-02, -6.6387247592231557e-01,
       2.5919251429911094e+00 ]
CalibrationFrameRMSerror: 1.4421045780181885e-01
