%YAML:1.0
---
CalibrationFramePatternImage: [ 5.52492371e+02, 2.99176483e+02,
    5.51341980e+02, 3.22126862e+02, 5.50181763e+02, 3.45573090e+02,
    5.48904419e+02, 3.69118683e+02, 5.40472961e+02, 3.10189362e+02,
    5.39126465e+02, 3.33386230e+02, 5.37976562e+02, 3.56662842e+02,
    5.36751892e+02, 3.80466248e+02, 5.29354370e+02, 2.98025848e+02,
    5.28203613e+02, 3.21478394e+02, 5.27227966e+02, 3.44452087e+02,
    5.25896667e+02, 3.68064056e+02, 5.17176880e+02, 3.09279785e+02,
    5.16416687e+02, 3.32530243e+02, 5.14879089e+02, 3.55861420e+02,
    5.13482239e+02, 3.79016510e+02, 5.06290314e+02, 2.97211395e+02,
    5.05266876e+02, 3.20350311e+02, 5.03595215e+02, 3.43822388e+02,
    5.02690125e+02, 3.66735321e+02, 4.94349213e+02, 3.08327637e+02,
    4.93123291e+02, 3.31970673e+02, 4.91938721e+02, 3.54477814e+02,
    4.90657410e+02, 3.78015259e+02, 4.83492279e+02, 2.96145233e+02,
    4.82317596e+02, 3.19549438e+02, 4.81465942e+02, 3.42681824e+02,
    4.79960815e+02, 3.65758484e+02, 4.71479218e+02, 3.07330353e+02,
    4.70255219e+02, 3.30486481e+02, 4.69126434e+02, 3.53477356e+02,
    4.67793060e+02, 3.77057098e+02, 4.60550110e+02, 2.95403168e+02,
    4.59491333e+02, 3.18460571e+02, 4.58351715e+02, 3.41351257e+02,
    4.56997559e+02, 3.64340729e+02, 4.48677246e+02, 3.06444672e+02,
    4.47606415e+02, 3.29396515e+02, 4.46379791e+02, 3.52560760e+02,
    4.44976257e+02, 3.75536316e+02, 4.37998291e+02, 2.94513977e+02,
    4.36846008e+02, 3.17427124e+02, 4.35697632e+02, 3.40428528e+02,
    4.34295685e+02, 3.63348969e+02 ]
CalibrationFramePatternWorld: [ 0., 0., 0., 0., 7.00000003e-02, 0., 0.,
    1.40000001e-01, 0., 0., 2.10000008e-01, 0., 3.50000001e-02,
    3.50000001e-02, 0., 3.50000001e-02, 1.05000004e-01, 0.,
    3.50000001e-02, 1.74999997e-01, 0., 3.50000001e-02, 2.45000005e-01,
    0., 7.00000003e-02, 0., 0., 7.00000003e-02, 7.00000003e-02, 0.,
    7.00000003e-02, 1.40000001e-01, 0., 7.00000003e-02, 2.10000008e-01,
    0., 1.05000004e-01, 3.50000001e-02, 0., 1.05000004e-01,
    1.05000004e-01, 0., 1.05000004e-01, 1.74999997e-01, 0.,
    1.05000004e-01, 2.45000005e-01, 0., 1.40000001e-01, 0., 0.,
    1.40000001e-01, 7.00000003e-02, 0., 1.40000001e-01, 1.40000001e-01,
    0., 1.40000001e-01, 2.10000008e-01, 0., 1.74999997e-01,
    3.50000001e-02, 0., 1.74999997e-01, 1.05000004e-01, 0.,
    1.74999997e-01, 1.74999997e-01, 0., 1.74999997e-01, 2.45000005e-01,
    0., 2.10000008e-01, 0., 0., 2.10000008e-01, 7.00000003e-02, 0.,
    2.10000008e-01, 1.40000001e-01, 0., 2.10000008e-01, 2.10000008e-01,
    0., 2.45000005e-01, 3.50000001e-02, 0., 2.45000005e-01,
    1.05000004e-01, 0., 2.45000005e-01, 1.74999997e-01, 0.,
    2.45000005e-01, 2.45000005e-01, 0., 2.80000001e-01, 0., 0.,
    2.80000001e-01, 7.00000003e-02, 0., 2.80000001e-01, 1.40000001e-01,
    0., 2.80000001e-01, 2.10000008e-01, 0., 3.14999998e-01,
    3.50000001e-02, 0., 3.14999998e-01, 1.05000004e-01, 0.,
    3.14999998e-01, 1.74999997e-01, 0., 3.14999998e-01, 2.45000005e-01,
    0., 3.49999994e-01, 0., 0., 3.49999994e-01, 7.00000003e-02, 0.,
    3.49999994e-01, 1.40000001e-01, 0., 3.49999994e-01, 2.10000008e-01,
    0. ]
CalibrationFrameExtRotation: !!opencv-matrix
   rows: 3
   cols: 1
   dt: d
   data: [ 6.1250588232086595e-02, -2.9000749150907077e+00,
       9.9925745247758602e-02 ]
CalibrationFrameExtTranslation: !!opencv-matrix
   rows: 3
   cols: 1
   dt: d
   data: [ 5.2760324287606375e-01, 1.3868138921738318e-01,
       2.6041408287453534e+00 ]
CalibrationFrameRMSerror: 2.1512433886528015e-01
