%YAML:1.0
---
CalibrationFramePatternImage: [ 6.27086487e+02, 1.32113297e+02,
    6.22605530e+02, 1.69278336e+02, 6.17197693e+02, 2.07721939e+02,
    6.11676697e+02, 2.46460709e+02, 6.06751343e+02, 1.47953461e+02,
    6.01506897e+02, 1.85803146e+02, 5.95958496e+02, 2.24098587e+02,
    5.89843872e+02, 2.62979279e+02, 5.90370667e+02, 1.26927330e+02,
    5.85865662e+02, 1.64238876e+02, 5.80356628e+02, 2.02072144e+02,
    5.74265930e+02, 2.40780945e+02, 5.69708496e+02, 1.42908142e+02,
    5.64800171e+02, 1.80397125e+02, 5.58727234e+02, 2.18658920e+02,
    5.52454285e+02, 2.57074615e+02, 5.53390442e+02, 1.22438530e+02,
    5.48759583e+02, 1.59094696e+02, 5.43240906e+02, 1.96878586e+02,
    5.37145569e+02, 2.35056427e+02, 5.32753174e+02, 1.38401932e+02,
    5.27536987e+02, 1.75287598e+02, 5.21600891e+02, 2.13277679e+02,
    5.15234070e+02, 2.51323349e+02, 5.16723877e+02, 1.18246246e+02,
    5.11746704e+02, 1.54699371e+02, 5.06048340e+02, 1.91739502e+02,
    4.99890472e+02, 2.29549011e+02, 4.95921478e+02, 1.34246262e+02,
    4.90662109e+02, 1.70725327e+02, 4.84364380e+02, 2.08088318e+02,
    4.77956848e+02, 2.45945938e+02, 4.79956512e+02, 1.14152626e+02,
    4.74903381e+02, 1.50139175e+02, 4.69212799e+02, 1.86910812e+02,
    4.62613312e+02, 2.24300980e+02, 4.59318268e+02, 1.29962173e+02,
    4.53793854e+02, 1.65993210e+02, 4.47508453e+02, 2.03062576e+02,
    4.40855469e+02, 2.40164658e+02, 4.43634094e+02, 1.10251686e+02,
    4.38468506e+02, 1.45699966e+02, 4.32552673e+02, 1.81978058e+02,
    4.25775940e+02, 2.18975677e+02 ]
CalibrationFramePatternWorld: [ 0., 0., 0., 0., 7.00000003e-02, 0., 0.,
    1.40000001e-01, 0., 0., 2.10000008e-01, 0., 3.50000001e-02,
    3.50000001e-02, 0., 3.50000001e-02, 1.05000004e-01, 0.,
    3.50000001e-02, 1.74999997e-01, 0., 3.50000001e-02, 2.45000005e-01,
    0., 7.00000003e-02, 0., 0., 7.00000003e-02, 7.00000003e-02, 0.,
    7.00000003e-02, 1.40000001e-01, 0., 7.00000003e-02, 2.10000008e-01,
    0., 1.05000004e-01, 3.50000001e-02, 0., 1.05000004e-01,
    1.05000004e-01, 0., 1.05000004e-01, 1.74999997e-01, 0.,
    1.05000004e-01, 2.45000005e-01, 0., 1.40000001e-01, 0., 0.,
    1.40000001e-01, 7.00000003e-02, 0., 1.40000001e-01, 1.40000001e-01,
    0., 1.40000001e-01, 2.10000008e-01, 0., 1.74999997e-01,
    3.50000001e-02, 0., 1.74999997e-01, 1.05000004e-01, 0.,
    1.74999997e-01, 1.74999997e-01, 0., 1.74999997e-01, 2.45000005e-01,
    0., 2.10000008e-01, 0., 0., 2.10000008e-01, 7.00000003e-02, 0.,
    2.10000008e-01, 1.40000001e-01, 0., 2.10000008e-01, 2.10000008e-01,
    0., 2.45000005e-01, 3.50000001e-02, 0., 2.45000005e-01,
    1.05000004e-01, 0., 2.45000005e-01, 1.74999997e-01, 0.,
    2.45000005e-01, 2.45000005e-01, 0., 2.80000001e-01, 0., 0.,
    2.80000001e-01, 7.00000003e-02, 0., 2.80000001e-01, 1.40000001e-01,
    0., 2.80000001e-01, 2.10000008e-01, 0., 3.14999998e-01,
    3.50000001e-02, 0., 3.14999998e-01, 1.05000004e-01, 0.,
    3.14999998e-01, 1.74999997e-01, 0., 3.14999998e-01, 2.45000005e-01,
    0., 3.49999994e-01, 0., 0., 3.49999994e-01, 7.00000003e-02, 0.,
    3.49999994e-01, 1.40000001e-01, 0., 3.49999994e-01, 2.10000008e-01,
    0. ]
CalibrationFrameExtRotation: !!opencv-matrix
   rows: 3
   cols: 1
   dt: d
   data: [ 2.3128986691683273e-01, -2.7919498656789745e+00,
       1.3281703175361695e-01 ]
CalibrationFrameExtTranslation: !!opencv-matrix
   rows: 3
   cols: 1
   dt: d
   data: [ 4.5538498213272272e-01, -2.1731979762840667e-01,
       1.5314713026566875e+00 ]
CalibrationFrameRMSerror: 4.0966299176216125e-01
