%YAML:1.0
---
CalibrationFramePatternImage: [ 2.19681519e+02, 9.41990204e+01,
    2.20551025e+02, 1.20975906e+02, 2.21296494e+02, 1.48559402e+02,
    2.21973465e+02, 1.77755661e+02, 2.03610199e+02, 1.11473328e+02,
    2.04285156e+02, 1.39209061e+02, 2.04829544e+02, 1.67921356e+02,
    2.05453384e+02, 1.98060745e+02, 1.87361832e+02, 1.02695786e+02,
    1.87392517e+02, 1.29369659e+02, 1.87724030e+02, 1.57582870e+02,
    1.88138382e+02, 1.87262238e+02, 1.71345779e+02, 1.20049797e+02,
    1.71108276e+02, 1.47362366e+02, 1.71014709e+02, 1.76102295e+02,
    1.70956467e+02, 2.06447922e+02, 1.56108017e+02, 1.11787140e+02,
    1.55368942e+02, 1.37883942e+02, 1.54705109e+02, 1.65636536e+02,
    1.54384918e+02, 1.95100113e+02, 1.40481049e+02, 1.29181976e+02,
    1.39157135e+02, 1.56203857e+02, 1.38502823e+02, 1.84651154e+02,
    1.37539856e+02, 2.14500290e+02, 1.26071381e+02, 1.20790718e+02,
    1.24456894e+02, 1.46974365e+02, 1.23276543e+02, 1.74600952e+02,
    1.22078590e+02, 2.03500122e+02, 1.10538559e+02, 1.38223785e+02,
    1.08958748e+02, 1.64892395e+02, 1.07111816e+02, 1.93170334e+02,
    1.05172035e+02, 2.22625626e+02, 9.66736221e+01, 1.29410568e+02,
    9.46694717e+01, 1.55612488e+02, 9.28739014e+01, 1.82873245e+02,
    9.07416992e+01, 2.11556152e+02, 8.11577530e+01, 1.46406647e+02,
    7.88078308e+01, 1.72981354e+02, 7.65643845e+01, 2.00874588e+02,
    7.36391678e+01, 2.29896210e+02, 6.80963593e+01, 1.37663864e+02,
    6.52383194e+01, 1.63341766e+02, 6.28851509e+01, 1.90456543e+02,
    5.96971359e+01, 2.18641678e+02 ]
CalibrationFramePatternWorld: [ 0., 0., 0., 0., 7.00000003e-02, 0., 0.,
    1.40000001e-01, 0., 0., 2.10000008e-01, 0., 3.50000001e-02,
    3.50000001e-02, 0., 3.50000001e-02, 1.05000004e-01, 0.,
    3.50000001e-02, 1.74999997e-01, 0., 3.50000001e-02, 2.45000005e-01,
    0., 7.00000003e-02, 0., 0., 7.00000003e-02, 7.00000003e-02, 0.,
    7.00000003e-02, 1.40000001e-01, 0., 7.00000003e-02, 2.10000008e-01,
    0., 1.05000004e-01, 3.50000001e-02, 0., 1.05000004e-01,
    1.05000004e-01, 0., 1.05000004e-01, 1.74999997e-01, 0.,
    1.05000004e-01, 2.45000005e-01, 0., 1.40000001e-01, 0., 0.,
    1.40000001e-01, 7.00000003e-02, 0., 1.40000001e-01, 1.40000001e-01,
    0., 1.40000001e-01, 2.10000008e-01, 0., 1.74999997e-01,
    3.50000001e-02, 0., 1.74999997e-01, 1.05000004e-01, 0.,
    1.74999997e-01, 1.74999997e-01, 0., 1.74999997e-01, 2.45000005e-01,
    0., 2.10000008e-01, 0., 0., 2.10000008e-01, 7.00000003e-02, 0.,
    2.10000008e-01, 1.40000001e-01, 0., 2.10000008e-01, 2.10000008e-01,
    0., 2.45000005e-01, 3.50000001e-02, 0., 2.45000005e-01,
    1.05000004e-01, 0., 2.45000005e-01, 1.74999997e-01, 0.,
    2.45000005e-01, 2.45000005e-01, 0., 2.80000001e-01, 0., 0.,
    2.80000001e-01, 7.00000003e-02, 0., 2.80000001e-01, 1.40000001e-01,
    0., 2.80000001e-01, 2.10000008e-01, 0., 3.14999998e-01,
    3.50000001e-02, 0., 3.14999998e-01, 1.05000004e-01, 0.,
    3.14999998e-01, 1.74999997e-01, 0., 3.14999998e-01, 2.45000005e-01,
    0., 3.49999994e-01, 0., 0., 3.49999994e-01, 7.00000003e-02, 0.,
    3.49999994e-01, 1.40000001e-01, 0., 3.49999994e-01, 2.10000008e-01,
    0. ]
CalibrationFrameExtRotation: !!opencv-matrix
   rows: 3
   cols: 1
   dt: d
   data: [ -2.5782306410532702e-01, -2.8501168696233448e+00,
       7.4666167940462114e-01 ]
CalibrationFrameExtTranslation: !!opencv-matrix
   rows: 3
   cols: 1
   dt: d
   data: [ -3.1514169941240261e-01, -3.2086849148806945e-01,
       1.7733978276704070e+00 ]
CalibrationFrameRMSerror: 4.4486501812934875e-01
