%YAML:1.0
---
CalibrationFramePatternImage: [ 4.42637329e+02, 7.03753586e+01,
    4.41072174e+02, 9.25419083e+01, 4.39116028e+02, 1.15178513e+02,
    4.37119629e+02, 1.38028290e+02, 4.30357147e+02, 8.10508347e+01,
    4.28579376e+02, 1.03439034e+02, 4.26643555e+02, 1.26150711e+02,
    4.24567566e+02, 1.49404327e+02, 4.19698700e+02, 6.99137039e+01,
    4.18029236e+02, 9.19173508e+01, 4.16045258e+02, 1.14382347e+02,
    4.14090027e+02, 1.37373306e+02, 4.07480927e+02, 8.05454788e+01,
    4.05651855e+02, 1.02773323e+02, 4.03491943e+02, 1.25305145e+02,
    4.01385162e+02, 1.48182373e+02, 3.97121307e+02, 6.96579285e+01,
    3.95386017e+02, 9.13421173e+01, 3.93041962e+02, 1.13462135e+02,
    3.90991089e+02, 1.36358673e+02, 3.85023041e+02, 8.03510437e+01,
    3.82723602e+02, 1.02213333e+02, 3.80839539e+02, 1.24733078e+02,
    3.78602722e+02, 1.47273468e+02, 3.74971405e+02, 6.95822525e+01,
    3.72923340e+02, 9.14028015e+01, 3.70834717e+02, 1.13052956e+02,
    3.68529907e+02, 1.35604263e+02, 3.62953918e+02, 8.02497787e+01,
    3.60716797e+02, 1.02094612e+02, 3.58496185e+02, 1.24074043e+02,
    3.55988831e+02, 1.46650177e+02, 3.52870575e+02, 6.97145844e+01,
    3.50964844e+02, 9.10292664e+01, 3.48647003e+02, 1.12711716e+02,
    3.46200073e+02, 1.34989975e+02, 3.41004486e+02, 8.01458588e+01,
    3.38718597e+02, 1.01699387e+02, 3.36435059e+02, 1.23655731e+02,
    3.33651917e+02, 1.45660248e+02, 3.31185669e+02, 6.96465759e+01,
    3.28976044e+02, 9.07806473e+01, 3.26716827e+02, 1.12375481e+02,
    3.23877014e+02, 1.34290237e+02 ]
CalibrationFramePatternWorld: [ 0., 0., 0., 0., 7.00000003e-02, 0., 0.,
    1.40000001e-01, 0., 0., 2.10000008e-01, 0., 3.50000001e-02,
    3.50000001e-02, 0., 3.50000001e-02, 1.05000004e-01, 0.,
    3.50000001e-02, 1.74999997e-01, 0., 3.50000001e-02, 2.45000005e-01,
    0., 7.00000003e-02, 0., 0., 7.00000003e-02, 7.00000003e-02, 0.,
    7.00000003e-02, 1.40000001e-01, 0., 7.00000003e-02, 2.10000008e-01,
    0., 1.05000004e-01, 3.50000001e-02, 0., 1.05000004e-01,
    1.05000004e-01, 0., 1.05000004e-01, 1.74999997e-01, 0.,
    1.05000004e-01, 2.45000005e-01, 0., 1.40000001e-01, 0., 0.,
    1.40000001e-01, 7.00000003e-02, 0., 1.40000001e-01, 1.40000001e-01,
    0., 1.40000001e-01, 2.10000008e-01, 0., 1.74999997e-01,
    3.50000001e-02, 0., 1.74999997e-01, 1.05000004e-01, 0.,
    1.74999997e-01, 1.74999997e-01, 0., 1.74999997e-01, 2.45000005e-01,
    0., 2.10000008e-01, 0., 0., 2.10000008e-01, 7.00000003e-02, 0.,
    2.10000008e-01, 1.40000001e-01, 0., 2.10000008e-01, 2.10000008e-01,
    0., 2.45000005e-01, 3.50000001e-02, 0., 2.45000005e-01,
    1.05000004e-01, 0., 2.45000005e-01, 1.74999997e-01, 0.,
    2.45000005e-01, 2.45000005e-01, 0., 2.80000001e-01, 0., 0.,
    2.80000001e-01, 7.00000003e-02, 0., 2.80000001e-01, 1.40000001e-01,
    0., 2.80000001e-01, 2.10000008e-01, 0., 3.14999998e-01,
    3.50000001e-02, 0., 3.14999998e-01, 1.05000004e-01, 0.,
    3.14999998e-01, 1.74999997e-01, 0., 3.14999998e-01, 2.45000005e-01,
    0., 3.49999994e-01, 0., 0., 3.49999994e-01, 7.00000003e-02, 0.,
    3.49999994e-01, 1.40000001e-01, 0., 3.49999994e-01, 2.10000008e-01,
    0. ]
CalibrationFrameExtRotation: !!opencv-matrix
   rows: 3
   cols: 1
   dt: d
   data: [ 1.1690860141926247e-01, -2.8497387777170533e+00,
       1.8156623063502592e-01 ]
CalibrationFrameExtTranslation: !!opencv-matrix
   rows: 3
   cols: 1
   dt: d
   data: [ 1.9991111735496539e-01, -5.4181267027141111e-01,
       2.5959335579367382e+00 ]
CalibrationFrameRMSerror: 2.0941954851150513e-01
