%YAML:1.0
---
CalibrationFramePatternImage: [ 3.46576843e+02, 2.98810272e+02,
    3.45358551e+02, 3.20866150e+02, 3.44521790e+02, 3.43118439e+02,
    3.43938263e+02, 3.65290802e+02, 3.34856110e+02, 3.10033264e+02,
    3.33547729e+02, 3.32086090e+02, 3.32873474e+02, 3.54072998e+02,
    3.32165192e+02, 3.76340332e+02, 3.23780701e+02, 2.98870697e+02,
    3.22921326e+02, 3.21370911e+02, 3.21830048e+02, 3.43238342e+02,
    3.21060364e+02, 3.65509155e+02, 3.11805817e+02, 3.10333557e+02,
    3.11164734e+02, 3.32520447e+02, 3.10185913e+02, 3.54667999e+02,
    3.09561737e+02, 3.76721710e+02, 3.00826050e+02, 2.98921814e+02,
    3.00151123e+02, 3.21368286e+02, 2.99232758e+02, 3.43748230e+02,
    2.98583527e+02, 3.65956451e+02, 2.88979218e+02, 3.10140747e+02,
    2.88097412e+02, 3.32613831e+02, 2.87641022e+02, 3.55073273e+02,
    2.86911560e+02, 3.77214294e+02, 2.77819611e+02, 2.98819733e+02,
    2.77010620e+02, 3.21622192e+02, 2.76327789e+02, 3.43857452e+02,
    2.75864075e+02, 3.66185852e+02, 2.65833618e+02, 3.10217010e+02,
    2.65142761e+02, 3.32709869e+02, 2.64616852e+02, 3.55210236e+02,
    2.64253540e+02, 3.77862518e+02, 2.54529297e+02, 2.98889923e+02,
    2.53887115e+02, 3.21581726e+02, 2.53375046e+02, 3.44103943e+02,
    2.52867889e+02, 3.66585876e+02, 2.42606430e+02, 3.10278656e+02,
    2.42145676e+02, 3.32889801e+02, 2.41699295e+02, 3.55547333e+02,
    2.41347809e+02, 3.77947662e+02, 2.31329300e+02, 2.98841858e+02,
    2.30819824e+02, 3.21720856e+02, 2.30285126e+02, 3.44326477e+02,
    2.30085403e+02, 3.67050385e+02 ]
CalibrationFramePatternWorld: [ 0., 0., 0., 0., 7.00000003e-02, 0., 0.,
    1.40000001e-01, 0., 0., 2.10000008e-01, 0., 3.50000001e-02,
    3.50000001e-02, 0., 3.50000001e-02, 1.05000004e-01, 0.,
    3.50000001e-02, 1.74999997e-01, 0., 3.50000001e-02, 2.45000005e-01,
    0., 7.00000003e-02, 0., 0., 7.00000003e-02, 7.00000003e-02, 0.,
    7.00000003e-02, 1.40000001e-01, 0., 7.00000003e-02, 2.10000008e-01,
    0., 1.05000004e-01, 3.50000001e-02, 0., 1.05000004e-01,
    1.05000004e-01, 0., 1.05000004e-01, 1.74999997e-01, 0.,
    1.05000004e-01, 2.45000005e-01, 0., 1.40000001e-01, 0., 0.,
    1.40000001e-01, 7.00000003e-02, 0., 1.40000001e-01, 1.40000001e-01,
    0., 1.40000001e-01, 2.10000008e-01, 0., 1.74999997e-01,
    3.50000001e-02, 0., 1.74999997e-01, 1.05000004e-01, 0.,
    1.74999997e-01, 1.74999997e-01, 0., 1.74999997e-01, 2.45000005e-01,
    0., 2.10000008e-01, 0., 0., 2.10000008e-01, 7.00000003e-02, 0.,
    2.10000008e-01, 1.40000001e-01, 0., 2.10000008e-01, 2.10000008e-01,
    0., 2.45000005e-01, 3.50000001e-02, 0., 2.45000005e-01,
    1.05000004e-01, 0., 2.45000005e-01, 1.74999997e-01, 0.,
    2.45000005e-01, 2.45000005e-01, 0., 2.80000001e-01, 0., 0.,
    2.80000001e-01, 7.00000003e-02, 0., 2.80000001e-01, 1.40000001e-01,
    0., 2.80000001e-01, 2.10000008e-01, 0., 3.14999998e-01,
    3.50000001e-02, 0., 3.14999998e-01, 1.05000004e-01, 0.,
    3.14999998e-01, 1.74999997e-01, 0., 3.14999998e-01, 2.45000005e-01,
    0., 3.49999994e-01, 0., 0., 3.49999994e-01, 7.00000003e-02, 0.,
    3.49999994e-01, 1.40000001e-01, 0., 3.49999994e-01, 2.10000008e-01,
    0. ]
CalibrationFrameExtRotation: !!opencv-matrix
   rows: 3
   cols: 1
   dt: d
   data: [ -4.2240711756170078e-02, 2.8812022829418442e+00,
       2.0741409153639387e-01 ]
CalibrationFrameExtTranslation: !!opencv-matrix
   rows: 3
   cols: 1
   dt: d
   data: [ -8.9811719583121008e-02, 1.4126730650275615e-01,
       2.7169849042990220e+00 ]
CalibrationFrameRMSerror: 2.1083229780197144e-01
