%YAML:1.0
---
CalibrationFramePatternImage: [ 2.24486282e+02, 2.03326706e+02,
    2.34522110e+02, 2.37638245e+02, 2.44531143e+02, 2.72103607e+02,
    2.54824051e+02, 3.06638641e+02, 2.12552475e+02, 2.25500824e+02,
    2.22762390e+02, 2.59779541e+02, 2.33130157e+02, 2.93968170e+02,
    2.43622040e+02, 3.28135498e+02, 1.90837570e+02, 2.13467819e+02,
    2.00879105e+02, 2.47718445e+02, 2.11203873e+02, 2.81714722e+02,
    2.21750168e+02, 3.15778625e+02, 1.79202637e+02, 2.35613632e+02,
    1.89479599e+02, 2.69644348e+02, 1.99889038e+02, 3.03539032e+02,
    2.10486832e+02, 3.37201141e+02, 1.58031219e+02, 2.23540390e+02,
    1.67923370e+02, 2.57500793e+02, 1.78228561e+02, 2.91515991e+02,
    1.88804611e+02, 3.25092102e+02, 1.47016632e+02, 2.45342209e+02,
    1.56926300e+02, 2.79222107e+02, 1.67537537e+02, 3.13013550e+02,
    1.78169601e+02, 3.46181488e+02, 1.26342102e+02, 2.33372787e+02,
    1.36093903e+02, 2.67221741e+02, 1.46276016e+02, 3.00770203e+02,
    1.57008255e+02, 3.34026367e+02, 1.15540077e+02, 2.55111969e+02,
    1.25574417e+02, 2.88498199e+02, 1.35964523e+02, 3.21847565e+02,
    1.46656326e+02, 3.55153778e+02, 9.50855484e+01, 2.43249146e+02,
    1.05071655e+02, 2.76656616e+02, 1.15260353e+02, 3.09842194e+02,
    1.25633171e+02, 3.42865295e+02, 8.45425720e+01, 2.64630310e+02,
    9.45946732e+01, 2.97815063e+02, 1.05026230e+02, 3.30931183e+02,
    1.15595009e+02, 3.63461517e+02, 6.48090286e+01, 2.52813049e+02,
    7.43451385e+01, 2.85985931e+02, 8.46743774e+01, 3.18954315e+02,
    9.50153122e+01, 3.51676239e+02 ]
CalibrationFramePatternWorld: [ 0., 0., 0., 0., 7.00000003e-02, 0., 0.,
    1.40000001e-01, 0., 0., 2.10000008e-01, 0., 3.50000001e-02,
    3.50000001e-02, 0., 3.50000001e-02, 1.05000004e-01, 0.,
    3.50000001e-02, 1.74999997e-01, 0., 3.50000001e-02, 2.45000005e-01,
    0., 7.00000003e-02, 0., 0., 7.00000003e-02, 7.00000003e-02, 0.,
    7.00000003e-02, 1.40000001e-01, 0., 7.00000003e-02, 2.10000008e-01,
    0., 1.05000004e-01, 3.50000001e-02, 0., 1.05000004e-01,
    1.05000004e-01, 0., 1.05000004e-01, 1.74999997e-01, 0.,
    1.05000004e-01, 2.45000005e-01, 0., 1.40000001e-01, 0., 0.,
    1.40000001e-01, 7.00000003e-02, 0., 1.40000001e-01, 1.40000001e-01,
    0., 1.40000001e-01, 2.10000008e-01, 0., 1.74999997e-01,
    3.50000001e-02, 0., 1.74999997e-01, 1.05000004e-01, 0.,
    1.74999997e-01, 1.74999997e-01, 0., 1.74999997e-01, 2.45000005e-01,
    0., 2.10000008e-01, 0., 0., 2.10000008e-01, 7.00000003e-02, 0.,
    2.10000008e-01, 1.40000001e-01, 0., 2.10000008e-01, 2.10000008e-01,
    0., 2.45000005e-01, 3.50000001e-02, 0., 2.45000005e-01,
    1.05000004e-01, 0., 2.45000005e-01, 1.74999997e-01, 0.,
    2.45000005e-01, 2.45000005e-01, 0., 2.80000001e-01, 0., 0.,
    2.80000001e-01, 7.00000003e-02, 0., 2.80000001e-01, 1.40000001e-01,
    0., 2.80000001e-01, 2.10000008e-01, 0., 3.14999998e-01,
    3.50000001e-02, 0., 3.14999998e-01, 1.05000004e-01, 0.,
    3.14999998e-01, 1.74999997e-01, 0., 3.14999998e-01, 2.45000005e-01,
    0., 3.49999994e-01, 0., 0., 3.49999994e-01, 7.00000003e-02, 0.,
    3.49999994e-01, 1.40000001e-01, 0., 3.49999994e-01, 2.10000008e-01,
    0. ]
CalibrationFrameExtRotation: !!opencv-matrix
   rows: 3
   cols: 1
   dt: d
   data: [ -4.3296712199749515e-01, -3.0427140839577103e+00,
       -1.1503647956714061e-01 ]
CalibrationFrameExtTranslation: !!opencv-matrix
   rows: 3
   cols: 1
   dt: d
   data: [ -2.9370530069215650e-01, -9.5719815492948210e-02,
       1.7181994648640584e+00 ]
CalibrationFrameRMSerror: 1.9352790713310242e-01
