%YAML:1.0
---
CalibrationFramePatternImage: [ 2.68804871e+02, 2.34134933e+02,
    2.70791290e+02, 2.69493225e+02, 2.73371704e+02, 3.04658020e+02,
    2.76201080e+02, 3.39585632e+02, 2.53218170e+02, 2.54883362e+02,
    2.55347351e+02, 2.90273651e+02, 2.58030365e+02, 3.25177429e+02,
    2.60855560e+02, 3.59982910e+02, 2.34851471e+02, 2.39874268e+02,
    2.37517471e+02, 2.75923248e+02, 2.39992035e+02, 3.11127289e+02,
    2.42685959e+02, 3.46192749e+02, 2.18928741e+02, 2.61058899e+02,
    2.21753403e+02, 2.97006836e+02, 2.24586700e+02, 3.32381775e+02,
    2.27458618e+02, 3.67094879e+02, 1.99567429e+02, 2.45731598e+02,
    2.02889938e+02, 2.82227325e+02, 2.05987732e+02, 3.18226379e+02,
    2.09028900e+02, 3.53483154e+02, 1.83171677e+02, 2.67008545e+02,
    1.86703674e+02, 3.03521057e+02, 1.90070312e+02, 3.39314636e+02,
    1.93406754e+02, 3.74467102e+02, 1.63224854e+02, 2.51669373e+02,
    1.66927338e+02, 2.88530975e+02, 1.70395584e+02, 3.24759979e+02,
    1.74228607e+02, 3.60504395e+02, 1.46729309e+02, 2.73238556e+02,
    1.50482117e+02, 3.09822113e+02, 1.54360413e+02, 3.45989319e+02,
    1.58481964e+02, 3.81850922e+02, 1.26225288e+02, 2.57775635e+02,
    1.30217453e+02, 2.94885651e+02, 1.34250443e+02, 3.31457397e+02,
    1.38407288e+02, 3.67584259e+02, 1.09630814e+02, 2.79634827e+02,
    1.13818710e+02, 3.16614807e+02, 1.18206078e+02, 3.53224731e+02,
    1.22774704e+02, 3.89153137e+02, 8.86211929e+01, 2.64173004e+02,
    9.32003708e+01, 3.01727966e+02, 9.76522675e+01, 3.38522125e+02,
    1.02475273e+02, 3.75155548e+02 ]
CalibrationFramePatternWorld: [ 0., 0., 0., 0., 7.00000003e-02, 0., 0.,
    1.40000001e-01, 0., 0., 2.10000008e-01, 0., 3.50000001e-02,
    3.50000001e-02, 0., 3.50000001e-02, 1.05000004e-01, 0.,
    3.50000001e-02, 1.74999997e-01, 0., 3.50000001e-02, 2.45000005e-01,
    0., 7.00000003e-02, 0., 0., 7.00000003e-02, 7.00000003e-02, 0.,
    7.00000003e-02, 1.40000001e-01, 0., 7.00000003e-02, 2.10000008e-01,
    0., 1.05000004e-01, 3.50000001e-02, 0., 1.05000004e-01,
    1.05000004e-01, 0., 1.05000004e-01, 1.74999997e-01, 0.,
    1.05000004e-01, 2.45000005e-01, 0., 1.40000001e-01, 0., 0.,
    1.40000001e-01, 7.00000003e-02, 0., 1.40000001e-01, 1.40000001e-01,
    0., 1.40000001e-01, 2.10000008e-01, 0., 1.74999997e-01,
    3.50000001e-02, 0., 1.74999997e-01, 1.05000004e-01, 0.,
    1.74999997e-01, 1.74999997e-01, 0., 1.74999997e-01, 2.45000005e-01,
    0., 2.10000008e-01, 0., 0., 2.10000008e-01, 7.00000003e-02, 0.,
    2.10000008e-01, 1.40000001e-01, 0., 2.10000008e-01, 2.10000008e-01,
    0., 2.45000005e-01, 3.50000001e-02, 0., 2.45000005e-01,
    1.05000004e-01, 0., 2.45000005e-01, 1.74999997e-01, 0.,
    2.45000005e-01, 2.45000005e-01, 0., 2.80000001e-01, 0., 0.,
    2.80000001e-01, 7.00000003e-02, 0., 2.80000001e-01, 1.40000001e-01,
    0., 2.80000001e-01, 2.10000008e-01, 0., 3.14999998e-01,
    3.50000001e-02, 0., 3.14999998e-01, 1.05000004e-01, 0.,
    3.14999998e-01, 1.74999997e-01, 0., 3.14999998e-01, 2.45000005e-01,
    0., 3.49999994e-01, 0., 0., 3.49999994e-01, 7.00000003e-02, 0.,
    3.49999994e-01, 1.40000001e-01, 0., 3.49999994e-01, 2.10000008e-01,
    0. ]
CalibrationFrameExtRotation: !!opencv-matrix
   rows: 3
   cols: 1
   dt: d
   data: [ 1.3113238239847114e-01, 2.5815333693715852e+00,
       2.9790732718958041e-01 ]
CalibrationFrameExtTranslation: !!opencv-matrix
   rows: 3
   cols: 1
   dt: d
   data: [ -2.0265532898767152e-01, -3.4044207939914146e-02,
       1.6884994362260568e+00 ]
CalibrationFrameRMSerror: 3.6008685827255249e-01
