%YAML:1.0
---
CalibrationFramePatternImage: [ 5.58306824e+02, 4.77780304e+01,
    5.65881226e+02, 6.62173538e+01, 5.73937134e+02, 8.49996109e+01,
    5.82164917e+02, 1.04114883e+02, 5.53472717e+02, 5.94625130e+01,
    5.61067993e+02, 7.85084610e+01, 5.68789124e+02, 9.74978714e+01,
    5.76933838e+02, 1.17040833e+02, 5.40203491e+02, 5.26737366e+01,
    5.48276733e+02, 7.16393051e+01, 5.56022461e+02, 9.05399399e+01,
    5.63865784e+02, 1.10211159e+02, 5.35169739e+02, 6.47754135e+01,
    5.43090210e+02, 8.37324371e+01, 5.50742615e+02, 1.02992912e+02,
    5.58546875e+02, 1.22754028e+02, 5.21845947e+02, 5.82523232e+01,
    5.29878906e+02, 7.70761108e+01, 5.37687256e+02, 9.61263275e+01,
    5.45428894e+02, 1.15775291e+02, 5.16577820e+02, 7.03254776e+01,
    5.24432312e+02, 8.94447250e+01, 5.32277832e+02, 1.09000229e+02,
    5.40072693e+02, 1.28648727e+02, 5.03054779e+02, 6.37361717e+01,
    5.11099976e+02, 8.29003677e+01, 5.18756226e+02, 1.02182121e+02,
    5.26639771e+02, 1.21739006e+02, 4.97575531e+02, 7.61475677e+01,
    5.05364258e+02, 9.53745270e+01, 5.13107422e+02, 1.14898399e+02,
    5.21231201e+02, 1.34909958e+02, 4.83786865e+02, 6.94372482e+01,
    4.91742218e+02, 8.88099213e+01, 4.99701294e+02, 1.07957237e+02,
    5.07424011e+02, 1.27806267e+02, 4.78197845e+02, 8.18681335e+01,
    4.85952271e+02, 1.01223061e+02, 4.93872803e+02, 1.20990921e+02,
    5.01807526e+02, 1.40745483e+02, 4.64620514e+02, 7.52295151e+01,
    4.72428802e+02, 9.43943253e+01, 4.80265167e+02, 1.14098747e+02,
    4.88138824e+02, 1.33856934e+02 ]
CalibrationFramePatternWorld: [ 0., 0., 0., 0., 7.00000003e-02, 0., 0.,
    1.40000001e-01, 0., 0., 2.10000008e-01, 0., 3.50000001e-02,
    3.50000001e-02, 0., 3.50000001e-02, 1.05000004e-01, 0.,
    3.50000001e-02, 1.74999997e-01, 0., 3.50000001e-02, 2.45000005e-01,
    0., 7.00000003e-02, 0., 0., 7.00000003e-02, 7.00000003e-02, 0.,
    7.00000003e-02, 1.40000001e-01, 0., 7.00000003e-02, 2.10000008e-01,
    0., 1.05000004e-01, 3.50000001e-02, 0., 1.05000004e-01,
    1.05000004e-01, 0., 1.05000004e-01, 1.74999997e-01, 0.,
    1.05000004e-01, 2.45000005e-01, 0., 1.40000001e-01, 0., 0.,
    1.40000001e-01, 7.00000003e-02, 0., 1.40000001e-01, 1.40000001e-01,
    0., 1.40000001e-01, 2.10000008e-01, 0., 1.74999997e-01,
    3.50000001e-02, 0., 1.74999997e-01, 1.05000004e-01, 0.,
    1.74999997e-01, 1.74999997e-01, 0., 1.74999997e-01, 2.45000005e-01,
    0., 2.10000008e-01, 0., 0., 2.10000008e-01, 7.00000003e-02, 0.,
    2.10000008e-01, 1.40000001e-01, 0., 2.10000008e-01, 2.10000008e-01,
    0., 2.45000005e-01, 3.50000001e-02, 0., 2.45000005e-01,
    1.05000004e-01, 0., 2.45000005e-01, 1.74999997e-01, 0.,
    2.45000005e-01, 2.45000005e-01, 0., 2.80000001e-01, 0., 0.,
    2.80000001e-01, 7.00000003e-02, 0., 2.80000001e-01, 1.40000001e-01,
    0., 2.80000001e-01, 2.10000008e-01, 0., 3.14999998e-01,
    3.50000001e-02, 0., 3.14999998e-01, 1.05000004e-01, 0.,
    3.14999998e-01, 1.74999997e-01, 0., 3.14999998e-01, 2.45000005e-01,
    0., 3.49999994e-01, 0., 0., 3.49999994e-01, 7.00000003e-02, 0.,
    3.49999994e-01, 1.40000001e-01, 0., 3.49999994e-01, 2.10000008e-01,
    0. ]
CalibrationFrameExtRotation: !!opencv-matrix
   rows: 3
   cols: 1
   dt: d
   data: [ 5.1448795887192278e-01, 2.9953223304346710e+00,
       -1.6165085426290104e-01 ]
CalibrationFrameExtTranslation: !!opencv-matrix
   rows: 3
   cols: 1
   dt: d
   data: [ 6.1828226820030452e-01, -6.9107763848256332e-01,
       2.8706334039573131e+00 ]
CalibrationFrameRMSerror: 1.8215923011302948e-01
