%YAML:1.0
---
CalibrationFramePatternImage: [ 5.65640686e+02, 2.53299667e+02,
    5.65200684e+02, 2.75092621e+02, 5.65030029e+02, 2.97320709e+02,
    5.64955994e+02, 3.19510040e+02, 5.54870544e+02, 2.64319733e+02,
    5.54376709e+02, 2.86286011e+02, 5.54090210e+02, 3.08270447e+02,
    5.53728699e+02, 3.30523651e+02, 5.44062744e+02, 2.53201187e+02,
    5.43839539e+02, 2.75467651e+02, 5.43641296e+02, 2.97465179e+02,
    5.43249573e+02, 3.19617310e+02, 5.33177063e+02, 2.64309082e+02,
    5.33088196e+02, 2.86486938e+02, 5.32623474e+02, 3.08639130e+02,
    5.32084412e+02, 3.30742004e+02, 5.22177185e+02, 2.53451035e+02,
    5.22148315e+02, 2.75586975e+02, 5.21893433e+02, 2.97749115e+02,
    5.21449463e+02, 3.19906891e+02, 5.11238861e+02, 2.64367096e+02,
    5.11008118e+02, 2.86752258e+02, 5.10872223e+02, 3.09005096e+02,
    5.10448364e+02, 3.30949738e+02, 5.00363068e+02, 2.53239944e+02,
    5.00087280e+02, 2.75471649e+02, 4.99768677e+02, 2.97840302e+02,
    4.99686401e+02, 3.19985138e+02, 4.89062775e+02, 2.64543915e+02,
    4.88951416e+02, 2.86758850e+02, 4.88668884e+02, 3.08967926e+02,
    4.88542542e+02, 3.31768158e+02, 4.78016479e+02, 2.53278519e+02,
    4.77949860e+02, 2.75955261e+02, 4.77769257e+02, 2.97820740e+02,
    4.77634247e+02, 3.20339447e+02, 4.66852020e+02, 2.64611206e+02,
    4.66839844e+02, 2.86826447e+02, 4.66594788e+02, 3.09220795e+02,
    4.66281464e+02, 3.31443176e+02, 4.55734863e+02, 2.53287491e+02,
    4.55718536e+02, 2.75869720e+02, 4.55623871e+02, 2.98283997e+02,
    4.55584564e+02, 3.20513000e+02 ]
CalibrationFramePatternWorld: [ 0., 0., 0., 0., 7.00000003e-02, 0., 0.,
    1.40000001e-01, 0., 0., 2.10000008e-01, 0., 3.50000001e-02,
    3.50000001e-02, 0., 3.50000001e-02, 1.05000004e-01, 0.,
    3.50000001e-02, 1.74999997e-01, 0., 3.50000001e-02, 2.45000005e-01,
    0., 7.00000003e-02, 0., 0., 7.00000003e-02, 7.00000003e-02, 0.,
    7.00000003e-02, 1.40000001e-01, 0., 7.00000003e-02, 2.10000008e-01,
    0., 1.05000004e-01, 3.50000001e-02, 0., 1.05000004e-01,
    1.05000004e-01, 0., 1.05000004e-01, 1.74999997e-01, 0.,
    1.05000004e-01, 2.45000005e-01, 0., 1.40000001e-01, 0., 0.,
    1.40000001e-01, 7.00000003e-02, 0., 1.40000001e-01, 1.40000001e-01,
    0., 1.40000001e-01, 2.10000008e-01, 0., 1.74999997e-01,
    3.50000001e-02, 0., 1.74999997e-01, 1.05000004e-01, 0.,
    1.74999997e-01, 1.74999997e-01, 0., 1.74999997e-01, 2.45000005e-01,
    0., 2.10000008e-01, 0., 0., 2.10000008e-01, 7.00000003e-02, 0.,
    2.10000008e-01, 1.40000001e-01, 0., 2.10000008e-01, 2.10000008e-01,
    0., 2.45000005e-01, 3.50000001e-02, 0., 2.45000005e-01,
    1.05000004e-01, 0., 2.45000005e-01, 1.74999997e-01, 0.,
    2.45000005e-01, 2.45000005e-01, 0., 2.80000001e-01, 0., 0.,
    2.80000001e-01, 7.00000003e-02, 0., 2.80000001e-01, 1.40000001e-01,
    0., 2.80000001e-01, 2.10000008e-01, 0., 3.14999998e-01,
    3.50000001e-02, 0., 3.14999998e-01, 1.05000004e-01, 0.,
    3.14999998e-01, 1.74999997e-01, 0., 3.14999998e-01, 2.45000005e-01,
    0., 3.49999994e-01, 0., 0., 3.49999994e-01, 7.00000003e-02, 0.,
    3.49999994e-01, 1.40000001e-01, 0., 3.49999994e-01, 2.10000008e-01,
    0. ]
CalibrationFrameExtRotation: !!opencv-matrix
   rows: 3
   cols: 1
   dt: d
   data: [ 5.9787178388639233e-03, 3.1798840948724987e+00,
       9.6069042757608761e-02 ]
CalibrationFrameExtTranslation: !!opencv-matrix
   rows: 3
   cols: 1
   dt: d
   data: [ 5.9715597389718711e-01, 2.0327238916971976e-03,
       2.7354540225318278e+00 ]
CalibrationFrameRMSerror: 1.6889353096485138e-01
