%YAML:1.0
---
CalibrationFramePatternImage: [ 1.67343048e+02, 4.15983047e+01,
    1.66963776e+02, 6.33044853e+01, 1.66425369e+02, 8.51968842e+01,
    1.65907120e+02, 1.07331772e+02, 1.56593094e+02, 5.26610680e+01,
    1.56338043e+02, 7.45046768e+01, 1.55826187e+02, 9.63594360e+01,
    1.55336853e+02, 1.18663757e+02, 1.46502914e+02, 4.24790802e+01,
    1.45999313e+02, 6.40306702e+01, 1.45612122e+02, 8.57985916e+01,
    1.45273453e+02, 1.07863564e+02, 1.35892410e+02, 5.36366844e+01,
    1.35483292e+02, 7.50610275e+01, 1.34983719e+02, 9.69162140e+01,
    1.34531754e+02, 1.18911545e+02, 1.26042442e+02, 4.34790573e+01,
    1.25471573e+02, 6.47351837e+01, 1.24964142e+02, 8.62626114e+01,
    1.24629807e+02, 1.08066505e+02, 1.15898186e+02, 5.46156082e+01,
    1.15197784e+02, 7.58648682e+01, 1.14783592e+02, 9.75098877e+01,
    1.14231316e+02, 1.19222054e+02, 1.06335716e+02, 4.44511147e+01,
    1.05450623e+02, 6.56642075e+01, 1.05089256e+02, 8.69826660e+01,
    1.04666557e+02, 1.08527901e+02, 9.60792847e+01, 5.56655655e+01,
    9.55604553e+01, 7.67263641e+01, 9.49787369e+01, 9.80649109e+01,
    9.44286652e+01, 1.19708199e+02, 8.65763474e+01, 4.58367004e+01,
    8.60478897e+01, 6.66411667e+01, 8.54596252e+01, 8.78443680e+01,
    8.49265289e+01, 1.09143929e+02, 7.66581726e+01, 5.66431236e+01,
    7.61225433e+01, 7.74456711e+01, 7.54043579e+01, 9.87002411e+01,
    7.47139587e+01, 1.19894562e+02, 6.73919907e+01, 4.68906059e+01,
    6.66081543e+01, 6.75426559e+01, 6.61867065e+01, 8.85691681e+01,
    6.52769699e+01, 1.09662605e+02 ]
CalibrationFramePatternWorld: [ 0., 0., 0., 0., 7.00000003e-02, 0., 0.,
    1.40000001e-01, 0., 0., 2.10000008e-01, 0., 3.50000001e-02,
    3.50000001e-02, 0., 3.50000001e-02, 1.05000004e-01, 0.,
    3.50000001e-02, 1.74999997e-01, 0., 3.50000001e-02, 2.45000005e-01,
    0., 7.00000003e-02, 0., 0., 7.00000003e-02, 7.00000003e-02, 0.,
    7.00000003e-02, 1.40000001e-01, 0., 7.00000003e-02, 2.10000008e-01,
    0., 1.05000004e-01, 3.50000001e-02, 0., 1.05000004e-01,
    1.05000004e-01, 0., 1.05000004e-01, 1.74999997e-01, 0.,
    1.05000004e-01, 2.45000005e-01, 0., 1.40000001e-01, 0., 0.,
    1.40000001e-01, 7.00000003e-02, 0., 1.40000001e-01, 1.40000001e-01,
    0., 1.40000001e-01, 2.10000008e-01, 0., 1.74999997e-01,
    3.50000001e-02, 0., 1.74999997e-01, 1.05000004e-01, 0.,
    1.74999997e-01, 1.74999997e-01, 0., 1.74999997e-01, 2.45000005e-01,
    0., 2.10000008e-01, 0., 0., 2.10000008e-01, 7.00000003e-02, 0.,
    2.10000008e-01, 1.40000001e-01, 0., 2.10000008e-01, 2.10000008e-01,
    0., 2.45000005e-01, 3.50000001e-02, 0., 2.45000005e-01,
    1.05000004e-01, 0., 2.45000005e-01, 1.74999997e-01, 0.,
    2.45000005e-01, 2.45000005e-01, 0., 2.80000001e-01, 0., 0.,
    2.80000001e-01, 7.00000003e-02, 0., 2.80000001e-01, 1.40000001e-01,
    0., 2.80000001e-01, 2.10000008e-01, 0., 3.14999998e-01,
    3.50000001e-02, 0., 3.14999998e-01, 1.05000004e-01, 0.,
    3.14999998e-01, 1.74999997e-01, 0., 3.14999998e-01, 2.45000005e-01,
    0., 3.49999994e-01, 0., 0., 3.49999994e-01, 7.00000003e-02, 0.,
    3.49999994e-01, 1.40000001e-01, 0., 3.49999994e-01, 2.10000008e-01,
    0. ]
CalibrationFrameExtRotation: !!opencv-matrix
   rows: 3
   cols: 1
   dt: d
   data: [ 3.1261311971613227e-02, -3.0375472835688546e+00,
       -1.6593398825713934e-01 ]
CalibrationFrameExtTranslation: !!opencv-matrix
   rows: 3
   cols: 1
   dt: d
   data: [ -6.5203441758310265e-01, -6.6515286251011585e-01,
       2.7023510238933226e+00 ]
CalibrationFrameRMSerror: 1.7139045894145966e-01
