%YAML:1.0
---
CalibrationFramePatternImage: [ 2.37098618e+02, 8.51028671e+01,
    2.49082214e+02, 1.16302521e+02, 2.61850403e+02, 1.47286942e+02,
    2.74868103e+02, 1.78381348e+02, 2.28245163e+02, 1.06615311e+02,
    2.40461472e+02, 1.38033035e+02, 2.53435654e+02, 1.69232697e+02,
    2.66507812e+02, 2.00364395e+02, 2.06825272e+02, 9.69337158e+01,
    2.19371979e+02, 1.28695343e+02, 2.32097046e+02, 1.60084167e+02,
    2.45190598e+02, 1.91565536e+02, 1.97759979e+02, 1.19184006e+02,
    2.10699829e+02, 1.50774338e+02, 2.23775909e+02, 1.82512802e+02,
    2.37007339e+02, 2.13953995e+02, 1.75693130e+02, 1.09592461e+02,
    1.88768845e+02, 1.41453369e+02, 2.02074860e+02, 1.73412933e+02,
    2.15507965e+02, 2.05159012e+02, 1.66531296e+02, 1.32082977e+02,
    1.79876755e+02, 1.64247467e+02, 1.93537201e+02, 1.96262741e+02,
    2.07197052e+02, 2.27947556e+02, 1.44145920e+02, 1.22562447e+02,
    1.57485397e+02, 1.54962204e+02, 1.71104477e+02, 1.87138062e+02,
    1.85100815e+02, 2.19300583e+02, 1.34867035e+02, 1.45572174e+02,
    1.48462448e+02, 1.78003677e+02, 1.62518417e+02, 2.10333572e+02,
    1.76734009e+02, 2.42496460e+02, 1.12039833e+02, 1.36113586e+02,
    1.25791359e+02, 1.68852081e+02, 1.39841629e+02, 2.01286774e+02,
    1.54111465e+02, 2.33755219e+02, 1.02955803e+02, 1.59428894e+02,
    1.16935287e+02, 1.92175537e+02, 1.31388779e+02, 2.24959976e+02,
    1.45881516e+02, 2.57299744e+02, 8.00108948e+01, 1.49999908e+02,
    9.40705032e+01, 1.82993942e+02, 1.08318115e+02, 2.15856125e+02,
    1.23144310e+02, 2.48607895e+02 ]
CalibrationFramePatternWorld: [ 0., 0., 0., 0., 7.00000003e-02, 0., 0.,
    1.40000001e-01, 0., 0., 2.10000008e-01, 0., 3.50000001e-02,
    3.50000001e-02, 0., 3.50000001e-02, 1.05000004e-01, 0.,
    3.50000001e-02, 1.74999997e-01, 0., 3.50000001e-02, 2.45000005e-01,
    0., 7.00000003e-02, 0., 0., 7.00000003e-02, 7.00000003e-02, 0.,
    7.00000003e-02, 1.40000001e-01, 0., 7.00000003e-02, 2.10000008e-01,
    0., 1.05000004e-01, 3.50000001e-02, 0., 1.05000004e-01,
    1.05000004e-01, 0., 1.05000004e-01, 1.74999997e-01, 0.,
    1.05000004e-01, 2.45000005e-01, 0., 1.40000001e-01, 0., 0.,
    1.40000001e-01, 7.00000003e-02, 0., 1.40000001e-01, 1.40000001e-01,
    0., 1.40000001e-01, 2.10000008e-01, 0., 1.74999997e-01,
    3.50000001e-02, 0., 1.74999997e-01, 1.05000004e-01, 0.,
    1.74999997e-01, 1.74999997e-01, 0., 1.74999997e-01, 2.45000005e-01,
    0., 2.10000008e-01, 0., 0., 2.10000008e-01, 7.00000003e-02, 0.,
    2.10000008e-01, 1.40000001e-01, 0., 2.10000008e-01, 2.10000008e-01,
    0., 2.45000005e-01, 3.50000001e-02, 0., 2.45000005e-01,
    1.05000004e-01, 0., 2.45000005e-01, 1.74999997e-01, 0.,
    2.45000005e-01, 2.45000005e-01, 0., 2.80000001e-01, 0., 0.,
    2.80000001e-01, 7.00000003e-02, 0., 2.80000001e-01, 1.40000001e-01,
    0., 2.80000001e-01, 2.10000008e-01, 0., 3.14999998e-01,
    3.50000001e-02, 0., 3.14999998e-01, 1.05000004e-01, 0.,
    3.14999998e-01, 1.74999997e-01, 0., 3.14999998e-01, 2.45000005e-01,
    0., 3.49999994e-01, 0., 0., 3.49999994e-01, 7.00000003e-02, 0.,
    3.49999994e-01, 1.40000001e-01, 0., 3.49999994e-01, 2.10000008e-01,
    0. ]
CalibrationFrameExtRotation: !!opencv-matrix
   rows: 3
   cols: 1
   dt: d
   data: [ 5.6376277402987618e-01, 2.6054226092709083e+00,
       1.7609988007924246e-01 ]
CalibrationFrameExtTranslation: !!opencv-matrix
   rows: 3
   cols: 1
   dt: d
   data: [ -2.8547619746608438e-01, -3.4491458272145575e-01,
       1.7992983955960717e+00 ]
CalibrationFrameRMSerror: 2.7448561787605286e-01
