%YAML:1.0
---
CalibrationFramePatternImage: [ 3.71438507e+02, 3.13615509e+02,
    3.71804749e+02, 3.35773895e+02, 3.72242981e+02, 3.58089111e+02,
    3.72738800e+02, 3.80413055e+02, 3.60279327e+02, 3.25019714e+02,
    3.60518311e+02, 3.47053070e+02, 3.61012146e+02, 3.69147766e+02,
    3.61409058e+02, 3.91836945e+02, 3.48479614e+02, 3.13931396e+02,
    3.49033844e+02, 3.36375702e+02, 3.49374969e+02, 3.58561371e+02,
    3.49838562e+02, 3.80643402e+02, 3.37140930e+02, 3.25508026e+02,
    3.37784790e+02, 3.47670227e+02, 3.38235687e+02, 3.69923676e+02,
    3.38661285e+02, 3.91797577e+02, 3.25278229e+02, 3.14502960e+02,
    3.26022552e+02, 3.37012268e+02, 3.26525482e+02, 3.59235931e+02,
    3.27090302e+02, 3.81193970e+02, 3.14174438e+02, 3.25738739e+02,
    3.14907501e+02, 3.48192444e+02, 3.15475037e+02, 3.70502930e+02,
    3.15936249e+02, 3.92263245e+02, 3.02424988e+02, 3.14813843e+02,
    3.03102753e+02, 3.37421051e+02, 3.03714111e+02, 3.59453979e+02,
    3.04456482e+02, 3.81456360e+02, 2.91208069e+02, 3.26284943e+02,
    2.92123962e+02, 3.48523468e+02, 2.92691010e+02, 3.70480957e+02,
    2.93336548e+02, 3.92884216e+02, 2.79137939e+02, 3.15335602e+02,
    2.79985626e+02, 3.37658112e+02, 2.81051422e+02, 3.59740692e+02,
    2.81594208e+02, 3.81771515e+02, 2.68283417e+02, 3.26752502e+02,
    2.69257874e+02, 3.48683502e+02, 2.69948853e+02, 3.70988464e+02,
    2.70700989e+02, 3.92961304e+02, 2.56414948e+02, 3.15804993e+02,
    2.57351868e+02, 3.38027466e+02, 2.58178925e+02, 3.60276031e+02,
    2.59025269e+02, 3.82246277e+02 ]
CalibrationFramePatternWorld: [ 0., 0., 0., 0., 7.00000003e-02, 0., 0.,
    1.40000001e-01, 0., 0., 2.10000008e-01, 0., 3.50000001e-02,
    3.50000001e-02, 0., 3.50000001e-02, 1.05000004e-01, 0.,
    3.50000001e-02, 1.74999997e-01, 0., 3.50000001e-02, 2.45000005e-01,
    0., 7.00000003e-02, 0., 0., 7.00000003e-02, 7.00000003e-02, 0.,
    7.00000003e-02, 1.40000001e-01, 0., 7.00000003e-02, 2.10000008e-01,
    0., 1.05000004e-01, 3.50000001e-02, 0., 1.05000004e-01,
    1.05000004e-01, 0., 1.05000004e-01, 1.74999997e-01, 0.,
    1.05000004e-01, 2.45000005e-01, 0., 1.40000001e-01, 0., 0.,
    1.40000001e-01, 7.00000003e-02, 0., 1.40000001e-01, 1.40000001e-01,
    0., 1.40000001e-01, 2.10000008e-01, 0., 1.74999997e-01,
    3.50000001e-02, 0., 1.74999997e-01, 1.05000004e-01, 0.,
    1.74999997e-01, 1.74999997e-01, 0., 1.74999997e-01, 2.45000005e-01,
    0., 2.10000008e-01, 0., 0., 2.10000008e-01, 7.00000003e-02, 0.,
    2.10000008e-01, 1.40000001e-01, 0., 2.10000008e-01, 2.10000008e-01,
    0., 2.45000005e-01, 3.50000001e-02, 0., 2.45000005e-01,
    1.05000004e-01, 0., 2.45000005e-01, 1.74999997e-01, 0.,
    2.45000005e-01, 2.45000005e-01, 0., 2.80000001e-01, 0., 0.,
    2.80000001e-01, 7.00000003e-02, 0., 2.80000001e-01, 1.40000001e-01,
    0., 2.80000001e-01, 2.10000008e-01, 0., 3.14999998e-01,
    3.50000001e-02, 0., 3.14999998e-01, 1.05000004e-01, 0.,
    3.14999998e-01, 1.74999997e-01, 0., 3.14999998e-01, 2.45000005e-01,
    0., 3.49999994e-01, 0., 0., 3.49999994e-01, 7.00000003e-02, 0.,
    3.49999994e-01, 1.40000001e-01, 0., 3.49999994e-01, 2.10000008e-01,
    0. ]
CalibrationFrameExtRotation: !!opencv-matrix
   rows: 3
   cols: 1
   dt: d
   data: [ -2.8899227486816788e-02, -3.1531460751285643e+00,
       -1.6657538383787160e-01 ]
CalibrationFrameExtTranslation: !!opencv-matrix
   rows: 3
   cols: 1
   dt: d
   data: [ -1.3170604356456696e-02, 1.8598954267218804e-01,
       2.7110727763753402e+00 ]
CalibrationFrameRMSerror: 1.8598656356334686e-01
