%YAML:1.0
---
CalibrationFramePatternImage: [ 2.70356873e+02, 1.48823547e+02,
    2.86139740e+02, 1.42110519e+02, 3.01654022e+02, 1.35557617e+02,
    3.16528229e+02, 1.29057755e+02, 3.31050720e+02, 1.22902351e+02,
    3.45241486e+02, 1.16962555e+02, 3.59054352e+02, 1.11108040e+02,
    2.76458435e+02, 1.67606339e+02, 2.92184265e+02, 1.60508163e+02,
    3.07362396e+02, 1.53709518e+02, 3.22153961e+02, 1.47097366e+02,
    3.36391174e+02, 1.40700745e+02, 3.50408936e+02, 1.34506989e+02,
    3.63675293e+02, 1.28457123e+02, 2.82585510e+02, 1.85607254e+02,
    2.98118988e+02, 1.78257767e+02, 3.12945801e+02, 1.71461060e+02,
    3.27391815e+02, 1.64458664e+02, 3.41522003e+02, 1.58052246e+02,
    3.55111115e+02, 1.51611160e+02, 3.68456543e+02, 1.45301758e+02,
    2.88817444e+02, 2.03282257e+02, 3.03899170e+02, 1.95780579e+02,
    3.18418793e+02, 1.88655365e+02, 3.32667603e+02, 1.81523071e+02,
    3.46436493e+02, 1.74775665e+02, 3.60399658e+02, 1.68268387e+02,
    3.73020874e+02, 1.61845856e+02, 2.94482544e+02, 2.20457428e+02,
    3.09332092e+02, 2.12870178e+02, 3.23532745e+02, 2.05474716e+02,
    3.37698151e+02, 1.98187698e+02, 3.51437653e+02, 1.91350891e+02,
    3.64702545e+02, 1.84497559e+02, 3.77514954e+02, 1.77946228e+02 ]
CalibrationFramePatternWorld: [ 0., 0., 0., 0., 2.70000007e-02, 0., 0.,
    5.40000014e-02, 0., 0., 8.10000002e-02, 0., 0., 1.08000003e-01, 0.,
    0., 1.35000005e-01, 0., 0., 1.62000000e-01, 0., 2.70000007e-02, 0.,
    0., 2.70000007e-02, 2.70000007e-02, 0., 2.70000007e-02,
    5.40000014e-02, 0., 2.70000007e-02, 8.10000002e-02, 0.,
    2.70000007e-02, 1.08000003e-01, 0., 2.70000007e-02, 1.35000005e-01,
    0., 2.70000007e-02, 1.62000000e-01, 0., 5.40000014e-02, 0., 0.,
    5.40000014e-02, 2.70000007e-02, 0., 5.40000014e-02, 5.40000014e-02,
    0., 5.40000014e-02, 8.10000002e-02, 0., 5.40000014e-02,
    1.08000003e-01, 0., 5.40000014e-02, 1.35000005e-01, 0.,
    5.40000014e-02, 1.62000000e-01, 0., 8.10000002e-02, 0., 0.,
    8.10000002e-02, 2.70000007e-02, 0., 8.10000002e-02, 5.40000014e-02,
    0., 8.10000002e-02, 8.10000002e-02, 0., 8.10000002e-02,
    1.08000003e-01, 0., 8.10000002e-02, 1.35000005e-01, 0.,
    8.10000002e-02, 1.62000000e-01, 0., 1.08000003e-01, 0., 0.,
    1.08000003e-01, 2.70000007e-02, 0., 1.08000003e-01, 5.40000014e-02,
    0., 1.08000003e-01, 8.10000002e-02, 0., 1.08000003e-01,
    1.08000003e-01, 0., 1.08000003e-01, 1.35000005e-01, 0.,
    1.08000003e-01, 1.62000000e-01, 0. ]
CalibrationFrameExtRotation: !!opencv-matrix
   rows: 3
   cols: 1
   dt: d
   data: [ 2.3327320619337391e+00, 1.5432634159211620e+00,
       8.3587763061542864e-01 ]
CalibrationFrameExtTranslation: !!opencv-matrix
   rows: 3
   cols: 1
   dt: d
   data: [ -7.4428504018863736e-02, -1.1866337166372661e-01,
       7.9105550325713658e-01 ]
CalibrationFrameRMSerror: 1.4160859584808350e-01
