%YAML:1.0
---
CalibrationFramePatternImage: [ 4.53948761e+02, 5.61814003e+01,
    4.70521759e+02, 5.35819130e+01, 4.87267426e+02, 5.08690834e+01,
    5.03827942e+02, 4.82208214e+01, 5.20702942e+02, 4.54899864e+01,
    5.37648376e+02, 4.26183701e+01, 5.54641541e+02, 4.00723305e+01,
    4.56214996e+02, 7.22302628e+01, 4.72994080e+02, 6.98322067e+01,
    4.89495422e+02, 6.70443573e+01, 5.06427704e+02, 6.44469833e+01,
    5.23121704e+02, 6.16953926e+01, 5.40223572e+02, 5.89996262e+01,
    5.56996521e+02, 5.63600693e+01, 4.58739594e+02, 8.79837646e+01,
    4.75238342e+02, 8.54032822e+01, 4.91812408e+02, 8.31339417e+01,
    5.08660889e+02, 8.03375092e+01, 5.25460144e+02, 7.76786499e+01,
    5.42377319e+02, 7.51688690e+01, 5.59541138e+02, 7.24899445e+01,
    4.60681488e+02, 1.03678291e+02, 4.77407013e+02, 1.01241852e+02,
    4.93976166e+02, 9.88323441e+01, 5.10862732e+02, 9.63819885e+01,
    5.27623047e+02, 9.38846436e+01, 5.44744934e+02, 9.13757935e+01,
    5.61957336e+02, 8.86364594e+01, 4.62873840e+02, 1.19299553e+02,
    4.79420258e+02, 1.17209885e+02, 4.96390747e+02, 1.14833023e+02,
    5.13027649e+02, 1.12334694e+02, 5.30031921e+02, 1.09815529e+02,
    5.47216431e+02, 1.07283669e+02, 5.64231384e+02, 1.04640091e+02 ]
CalibrationFramePatternWorld: [ 0., 0., 0., 0., 2.70000007e-02, 0., 0.,
    5.40000014e-02, 0., 0., 8.10000002e-02, 0., 0., 1.08000003e-01, 0.,
    0., 1.35000005e-01, 0., 0., 1.62000000e-01, 0., 2.70000007e-02, 0.,
    0., 2.70000007e-02, 2.70000007e-02, 0., 2.70000007e-02,
    5.40000014e-02, 0., 2.70000007e-02, 8.10000002e-02, 0.,
    2.70000007e-02, 1.08000003e-01, 0., 2.70000007e-02, 1.35000005e-01,
    0., 2.70000007e-02, 1.62000000e-01, 0., 5.40000014e-02, 0., 0.,
    5.40000014e-02, 2.70000007e-02, 0., 5.40000014e-02, 5.40000014e-02,
    0., 5.40000014e-02, 8.10000002e-02, 0., 5.40000014e-02,
    1.08000003e-01, 0., 5.40000014e-02, 1.35000005e-01, 0.,
    5.40000014e-02, 1.62000000e-01, 0., 8.10000002e-02, 0., 0.,
    8.10000002e-02, 2.70000007e-02, 0., 8.10000002e-02, 5.40000014e-02,
    0., 8.10000002e-02, 8.10000002e-02, 0., 8.10000002e-02,
    1.08000003e-01, 0., 8.10000002e-02, 1.35000005e-01, 0.,
    8.10000002e-02, 1.62000000e-01, 0., 1.08000003e-01, 0., 0.,
    1.08000003e-01, 2.70000007e-02, 0., 1.08000003e-01, 5.40000014e-02,
    0., 1.08000003e-01, 8.10000002e-02, 0., 1.08000003e-01,
    1.08000003e-01, 0., 1.08000003e-01, 1.35000005e-01, 0.,
    1.08000003e-01, 1.62000000e-01, 0. ]
CalibrationFrameExtRotation: !!opencv-matrix
   rows: 3
   cols: 1
   dt: d
   data: [ -2.3117476719534826e+00, -2.0383347449522975e+00,
       1.7876191395013011e-01 ]
CalibrationFrameExtTranslation: !!opencv-matrix
   rows: 3
   cols: 1
   dt: d
   data: [ 2.1388750472608564e-01, -2.9956281577832838e-01,
       9.6473293810260474e-01 ]
CalibrationFrameRMSerror: 1.9427110254764557e-01
