%YAML:1.0
---
CalibrationFramePatternImage: [ 1.53562531e+02, 8.54380035e+01,
    1.70221268e+02, 8.61470566e+01, 1.87177429e+02, 8.74121857e+01,
    2.03666916e+02, 8.84250793e+01, 2.20756775e+02, 8.92897949e+01,
    2.37605591e+02, 9.02102661e+01, 2.54453949e+02, 9.12791672e+01,
    1.50657928e+02, 1.01355621e+02, 1.67557251e+02, 1.02616913e+02,
    1.84501785e+02, 1.03650589e+02, 2.01447388e+02, 1.04637650e+02,
    2.18274582e+02, 1.06157219e+02, 2.35556946e+02, 1.06954185e+02,
    2.52519531e+02, 1.07926308e+02, 1.48388336e+02, 1.17663254e+02,
    1.65115402e+02, 1.18789978e+02, 1.81999878e+02, 1.20088577e+02,
    1.98892166e+02, 1.21449852e+02, 2.15738602e+02, 1.22300682e+02,
    2.32872894e+02, 1.23563438e+02, 2.50337311e+02, 1.24728401e+02,
    1.45339081e+02, 1.33818878e+02, 1.62404312e+02, 1.35227570e+02,
    1.79422104e+02, 1.36621719e+02, 1.96597763e+02, 1.37684875e+02,
    2.13376190e+02, 1.39288910e+02, 2.30446579e+02, 1.40288620e+02,
    2.47517380e+02, 1.41542587e+02, 1.42784042e+02, 1.50280319e+02,
    1.59702850e+02, 1.51759552e+02, 1.76635651e+02, 1.53143402e+02,
    1.93656647e+02, 1.54585464e+02, 2.10862122e+02, 1.55748978e+02,
    2.27976517e+02, 1.57431396e+02, 2.45182190e+02, 1.58552383e+02 ]
CalibrationFramePatternWorld: [ 0., 0., 0., 0., 2.70000007e-02, 0., 0.,
    5.40000014e-02, 0., 0., 8.10000002e-02, 0., 0., 1.08000003e-01, 0.,
    0., 1.35000005e-01, 0., 0., 1.62000000e-01, 0., 2.70000007e-02, 0.,
    0., 2.70000007e-02, 2.70000007e-02, 0., 2.70000007e-02,
    5.40000014e-02, 0., 2.70000007e-02, 8.10000002e-02, 0.,
    2.70000007e-02, 1.08000003e-01, 0., 2.70000007e-02, 1.35000005e-01,
    0., 2.70000007e-02, 1.62000000e-01, 0., 5.40000014e-02, 0., 0.,
    5.40000014e-02, 2.70000007e-02, 0., 5.40000014e-02, 5.40000014e-02,
    0., 5.40000014e-02, 8.10000002e-02, 0., 5.40000014e-02,
    1.08000003e-01, 0., 5.40000014e-02, 1.35000005e-01, 0.,
    5.40000014e-02, 1.62000000e-01, 0., 8.10000002e-02, 0., 0.,
    8.10000002e-02, 2.70000007e-02, 0., 8.10000002e-02, 5.40000014e-02,
    0., 8.10000002e-02, 8.10000002e-02, 0., 8.10000002e-02,
    1.08000003e-01, 0., 8.10000002e-02, 1.35000005e-01, 0.,
    8.10000002e-02, 1.62000000e-01, 0., 1.08000003e-01, 0., 0.,
    1.08000003e-01, 2.70000007e-02, 0., 1.08000003e-01, 5.40000014e-02,
    0., 1.08000003e-01, 8.10000002e-02, 0., 1.08000003e-01,
    1.08000003e-01, 0., 1.08000003e-01, 1.35000005e-01, 0.,
    1.08000003e-01, 1.62000000e-01, 0. ]
CalibrationFrameExtRotation: !!opencv-matrix
   rows: 3
   cols: 1
   dt: d
   data: [ 2.0708983643497496e+00, 2.2927771370379766e+00,
       -3.1406943192920689e-01 ]
CalibrationFrameExtTranslation: !!opencv-matrix
   rows: 3
   cols: 1
   dt: d
   data: [ -2.6783425245422454e-01, -2.3771568439430152e-01,
       9.1554988567066464e-01 ]
CalibrationFrameRMSerror: 2.4233509600162506e-01
