%YAML:1.0
---
CalibrationFramePatternImage: [ 5.07641022e+02, 5.52463760e+01,
    5.24901123e+02, 5.57043953e+01, 5.42390137e+02, 5.65516701e+01,
    5.60214355e+02, 5.74877396e+01, 5.78306702e+02, 5.85373955e+01,
    5.96696228e+02, 5.92105179e+01, 6.15529785e+02, 5.99911728e+01,
    5.05442505e+02, 6.87084732e+01, 5.22806274e+02, 7.01247101e+01,
    5.40486206e+02, 7.08521576e+01, 5.58473328e+02, 7.17476883e+01,
    5.76631226e+02, 7.30537415e+01, 5.95450928e+02, 7.38952637e+01,
    6.14029541e+02, 7.49372101e+01, 5.02929077e+02, 8.29726791e+01,
    5.20465759e+02, 8.36813660e+01, 5.38378296e+02, 8.54854202e+01,
    5.56482483e+02, 8.63713074e+01, 5.74770569e+02, 8.74956970e+01,
    5.93398865e+02, 8.87264252e+01, 6.12370056e+02, 8.97958603e+01,
    5.00381561e+02, 9.71649704e+01, 5.17992859e+02, 9.82475586e+01,
    5.35874390e+02, 9.98999863e+01, 5.54167053e+02, 1.01149292e+02,
    5.72804688e+02, 1.02362633e+02, 5.91628784e+02, 1.03631256e+02,
    6.10696777e+02, 1.04987137e+02, 4.97639984e+02, 1.11487541e+02,
    5.15529175e+02, 1.13014069e+02, 5.33466675e+02, 1.14612366e+02,
    5.51921631e+02, 1.16065529e+02, 5.70456421e+02, 1.17540337e+02,
    5.89436096e+02, 1.19109253e+02, 6.08765442e+02, 1.20640045e+02 ]
CalibrationFramePatternWorld: [ 0., 0., 0., 0., 2.70000007e-02, 0., 0.,
    5.40000014e-02, 0., 0., 8.10000002e-02, 0., 0., 1.08000003e-01, 0.,
    0., 1.35000005e-01, 0., 0., 1.62000000e-01, 0., 2.70000007e-02, 0.,
    0., 2.70000007e-02, 2.70000007e-02, 0., 2.70000007e-02,
    5.40000014e-02, 0., 2.70000007e-02, 8.10000002e-02, 0.,
    2.70000007e-02, 1.08000003e-01, 0., 2.70000007e-02, 1.35000005e-01,
    0., 2.70000007e-02, 1.62000000e-01, 0., 5.40000014e-02, 0., 0.,
    5.40000014e-02, 2.70000007e-02, 0., 5.40000014e-02, 5.40000014e-02,
    0., 5.40000014e-02, 8.10000002e-02, 0., 5.40000014e-02,
    1.08000003e-01, 0., 5.40000014e-02, 1.35000005e-01, 0.,
    5.40000014e-02, 1.62000000e-01, 0., 8.10000002e-02, 0., 0.,
    8.10000002e-02, 2.70000007e-02, 0., 8.10000002e-02, 5.40000014e-02,
    0., 8.10000002e-02, 8.10000002e-02, 0., 8.10000002e-02,
    1.08000003e-01, 0., 8.10000002e-02, 1.35000005e-01, 0.,
    8.10000002e-02, 1.62000000e-01, 0., 1.08000003e-01, 0., 0.,
    1.08000003e-01, 2.70000007e-02, 0., 1.08000003e-01, 5.40000014e-02,
    0., 1.08000003e-01, 8.10000002e-02, 0., 1.08000003e-01,
    1.08000003e-01, 0., 1.08000003e-01, 1.35000005e-01, 0.,
    1.08000003e-01, 1.62000000e-01, 0. ]
CalibrationFrameExtRotation: !!opencv-matrix
   rows: 3
   cols: 1
   dt: d
   data: [ 1.9238614748857277e+00, 2.3590257493622504e+00,
       -6.6954667866158990e-01 ]
CalibrationFrameExtTranslation: !!opencv-matrix
   rows: 3
   cols: 1
   dt: d
   data: [ 2.9875572637007025e-01, -2.9769802757457076e-01,
       9.5134362518120996e-01 ]
CalibrationFrameRMSerror: 2.2814680635929108e-01
