%YAML:1.0
---
CalibrationFramePatternImage: [ 3.68654724e+02, 1.31030273e+02,
    3.91541382e+02, 1.30672867e+02, 4.13980347e+02, 1.30511368e+02,
    4.37078278e+02, 1.30265839e+02, 4.60440247e+02, 1.29789917e+02,
    4.84107147e+02, 1.29424179e+02, 5.07357635e+02, 1.28734680e+02,
    3.68060944e+02, 1.51651962e+02, 3.91150787e+02, 1.51671936e+02,
    4.13655579e+02, 1.51582443e+02, 4.37161926e+02, 1.51576309e+02,
    4.60595581e+02, 1.51437195e+02, 4.84395782e+02, 1.51277985e+02,
    5.08285950e+02, 1.50992996e+02, 3.67395569e+02, 1.72607422e+02,
    3.90262238e+02, 1.72730545e+02, 4.13474976e+02, 1.73057449e+02,
    4.36882629e+02, 1.73115982e+02, 4.60605347e+02, 1.73037430e+02,
    4.84657623e+02, 1.73102249e+02, 5.08641785e+02, 1.73169724e+02,
    3.66254517e+02, 1.93859711e+02, 3.89433350e+02, 1.94246674e+02,
    4.12913849e+02, 1.94568634e+02, 4.36581329e+02, 1.94748642e+02,
    4.60507263e+02, 1.94905045e+02, 4.84567230e+02, 1.95309021e+02,
    5.08956268e+02, 1.95426544e+02, 3.65319000e+02, 2.15579224e+02,
    3.88531738e+02, 2.16271317e+02, 4.12319824e+02, 2.16933136e+02,
    4.36110443e+02, 2.17367249e+02, 4.60279449e+02, 2.17604172e+02,
    4.84690765e+02, 2.17827316e+02, 5.09281647e+02, 2.18213684e+02 ]
CalibrationFramePatternWorld: [ 0., 0., 0., 0., 2.70000007e-02, 0., 0.,
    5.40000014e-02, 0., 0., 8.10000002e-02, 0., 0., 1.08000003e-01, 0.,
    0., 1.35000005e-01, 0., 0., 1.62000000e-01, 0., 2.70000007e-02, 0.,
    0., 2.70000007e-02, 2.70000007e-02, 0., 2.70000007e-02,
    5.40000014e-02, 0., 2.70000007e-02, 8.10000002e-02, 0.,
    2.70000007e-02, 1.08000003e-01, 0., 2.70000007e-02, 1.35000005e-01,
    0., 2.70000007e-02, 1.62000000e-01, 0., 5.40000014e-02, 0., 0.,
    5.40000014e-02, 2.70000007e-02, 0., 5.40000014e-02, 5.40000014e-02,
    0., 5.40000014e-02, 8.10000002e-02, 0., 5.40000014e-02,
    1.08000003e-01, 0., 5.40000014e-02, 1.35000005e-01, 0.,
    5.40000014e-02, 1.62000000e-01, 0., 8.10000002e-02, 0., 0.,
    8.10000002e-02, 2.70000007e-02, 0., 8.10000002e-02, 5.40000014e-02,
    0., 8.10000002e-02, 8.10000002e-02, 0., 8.10000002e-02,
    1.08000003e-01, 0., 8.10000002e-02, 1.35000005e-01, 0.,
    8.10000002e-02, 1.62000000e-01, 0., 1.08000003e-01, 0., 0.,
    1.08000003e-01, 2.70000007e-02, 0., 1.08000003e-01, 5.40000014e-02,
    0., 1.08000003e-01, 8.10000002e-02, 0., 1.08000003e-01,
    1.08000003e-01, 0., 1.08000003e-01, 1.35000005e-01, 0.,
    1.08000003e-01, 1.62000000e-01, 0. ]
CalibrationFrameExtRotation: !!opencv-matrix
   rows: 3
   cols: 1
   dt: d
   data: [ 2.1175818372975512e+00, 2.1998681281846428e+00,
       -4.2233428497532566e-01 ]
CalibrationFrameExtTranslation: !!opencv-matrix
   rows: 3
   cols: 1
   dt: d
   data: [ 5.3086763199642284e-02, -1.2784394042928626e-01,
       7.0352559161882189e-01 ]
CalibrationFrameRMSerror: 2.9759454727172852e-01
