%YAML:1.0
---
CalibrationFramePatternImage: [ 4.67666840e+02, 2.72937531e+02,
    4.85748596e+02, 2.73958923e+02, 5.03681793e+02, 2.74787476e+02,
    5.22031982e+02, 2.75424103e+02, 5.40902771e+02, 2.76312744e+02,
    5.59515747e+02, 2.77522247e+02, 5.78410034e+02, 2.78127869e+02,
    4.67414978e+02, 2.89905426e+02, 4.85463623e+02, 2.90911560e+02,
    5.03564697e+02, 2.92275543e+02, 5.22025879e+02, 2.93036713e+02,
    5.41068298e+02, 2.93650940e+02, 5.59633606e+02, 2.95341156e+02,
    5.78564331e+02, 2.95987274e+02, 4.67129669e+02, 3.07200012e+02,
    4.85159729e+02, 3.08215424e+02, 5.03541443e+02, 3.09369476e+02,
    5.21780884e+02, 3.10579071e+02, 5.40998657e+02, 3.11480347e+02,
    5.59819946e+02, 3.13100098e+02, 5.78763916e+02, 3.13877716e+02,
    4.66556488e+02, 3.24221313e+02, 4.84757721e+02, 3.25696014e+02,
    5.03066376e+02, 3.26669189e+02, 5.21635620e+02, 3.28371246e+02,
    5.40866821e+02, 3.29402924e+02, 5.59773621e+02, 3.30916931e+02,
    5.79240601e+02, 3.32143555e+02, 4.65858276e+02, 3.41501709e+02,
    4.84287384e+02, 3.43369110e+02, 5.02765106e+02, 3.44411133e+02,
    5.21372009e+02, 3.46187134e+02, 5.40542114e+02, 3.47302795e+02,
    5.59760925e+02, 3.49298981e+02, 5.79191284e+02, 3.50418488e+02 ]
CalibrationFramePatternWorld: [ 0., 0., 0., 0., 2.70000007e-02, 0., 0.,
    5.40000014e-02, 0., 0., 8.10000002e-02, 0., 0., 1.08000003e-01, 0.,
    0., 1.35000005e-01, 0., 0., 1.62000000e-01, 0., 2.70000007e-02, 0.,
    0., 2.70000007e-02, 2.70000007e-02, 0., 2.70000007e-02,
    5.40000014e-02, 0., 2.70000007e-02, 8.10000002e-02, 0.,
    2.70000007e-02, 1.08000003e-01, 0., 2.70000007e-02, 1.35000005e-01,
    0., 2.70000007e-02, 1.62000000e-01, 0., 5.40000014e-02, 0., 0.,
    5.40000014e-02, 2.70000007e-02, 0., 5.40000014e-02, 5.40000014e-02,
    0., 5.40000014e-02, 8.10000002e-02, 0., 5.40000014e-02,
    1.08000003e-01, 0., 5.40000014e-02, 1.35000005e-01, 0.,
    5.40000014e-02, 1.62000000e-01, 0., 8.10000002e-02, 0., 0.,
    8.10000002e-02, 2.70000007e-02, 0., 8.10000002e-02, 5.40000014e-02,
    0., 8.10000002e-02, 8.10000002e-02, 0., 8.10000002e-02,
    1.08000003e-01, 0., 8.10000002e-02, 1.35000005e-01, 0.,
    8.10000002e-02, 1.62000000e-01, 0., 1.08000003e-01, 0., 0.,
    1.08000003e-01, 2.70000007e-02, 0., 1.08000003e-01, 5.40000014e-02,
    0., 1.08000003e-01, 8.10000002e-02, 0., 1.08000003e-01,
    1.08000003e-01, 0., 1.08000003e-01, 1.35000005e-01, 0.,
    1.08000003e-01, 1.62000000e-01, 0. ]
CalibrationFrameExtRotation: !!opencv-matrix
   rows: 3
   cols: 1
   dt: d
   data: [ -2.1372205360689702e+00, -2.2813202580551972e+00,
       5.0854048850518641e-01 ]
CalibrationFrameExtTranslation: !!opencv-matrix
   rows: 3
   cols: 1
   dt: d
   data: [ 2.2410885610099399e-01, 5.9176297868004268e-02,
       9.1192851933339691e-01 ]
CalibrationFrameRMSerror: 2.6835992932319641e-01
