%YAML:1.0
---
CalibrationFramePatternImage: [ 1.37332382e+02, 3.67888336e+02,
    1.56157043e+02, 3.61150848e+02, 1.74646729e+02, 3.54692169e+02,
    1.92539169e+02, 3.48412384e+02, 2.10201187e+02, 3.42285736e+02,
    2.27343292e+02, 3.36276550e+02, 2.44089584e+02, 3.30397430e+02,
    1.42846146e+02, 3.86376160e+02, 1.61889755e+02, 3.79447937e+02,
    1.80323944e+02, 3.72620941e+02, 1.98440460e+02, 3.66070770e+02,
    2.15785980e+02, 3.59713135e+02, 2.33175827e+02, 3.53461578e+02,
    2.49684753e+02, 3.47419891e+02, 1.48811432e+02, 4.04669678e+02,
    1.67593292e+02, 3.97476929e+02, 1.86117432e+02, 3.90463257e+02,
    2.03958359e+02, 3.83712433e+02, 2.21649445e+02, 3.77033112e+02,
    2.38595230e+02, 3.70631470e+02, 2.55492432e+02, 3.64192749e+02,
    1.54412292e+02, 4.23068939e+02, 1.73497940e+02, 4.15675720e+02,
    1.91699600e+02, 4.08365143e+02, 2.09838593e+02, 4.01235382e+02,
    2.27409149e+02, 3.94392426e+02, 2.44672409e+02, 3.87644470e+02,
    2.61186615e+02, 3.81301392e+02, 1.60361145e+02, 4.41489105e+02,
    1.79329086e+02, 4.33809479e+02, 1.97649124e+02, 4.26384369e+02,
    2.15693054e+02, 4.19061310e+02, 2.33038345e+02, 4.11881073e+02,
    2.50464554e+02, 4.05168121e+02, 2.67058258e+02, 3.98212799e+02 ]
CalibrationFramePatternWorld: [ 0., 0., 0., 0., 2.70000007e-02, 0., 0.,
    5.40000014e-02, 0., 0., 8.10000002e-02, 0., 0., 1.08000003e-01, 0.,
    0., 1.35000005e-01, 0., 0., 1.62000000e-01, 0., 2.70000007e-02, 0.,
    0., 2.70000007e-02, 2.70000007e-02, 0., 2.70000007e-02,
    5.40000014e-02, 0., 2.70000007e-02, 8.10000002e-02, 0.,
    2.70000007e-02, 1.08000003e-01, 0., 2.70000007e-02, 1.35000005e-01,
    0., 2.70000007e-02, 1.62000000e-01, 0., 5.40000014e-02, 0., 0.,
    5.40000014e-02, 2.70000007e-02, 0., 5.40000014e-02, 5.40000014e-02,
    0., 5.40000014e-02, 8.10000002e-02, 0., 5.40000014e-02,
    1.08000003e-01, 0., 5.40000014e-02, 1.35000005e-01, 0.,
    5.40000014e-02, 1.62000000e-01, 0., 8.10000002e-02, 0., 0.,
    8.10000002e-02, 2.70000007e-02, 0., 8.10000002e-02, 5.40000014e-02,
    0., 8.10000002e-02, 8.10000002e-02, 0., 8.10000002e-02,
    1.08000003e-01, 0., 8.10000002e-02, 1.35000005e-01, 0.,
    8.10000002e-02, 1.62000000e-01, 0., 1.08000003e-01, 0., 0.,
    1.08000003e-01, 2.70000007e-02, 0., 1.08000003e-01, 5.40000014e-02,
    0., 1.08000003e-01, 8.10000002e-02, 0., 1.08000003e-01,
    1.08000003e-01, 0., 1.08000003e-01, 1.35000005e-01, 0.,
    1.08000003e-01, 1.62000000e-01, 0. ]
CalibrationFrameExtRotation: !!opencv-matrix
   rows: 3
   cols: 1
   dt: d
   data: [ 2.2053730884567297e+00, 1.5899821698057277e+00,
       1.8485561779551107e-01 ]
CalibrationFrameExtTranslation: !!opencv-matrix
   rows: 3
   cols: 1
   dt: d
   data: [ -2.6618063720474372e-01, 1.8982768615127849e-01,
       8.2914430807434825e-01 ]
CalibrationFrameRMSerror: 1.7414020001888275e-01
