%YAML:1.0
---
CalibrationFramePatternImage: [ 3.69847839e+02, 4.82205505e+01,
    3.90843658e+02, 5.06751976e+01, 4.11159332e+02, 5.27762985e+01,
    4.30584351e+02, 5.51179733e+01, 4.49509521e+02, 5.70912857e+01,
    4.67490479e+02, 5.90466118e+01, 4.84856537e+02, 6.10544395e+01,
    3.64188110e+02, 7.35596619e+01, 3.84890869e+02, 7.50846329e+01,
    4.05021179e+02, 7.66626282e+01, 4.24008087e+02, 7.83697052e+01,
    4.42424500e+02, 7.96662979e+01, 4.60391785e+02, 8.13358765e+01,
    4.77457733e+02, 8.25694504e+01, 3.59106201e+02, 9.68643723e+01,
    3.79122467e+02, 9.81789398e+01, 3.98879669e+02, 9.92837372e+01,
    4.17247528e+02, 1.00254295e+02, 4.35555481e+02, 1.00932495e+02,
    4.53097260e+02, 1.02241745e+02, 4.70374023e+02, 1.03331055e+02,
    3.53692474e+02, 1.18804985e+02, 3.73443573e+02, 1.20148453e+02,
    3.92632507e+02, 1.20316284e+02, 4.11033234e+02, 1.21072380e+02,
    4.29267975e+02, 1.21844826e+02, 4.46899445e+02, 1.22448914e+02,
    4.63745789e+02, 1.23159485e+02, 3.48369598e+02, 1.40893768e+02,
    3.67844299e+02, 1.40903625e+02, 3.86794373e+02, 1.40992188e+02,
    4.05414856e+02, 1.41255341e+02, 4.23224152e+02, 1.41709290e+02,
    4.40450470e+02, 1.42291763e+02, 4.57278625e+02, 1.42373093e+02 ]
CalibrationFramePatternWorld: [ 0., 0., 0., 0., 2.70000007e-02, 0., 0.,
    5.40000014e-02, 0., 0., 8.10000002e-02, 0., 0., 1.08000003e-01, 0.,
    0., 1.35000005e-01, 0., 0., 1.62000000e-01, 0., 2.70000007e-02, 0.,
    0., 2.70000007e-02, 2.70000007e-02, 0., 2.70000007e-02,
    5.40000014e-02, 0., 2.70000007e-02, 8.10000002e-02, 0.,
    2.70000007e-02, 1.08000003e-01, 0., 2.70000007e-02, 1.35000005e-01,
    0., 2.70000007e-02, 1.62000000e-01, 0., 5.40000014e-02, 0., 0.,
    5.40000014e-02, 2.70000007e-02, 0., 5.40000014e-02, 5.40000014e-02,
    0., 5.40000014e-02, 8.10000002e-02, 0., 5.40000014e-02,
    1.08000003e-01, 0., 5.40000014e-02, 1.35000005e-01, 0.,
    5.40000014e-02, 1.62000000e-01, 0., 8.10000002e-02, 0., 0.,
    8.10000002e-02, 2.70000007e-02, 0., 8.10000002e-02, 5.40000014e-02,
    0., 8.10000002e-02, 8.10000002e-02, 0., 8.10000002e-02,
    1.08000003e-01, 0., 8.10000002e-02, 1.35000005e-01, 0.,
    8.10000002e-02, 1.62000000e-01, 0., 1.08000003e-01, 0., 0.,
    1.08000003e-01, 2.70000007e-02, 0., 1.08000003e-01, 5.40000014e-02,
    0., 1.08000003e-01, 8.10000002e-02, 0., 1.08000003e-01,
    1.08000003e-01, 0., 1.08000003e-01, 1.35000005e-01, 0.,
    1.08000003e-01, 1.62000000e-01, 0. ]
CalibrationFrameExtRotation: !!opencv-matrix
   rows: 3
   cols: 1
   dt: d
   data: [ -1.9431324702125916e+00, -2.1087112423380967e+00,
       -1.1039979705270189e+00 ]
CalibrationFrameExtTranslation: !!opencv-matrix
   rows: 3
   cols: 1
   dt: d
   data: [ 4.8832307731166022e-02, -2.0401179945800860e-01,
       6.3137648802363200e-01 ]
CalibrationFrameRMSerror: 3.1281900405883789e-01
