%YAML:1.0
---
CalibrationFramePatternImage: [ 4.31287964e+02, 3.26675720e+02,
    4.52555084e+02, 3.23400330e+02, 4.73495117e+02, 3.20227112e+02,
    4.93589020e+02, 3.17001404e+02, 5.13487915e+02, 3.13933197e+02,
    5.32978394e+02, 3.10984497e+02, 5.51796204e+02, 3.08114532e+02,
    4.34281036e+02, 3.51514709e+02, 4.55611572e+02, 3.47701416e+02,
    4.76259644e+02, 3.44328156e+02, 4.96661804e+02, 3.40717926e+02,
    5.16287476e+02, 3.37220856e+02, 5.35657288e+02, 3.33782349e+02,
    5.54189636e+02, 3.30904327e+02, 4.37285034e+02, 3.76140106e+02,
    4.58384003e+02, 3.71926300e+02, 4.79006348e+02, 3.67788055e+02,
    4.99106293e+02, 3.63875519e+02, 5.18970093e+02, 3.60174622e+02,
    5.38191040e+02, 3.56502167e+02, 5.56776367e+02, 3.52848907e+02,
    4.39437469e+02, 3.99922333e+02, 4.60782227e+02, 3.95572296e+02,
    4.81358978e+02, 3.91113373e+02, 5.01399261e+02, 3.87101715e+02,
    5.21309143e+02, 3.82835632e+02, 5.40861267e+02, 3.79021973e+02,
    5.59649475e+02, 3.75124878e+02, 4.42087555e+02, 4.24159821e+02,
    4.62875763e+02, 4.19192017e+02, 4.83520599e+02, 4.14511414e+02,
    5.03768311e+02, 4.09865814e+02, 5.23457275e+02, 4.05657684e+02,
    5.42917603e+02, 4.01489655e+02, 5.61835144e+02, 3.97089600e+02 ]
CalibrationFramePatternWorld: [ 0., 0., 0., 0., 2.70000007e-02, 0., 0.,
    5.40000014e-02, 0., 0., 8.10000002e-02, 0., 0., 1.08000003e-01, 0.,
    0., 1.35000005e-01, 0., 0., 1.62000000e-01, 0., 2.70000007e-02, 0.,
    0., 2.70000007e-02, 2.70000007e-02, 0., 2.70000007e-02,
    5.40000014e-02, 0., 2.70000007e-02, 8.10000002e-02, 0.,
    2.70000007e-02, 1.08000003e-01, 0., 2.70000007e-02, 1.35000005e-01,
    0., 2.70000007e-02, 1.62000000e-01, 0., 5.40000014e-02, 0., 0.,
    5.40000014e-02, 2.70000007e-02, 0., 5.40000014e-02, 5.40000014e-02,
    0., 5.40000014e-02, 8.10000002e-02, 0., 5.40000014e-02,
    1.08000003e-01, 0., 5.40000014e-02, 1.35000005e-01, 0.,
    5.40000014e-02, 1.62000000e-01, 0., 8.10000002e-02, 0., 0.,
    8.10000002e-02, 2.70000007e-02, 0., 8.10000002e-02, 5.40000014e-02,
    0., 8.10000002e-02, 8.10000002e-02, 0., 8.10000002e-02,
    1.08000003e-01, 0., 8.10000002e-02, 1.35000005e-01, 0.,
    8.10000002e-02, 1.62000000e-01, 0., 1.08000003e-01, 0., 0.,
    1.08000003e-01, 2.70000007e-02, 0., 1.08000003e-01, 5.40000014e-02,
    0., 1.08000003e-01, 8.10000002e-02, 0., 1.08000003e-01,
    1.08000003e-01, 0., 1.08000003e-01, 1.35000005e-01, 0.,
    1.08000003e-01, 1.62000000e-01, 0. ]
CalibrationFrameExtRotation: !!opencv-matrix
   rows: 3
   cols: 1
   dt: d
   data: [ 2.1363022642775671e+00, 1.9301680007530460e+00,
       2.9073635520084851e-01 ]
CalibrationFrameExtTranslation: !!opencv-matrix
   rows: 3
   cols: 1
   dt: d
   data: [ 1.1784781820675351e-01, 1.0252881701135373e-01,
       6.4434279758461510e-01 ]
CalibrationFrameRMSerror: 3.6013567447662354e-01
