%YAML:1.0
---
CalibrationFramePatternImage: [ 1.37884857e+02, 1.37942947e+02,
    1.56403320e+02, 1.41573044e+02, 1.74564087e+02, 1.45276154e+02,
    1.92584885e+02, 1.48827194e+02, 2.10528732e+02, 1.52604263e+02,
    2.28377762e+02, 1.55747406e+02, 2.45611404e+02, 1.59226166e+02,
    1.33387177e+02, 1.52435822e+02, 1.52233292e+02, 1.56525269e+02,
    1.70714233e+02, 1.60180389e+02, 1.89059036e+02, 1.63648331e+02,
    2.07285294e+02, 1.67175201e+02, 2.25089035e+02, 1.70490189e+02,
    2.42987686e+02, 1.73763397e+02, 1.28909958e+02, 1.67714828e+02,
    1.47711197e+02, 1.71407700e+02, 1.66744537e+02, 1.75243225e+02,
    1.85469711e+02, 1.78719803e+02, 2.03770905e+02, 1.81966599e+02,
    2.22321304e+02, 1.85216095e+02, 2.40156876e+02, 1.88546371e+02,
    1.24210236e+02, 1.83394272e+02, 1.43673782e+02, 1.86960037e+02,
    1.62659821e+02, 1.90671478e+02, 1.81745407e+02, 1.94086746e+02,
    2.00582901e+02, 1.97180618e+02, 2.19009323e+02, 2.00488174e+02,
    2.37465195e+02, 2.03469162e+02, 1.19678658e+02, 1.99447617e+02,
    1.39321381e+02, 2.02981277e+02, 1.58819321e+02, 2.06506256e+02,
    1.78047424e+02, 2.09488403e+02, 1.97098831e+02, 2.13123322e+02,
    2.16270477e+02, 2.16017075e+02, 2.34671021e+02, 2.19319382e+02 ]
CalibrationFramePatternWorld: [ 0., 0., 0., 0., 2.70000007e-02, 0., 0.,
    5.40000014e-02, 0., 0., 8.10000002e-02, 0., 0., 1.08000003e-01, 0.,
    0., 1.35000005e-01, 0., 0., 1.62000000e-01, 0., 2.70000007e-02, 0.,
    0., 2.70000007e-02, 2.70000007e-02, 0., 2.70000007e-02,
    5.40000014e-02, 0., 2.70000007e-02, 8.10000002e-02, 0.,
    2.70000007e-02, 1.08000003e-01, 0., 2.70000007e-02, 1.35000005e-01,
    0., 2.70000007e-02, 1.62000000e-01, 0., 5.40000014e-02, 0., 0.,
    5.40000014e-02, 2.70000007e-02, 0., 5.40000014e-02, 5.40000014e-02,
    0., 5.40000014e-02, 8.10000002e-02, 0., 5.40000014e-02,
    1.08000003e-01, 0., 5.40000014e-02, 1.35000005e-01, 0.,
    5.40000014e-02, 1.62000000e-01, 0., 8.10000002e-02, 0., 0.,
    8.10000002e-02, 2.70000007e-02, 0., 8.10000002e-02, 5.40000014e-02,
    0., 8.10000002e-02, 8.10000002e-02, 0., 8.10000002e-02,
    1.08000003e-01, 0., 8.10000002e-02, 1.35000005e-01, 0.,
    8.10000002e-02, 1.62000000e-01, 0., 1.08000003e-01, 0., 0.,
    1.08000003e-01, 2.70000007e-02, 0., 1.08000003e-01, 5.40000014e-02,
    0., 1.08000003e-01, 8.10000002e-02, 0., 1.08000003e-01,
    1.08000003e-01, 0., 1.08000003e-01, 1.35000005e-01, 0.,
    1.08000003e-01, 1.62000000e-01, 0. ]
CalibrationFrameExtRotation: !!opencv-matrix
   rows: 3
   cols: 1
   dt: d
   data: [ 1.7478322577315835e+00, 2.0119125334876991e+00,
       -2.7216610535542207e-01 ]
CalibrationFrameExtTranslation: !!opencv-matrix
   rows: 3
   cols: 1
   dt: d
   data: [ -2.7987291001919989e-01, -1.4693129275408306e-01,
       8.7426455662534108e-01 ]
CalibrationFrameRMSerror: 2.5290867686271667e-01
