%YAML:1.0
---
CalibrationFramePatternImage: [ 4.46411316e+02, 2.74161285e+02,
    4.62647278e+02, 2.71126678e+02, 4.78434601e+02, 2.68716095e+02,
    4.94109039e+02, 2.65762238e+02, 5.09599182e+02, 2.63207672e+02,
    5.24472656e+02, 2.60733459e+02, 5.39527405e+02, 2.58107391e+02,
    4.49717285e+02, 2.93120514e+02, 4.66260773e+02, 2.89880768e+02,
    4.81952454e+02, 2.87003723e+02, 4.97603516e+02, 2.84098358e+02,
    5.12904785e+02, 2.81508362e+02, 5.28336365e+02, 2.78617493e+02,
    5.42778748e+02, 2.76085846e+02, 4.53591431e+02, 3.11753967e+02,
    4.69760101e+02, 3.08696442e+02, 4.85844147e+02, 3.05477631e+02,
    5.01146515e+02, 3.02430328e+02, 5.16599487e+02, 2.99452942e+02,
    5.31693176e+02, 2.96366272e+02, 5.46627380e+02, 2.93460968e+02,
    4.57194550e+02, 3.31019135e+02, 4.73417419e+02, 3.27399384e+02,
    4.89176849e+02, 3.23876129e+02, 5.04861298e+02, 3.20618225e+02,
    5.20457825e+02, 3.17402039e+02, 5.35575623e+02, 3.14248108e+02,
    5.50476196e+02, 3.11040863e+02, 4.60964691e+02, 3.50207977e+02,
    4.76985504e+02, 3.46405548e+02, 4.93216644e+02, 3.42673706e+02,
    5.08773041e+02, 3.39058533e+02, 5.24100830e+02, 3.35590820e+02,
    5.39536011e+02, 3.32211304e+02, 5.54130310e+02, 3.28776672e+02 ]
CalibrationFramePatternWorld: [ 0., 0., 0., 0., 2.70000007e-02, 0., 0.,
    5.40000014e-02, 0., 0., 8.10000002e-02, 0., 0., 1.08000003e-01, 0.,
    0., 1.35000005e-01, 0., 0., 1.62000000e-01, 0., 2.70000007e-02, 0.,
    0., 2.70000007e-02, 2.70000007e-02, 0., 2.70000007e-02,
    5.40000014e-02, 0., 2.70000007e-02, 8.10000002e-02, 0.,
    2.70000007e-02, 1.08000003e-01, 0., 2.70000007e-02, 1.35000005e-01,
    0., 2.70000007e-02, 1.62000000e-01, 0., 5.40000014e-02, 0., 0.,
    5.40000014e-02, 2.70000007e-02, 0., 5.40000014e-02, 5.40000014e-02,
    0., 5.40000014e-02, 8.10000002e-02, 0., 5.40000014e-02,
    1.08000003e-01, 0., 5.40000014e-02, 1.35000005e-01, 0.,
    5.40000014e-02, 1.62000000e-01, 0., 8.10000002e-02, 0., 0.,
    8.10000002e-02, 2.70000007e-02, 0., 8.10000002e-02, 5.40000014e-02,
    0., 8.10000002e-02, 8.10000002e-02, 0., 8.10000002e-02,
    1.08000003e-01, 0., 8.10000002e-02, 1.35000005e-01, 0.,
    8.10000002e-02, 1.62000000e-01, 0., 1.08000003e-01, 0., 0.,
    1.08000003e-01, 2.70000007e-02, 0., 1.08000003e-01, 5.40000014e-02,
    0., 1.08000003e-01, 8.10000002e-02, 0., 1.08000003e-01,
    1.08000003e-01, 0., 1.08000003e-01, 1.35000005e-01, 0.,
    1.08000003e-01, 1.62000000e-01, 0. ]
CalibrationFrameExtRotation: !!opencv-matrix
   rows: 3
   cols: 1
   dt: d
   data: [ 2.1361174158354714e+00, 1.8306674386406856e+00,
       2.0834443684384288e-01 ]
CalibrationFrameExtTranslation: !!opencv-matrix
   rows: 3
   cols: 1
   dt: d
   data: [ 1.7109920797087297e-01, 5.5177883951153646e-02,
       8.2230498835940136e-01 ]
CalibrationFrameRMSerror: 2.2434788942337036e-01
