%YAML:1.0
---
CalibrationFramePatternImage: [ 7.18436890e+01, 1.08798813e+02,
    9.14262695e+01, 1.09396553e+02, 1.09646767e+02, 1.10155708e+02,
    1.27752106e+02, 1.10412758e+02, 1.45206558e+02, 1.10963425e+02,
    1.61370850e+02, 1.11778130e+02, 1.77432816e+02, 1.12389534e+02,
    7.13601227e+01, 1.27168968e+02, 9.05230331e+01, 1.27553307e+02,
    1.09111725e+02, 1.27645416e+02, 1.26388908e+02, 1.27708656e+02,
    1.43348312e+02, 1.27824684e+02, 1.59983765e+02, 1.28107040e+02,
    1.75730820e+02, 1.28282120e+02, 7.11295776e+01, 1.44994614e+02,
    8.96973114e+01, 1.44725647e+02, 1.07768272e+02, 1.44554428e+02,
    1.25123367e+02, 1.44156448e+02, 1.42437164e+02, 1.44005707e+02,
    1.58320053e+02, 1.43806732e+02, 1.73944031e+02, 1.43668793e+02,
    7.04883499e+01, 1.61853531e+02, 8.89263229e+01, 1.61395813e+02,
    1.06969330e+02, 1.60771179e+02, 1.24340004e+02, 1.60510590e+02,
    1.40746689e+02, 1.60203644e+02, 1.57341110e+02, 1.59821152e+02,
    1.72852829e+02, 1.59201859e+02, 7.00610886e+01, 1.78548401e+02,
    8.83847961e+01, 1.77643127e+02, 1.06178253e+02, 1.76699875e+02,
    1.23075356e+02, 1.76128540e+02, 1.39715668e+02, 1.75577438e+02,
    1.55550629e+02, 1.75206940e+02, 1.71260361e+02, 1.74141663e+02 ]
CalibrationFramePatternWorld: [ 0., 0., 0., 0., 2.70000007e-02, 0., 0.,
    5.40000014e-02, 0., 0., 8.10000002e-02, 0., 0., 1.08000003e-01, 0.,
    0., 1.35000005e-01, 0., 0., 1.62000000e-01, 0., 2.70000007e-02, 0.,
    0., 2.70000007e-02, 2.70000007e-02, 0., 2.70000007e-02,
    5.40000014e-02, 0., 2.70000007e-02, 8.10000002e-02, 0.,
    2.70000007e-02, 1.08000003e-01, 0., 2.70000007e-02, 1.35000005e-01,
    0., 2.70000007e-02, 1.62000000e-01, 0., 5.40000014e-02, 0., 0.,
    5.40000014e-02, 2.70000007e-02, 0., 5.40000014e-02, 5.40000014e-02,
    0., 5.40000014e-02, 8.10000002e-02, 0., 5.40000014e-02,
    1.08000003e-01, 0., 5.40000014e-02, 1.35000005e-01, 0.,
    5.40000014e-02, 1.62000000e-01, 0., 8.10000002e-02, 0., 0.,
    8.10000002e-02, 2.70000007e-02, 0., 8.10000002e-02, 5.40000014e-02,
    0., 8.10000002e-02, 8.10000002e-02, 0., 8.10000002e-02,
    1.08000003e-01, 0., 8.10000002e-02, 1.35000005e-01, 0.,
    8.10000002e-02, 1.62000000e-01, 0., 1.08000003e-01, 0., 0.,
    1.08000003e-01, 2.70000007e-02, 0., 1.08000003e-01, 5.40000014e-02,
    0., 1.08000003e-01, 8.10000002e-02, 0., 1.08000003e-01,
    1.08000003e-01, 0., 1.08000003e-01, 1.35000005e-01, 0.,
    1.08000003e-01, 1.62000000e-01, 0. ]
CalibrationFrameExtRotation: !!opencv-matrix
   rows: 3
   cols: 1
   dt: d
   data: [ 1.8800993498721754e+00, 1.9907925966827638e+00,
       1.2062796427566047e+00 ]
CalibrationFrameExtTranslation: !!opencv-matrix
   rows: 3
   cols: 1
   dt: d
   data: [ -3.6241356150428772e-01, -1.8309444028873378e-01,
       8.3905751093622627e-01 ]
CalibrationFrameRMSerror: 2.3777884244918823e-01
