%YAML:1.0
---
CalibrationFramePatternImage: [ 5.63300362e+01, 1.79988312e+02,
    7.52891998e+01, 1.78678528e+02, 9.40207748e+01, 1.77703720e+02,
    1.12248001e+02, 1.76440063e+02, 1.30299362e+02, 1.75579544e+02,
    1.47494492e+02, 1.74276886e+02, 1.64631073e+02, 1.73083038e+02,
    5.75445518e+01, 1.95893982e+02, 7.67870102e+01, 1.94582321e+02,
    9.52768936e+01, 1.93500229e+02, 1.13601570e+02, 1.92133682e+02,
    1.31517334e+02, 1.91004608e+02, 1.49318649e+02, 1.89707642e+02,
    1.66707535e+02, 1.88340012e+02, 5.86768417e+01, 2.11916229e+02,
    7.75530243e+01, 2.10290955e+02, 9.69258957e+01, 2.09231949e+02,
    1.15421410e+02, 2.07732956e+02, 1.33583115e+02, 2.06331375e+02,
    1.51421112e+02, 2.05156738e+02, 1.68566208e+02, 2.03407486e+02,
    5.93639641e+01, 2.27895721e+02, 7.92740784e+01, 2.26751160e+02,
    9.79168167e+01, 2.24903885e+02, 1.16561592e+02, 2.23749115e+02,
    1.34618362e+02, 2.22007797e+02, 1.52772827e+02, 2.20628220e+02,
    1.70293762e+02, 2.18763535e+02, 6.04352989e+01, 2.44334229e+02,
    7.99128723e+01, 2.42848083e+02, 9.89644775e+01, 2.41359970e+02,
    1.17978569e+02, 2.39491531e+02, 1.36488174e+02, 2.38099289e+02,
    1.54573715e+02, 2.36183502e+02, 1.72142685e+02, 2.34759491e+02 ]
CalibrationFramePatternWorld: [ 0., 0., 0., 0., 2.70000007e-02, 0., 0.,
    5.40000014e-02, 0., 0., 8.10000002e-02, 0., 0., 1.08000003e-01, 0.,
    0., 1.35000005e-01, 0., 0., 1.62000000e-01, 0., 2.70000007e-02, 0.,
    0., 2.70000007e-02, 2.70000007e-02, 0., 2.70000007e-02,
    5.40000014e-02, 0., 2.70000007e-02, 8.10000002e-02, 0.,
    2.70000007e-02, 1.08000003e-01, 0., 2.70000007e-02, 1.35000005e-01,
    0., 2.70000007e-02, 1.62000000e-01, 0., 5.40000014e-02, 0., 0.,
    5.40000014e-02, 2.70000007e-02, 0., 5.40000014e-02, 5.40000014e-02,
    0., 5.40000014e-02, 8.10000002e-02, 0., 5.40000014e-02,
    1.08000003e-01, 0., 5.40000014e-02, 1.35000005e-01, 0.,
    5.40000014e-02, 1.62000000e-01, 0., 8.10000002e-02, 0., 0.,
    8.10000002e-02, 2.70000007e-02, 0., 8.10000002e-02, 5.40000014e-02,
    0., 8.10000002e-02, 8.10000002e-02, 0., 8.10000002e-02,
    1.08000003e-01, 0., 8.10000002e-02, 1.35000005e-01, 0.,
    8.10000002e-02, 1.62000000e-01, 0., 1.08000003e-01, 0., 0.,
    1.08000003e-01, 2.70000007e-02, 0., 1.08000003e-01, 5.40000014e-02,
    0., 1.08000003e-01, 8.10000002e-02, 0., 1.08000003e-01,
    1.08000003e-01, 0., 1.08000003e-01, 1.35000005e-01, 0.,
    1.08000003e-01, 1.62000000e-01, 0. ]
CalibrationFrameExtRotation: !!opencv-matrix
   rows: 3
   cols: 1
   dt: d
   data: [ 2.0518144462853756e+00, 1.7654283742036805e+00,
       -3.8724360918330140e-02 ]
CalibrationFrameExtTranslation: !!opencv-matrix
   rows: 3
   cols: 1
   dt: d
   data: [ -4.1576672209577237e-01, -8.7064516201657782e-02,
       9.0768775577491789e-01 ]
CalibrationFrameRMSerror: 2.7939563989639282e-01
