%YAML:1.0
---
CalibrationFramePatternImage: [ 4.68016418e+02, 1.93441391e+02,
    4.83960999e+02, 1.89770386e+02, 4.99549561e+02, 1.86692612e+02,
    5.14864075e+02, 1.83313004e+02, 5.29757935e+02, 1.80041718e+02,
    5.44626648e+02, 1.77020706e+02, 5.58950317e+02, 1.73823868e+02,
    4.71549957e+02, 2.12409470e+02, 4.87714569e+02, 2.08670120e+02,
    5.03275635e+02, 2.05041138e+02, 5.18570618e+02, 2.01472076e+02,
    5.33435486e+02, 1.98191238e+02, 5.48245300e+02, 1.94670303e+02,
    5.62402771e+02, 1.91395966e+02, 4.75499023e+02, 2.31009842e+02,
    4.91382507e+02, 2.27127365e+02, 5.07063416e+02, 2.23229752e+02,
    5.22058655e+02, 2.19444061e+02, 5.37166077e+02, 2.15813232e+02,
    5.51806458e+02, 2.12224670e+02, 5.65840088e+02, 2.08582977e+02,
    4.79493896e+02, 2.49460495e+02, 4.95493683e+02, 2.45313766e+02,
    5.10499634e+02, 2.41076401e+02, 5.25613281e+02, 2.37385681e+02,
    5.40692810e+02, 2.33314423e+02, 5.55465698e+02, 2.29543793e+02,
    5.69660645e+02, 2.25652115e+02, 4.83298950e+02, 2.67581268e+02,
    4.98998993e+02, 2.63355957e+02, 5.14436096e+02, 2.59100861e+02,
    5.29560120e+02, 2.55002365e+02, 5.44108704e+02, 2.50808960e+02,
    5.58780518e+02, 2.46730804e+02, 5.73141357e+02, 2.43104034e+02 ]
CalibrationFramePatternWorld: [ 0., 0., 0., 0., 2.70000007e-02, 0., 0.,
    5.40000014e-02, 0., 0., 8.10000002e-02, 0., 0., 1.08000003e-01, 0.,
    0., 1.35000005e-01, 0., 0., 1.62000000e-01, 0., 2.70000007e-02, 0.,
    0., 2.70000007e-02, 2.70000007e-02, 0., 2.70000007e-02,
    5.40000014e-02, 0., 2.70000007e-02, 8.10000002e-02, 0.,
    2.70000007e-02, 1.08000003e-01, 0., 2.70000007e-02, 1.35000005e-01,
    0., 2.70000007e-02, 1.62000000e-01, 0., 5.40000014e-02, 0., 0.,
    5.40000014e-02, 2.70000007e-02, 0., 5.40000014e-02, 5.40000014e-02,
    0., 5.40000014e-02, 8.10000002e-02, 0., 5.40000014e-02,
    1.08000003e-01, 0., 5.40000014e-02, 1.35000005e-01, 0.,
    5.40000014e-02, 1.62000000e-01, 0., 8.10000002e-02, 0., 0.,
    8.10000002e-02, 2.70000007e-02, 0., 8.10000002e-02, 5.40000014e-02,
    0., 8.10000002e-02, 8.10000002e-02, 0., 8.10000002e-02,
    1.08000003e-01, 0., 8.10000002e-02, 1.35000005e-01, 0.,
    8.10000002e-02, 1.62000000e-01, 0., 1.08000003e-01, 0., 0.,
    1.08000003e-01, 2.70000007e-02, 0., 1.08000003e-01, 5.40000014e-02,
    0., 1.08000003e-01, 8.10000002e-02, 0., 1.08000003e-01,
    1.08000003e-01, 0., 1.08000003e-01, 1.35000005e-01, 0.,
    1.08000003e-01, 1.62000000e-01, 0. ]
CalibrationFrameExtRotation: !!opencv-matrix
   rows: 3
   cols: 1
   dt: d
   data: [ 2.2547875450811961e+00, 1.8089995385405802e+00,
       3.3827682018742383e-01 ]
CalibrationFrameExtTranslation: !!opencv-matrix
   rows: 3
   cols: 1
   dt: d
   data: [ 2.0183812080587532e-01, -5.9566644362608806e-02,
       8.2242657123592244e-01 ]
CalibrationFrameRMSerror: 2.2394122183322906e-01
