%YAML:1.0
---
CalibrationFramePatternImage: [ 2.36674042e+02, 1.48455215e+02,
    2.70308380e+02, 1.48045822e+02, 3.02770264e+02, 1.47806442e+02,
    3.33721100e+02, 1.47247665e+02, 3.63934235e+02, 1.46662430e+02,
    3.92635803e+02, 1.46612549e+02, 4.20500580e+02, 1.46479385e+02,
    2.41787552e+02, 1.75099014e+02, 2.76569000e+02, 1.74496811e+02,
    3.09631195e+02, 1.73592697e+02, 3.41757843e+02, 1.72888031e+02,
    3.72414673e+02, 1.72421646e+02, 4.01871613e+02, 1.71359070e+02,
    4.30133331e+02, 1.70931976e+02, 2.47314667e+02, 2.03338776e+02,
    2.82813934e+02, 2.02226334e+02, 3.16744476e+02, 2.01160599e+02,
    3.49403259e+02, 1.99972824e+02, 3.80999542e+02, 1.98378174e+02,
    4.11128326e+02, 1.97318329e+02, 4.40436127e+02, 1.96453171e+02,
    2.52581177e+02, 2.33298126e+02, 2.88996857e+02, 2.31888397e+02,
    3.23921844e+02, 2.30232712e+02, 3.57523895e+02, 2.28241882e+02,
    3.89900146e+02, 2.26546738e+02, 4.20851288e+02, 2.24452560e+02,
    4.50928497e+02, 2.23011063e+02, 2.57852905e+02, 2.65588409e+02,
    2.95365082e+02, 2.62976593e+02, 3.31096954e+02, 2.60596802e+02,
    3.65627869e+02, 2.58291656e+02, 3.98981140e+02, 2.55989914e+02,
    4.30884857e+02, 2.53639618e+02, 4.61714203e+02, 2.51138382e+02 ]
CalibrationFramePatternWorld: [ 0., 0., 0., 0., 2.70000007e-02, 0., 0.,
    5.40000014e-02, 0., 0., 8.10000002e-02, 0., 0., 1.08000003e-01, 0.,
    0., 1.35000005e-01, 0., 0., 1.62000000e-01, 0., 2.70000007e-02, 0.,
    0., 2.70000007e-02, 2.70000007e-02, 0., 2.70000007e-02,
    5.40000014e-02, 0., 2.70000007e-02, 8.10000002e-02, 0.,
    2.70000007e-02, 1.08000003e-01, 0., 2.70000007e-02, 1.35000005e-01,
    0., 2.70000007e-02, 1.62000000e-01, 0., 5.40000014e-02, 0., 0.,
    5.40000014e-02, 2.70000007e-02, 0., 5.40000014e-02, 5.40000014e-02,
    0., 5.40000014e-02, 8.10000002e-02, 0., 5.40000014e-02,
    1.08000003e-01, 0., 5.40000014e-02, 1.35000005e-01, 0.,
    5.40000014e-02, 1.62000000e-01, 0., 8.10000002e-02, 0., 0.,
    8.10000002e-02, 2.70000007e-02, 0., 8.10000002e-02, 5.40000014e-02,
    0., 8.10000002e-02, 8.10000002e-02, 0., 8.10000002e-02,
    1.08000003e-01, 0., 8.10000002e-02, 1.35000005e-01, 0.,
    8.10000002e-02, 1.62000000e-01, 0., 1.08000003e-01, 0., 0.,
    1.08000003e-01, 2.70000007e-02, 0., 1.08000003e-01, 5.40000014e-02,
    0., 1.08000003e-01, 8.10000002e-02, 0., 1.08000003e-01,
    1.08000003e-01, 0., 1.08000003e-01, 1.35000005e-01, 0.,
    1.08000003e-01, 1.62000000e-01, 0. ]
CalibrationFrameExtRotation: !!opencv-matrix
   rows: 3
   cols: 1
   dt: d
   data: [ 1.9190190237148512e+00, 1.6537755541372452e+00,
       -2.4023816852641700e-01 ]
CalibrationFrameExtTranslation: !!opencv-matrix
   rows: 3
   cols: 1
   dt: d
   data: [ -6.9397111132985620e-02, -6.9572578165122800e-02,
       4.5961488579442555e-01 ]
CalibrationFrameRMSerror: 3.9410853385925293e-01
