%YAML:1.0
---
CalibrationFramePatternImage: [ 3.17704887e+01, 3.31321594e+02,
    5.03437042e+01, 3.27723938e+02, 6.85557251e+01, 3.24319702e+02,
    8.66121597e+01, 3.20705994e+02, 1.04820953e+02, 3.17146942e+02,
    1.22617020e+02, 3.13669098e+02, 1.40371353e+02, 3.10119598e+02,
    3.24584732e+01, 3.48589203e+02, 5.12535896e+01, 3.45031952e+02,
    7.01457367e+01, 3.41378265e+02, 8.85309982e+01, 3.37713257e+02,
    1.06547592e+02, 3.34120270e+02, 1.24743980e+02, 3.30484711e+02,
    1.42572357e+02, 3.26894745e+02, 3.33288956e+01, 3.65974091e+02,
    5.23944740e+01, 3.62382385e+02, 7.11515198e+01, 3.58676666e+02,
    8.94967422e+01, 3.54996979e+02, 1.07883263e+02, 3.51251709e+02,
    1.26115005e+02, 3.47645416e+02, 1.44262238e+02, 3.43819366e+02,
    3.43175507e+01, 3.83750549e+02, 5.32883835e+01, 3.80043488e+02,
    7.22206573e+01, 3.76246002e+02, 9.12116699e+01, 3.72430450e+02,
    1.09530731e+02, 3.68691284e+02, 1.27777260e+02, 3.64787292e+02,
    1.45946548e+02, 3.61030914e+02, 3.51886520e+01, 4.01592499e+02,
    5.42405586e+01, 3.97970490e+02, 7.35222626e+01, 3.94094391e+02,
    9.22284393e+01, 3.90268524e+02, 1.10684036e+02, 3.86371216e+02,
    1.29420654e+02, 3.82517822e+02, 1.47811478e+02, 3.78589050e+02 ]
CalibrationFramePatternWorld: [ 0., 0., 0., 0., 2.70000007e-02, 0., 0.,
    5.40000014e-02, 0., 0., 8.10000002e-02, 0., 0., 1.08000003e-01, 0.,
    0., 1.35000005e-01, 0., 0., 1.62000000e-01, 0., 2.70000007e-02, 0.,
    0., 2.70000007e-02, 2.70000007e-02, 0., 2.70000007e-02,
    5.40000014e-02, 0., 2.70000007e-02, 8.10000002e-02, 0.,
    2.70000007e-02, 1.08000003e-01, 0., 2.70000007e-02, 1.35000005e-01,
    0., 2.70000007e-02, 1.62000000e-01, 0., 5.40000014e-02, 0., 0.,
    5.40000014e-02, 2.70000007e-02, 0., 5.40000014e-02, 5.40000014e-02,
    0., 5.40000014e-02, 8.10000002e-02, 0., 5.40000014e-02,
    1.08000003e-01, 0., 5.40000014e-02, 1.35000005e-01, 0.,
    5.40000014e-02, 1.62000000e-01, 0., 8.10000002e-02, 0., 0.,
    8.10000002e-02, 2.70000007e-02, 0., 8.10000002e-02, 5.40000014e-02,
    0., 8.10000002e-02, 8.10000002e-02, 0., 8.10000002e-02,
    1.08000003e-01, 0., 8.10000002e-02, 1.35000005e-01, 0.,
    8.10000002e-02, 1.62000000e-01, 0., 1.08000003e-01, 0., 0.,
    1.08000003e-01, 2.70000007e-02, 0., 1.08000003e-01, 5.40000014e-02,
    0., 1.08000003e-01, 8.10000002e-02, 0., 1.08000003e-01,
    1.08000003e-01, 0., 1.08000003e-01, 1.35000005e-01, 0.,
    1.08000003e-01, 1.62000000e-01, 0. ]
CalibrationFrameExtRotation: !!opencv-matrix
   rows: 3
   cols: 1
   dt: d
   data: [ 2.1689945406780073e+00, 1.7584772337363772e+00,
       -2.7257074218449268e-01 ]
CalibrationFrameExtTranslation: !!opencv-matrix
   rows: 3
   cols: 1
   dt: d
   data: [ -4.4626241293770030e-01, 1.4755494733320049e-01,
       8.9192761176923130e-01 ]
CalibrationFrameRMSerror: 2.3981764912605286e-01
