%YAML:1.0
---
CalibrationFramePatternImage: [ 2.36847244e+02, 7.11846542e+01,
    2.55131927e+02, 6.96935349e+01, 2.72742615e+02, 6.82867126e+01,
    2.90055176e+02, 6.68372040e+01, 3.06832184e+02, 6.53356628e+01,
    3.23199127e+02, 6.42870255e+01, 3.39206879e+02, 6.25149422e+01,
    2.39827713e+02, 9.10327682e+01, 2.58015594e+02, 8.92019730e+01,
    2.75418060e+02, 8.74758072e+01, 2.92749084e+02, 8.56933975e+01,
    3.09106750e+02, 8.40436935e+01, 3.25736664e+02, 8.25513000e+01,
    3.41105347e+02, 8.07842102e+01, 2.43012955e+02, 1.10217720e+02,
    2.60645630e+02, 1.08187103e+02, 2.78358246e+02, 1.06460503e+02,
    2.95255005e+02, 1.04071228e+02, 3.11595642e+02, 1.02243065e+02,
    3.27920990e+02, 1.00406616e+02, 3.43591522e+02, 9.83836060e+01,
    2.46154114e+02, 1.29197037e+02, 2.64193542e+02, 1.27054947e+02,
    2.81056549e+02, 1.24630768e+02, 2.97687653e+02, 1.22247269e+02,
    3.14221161e+02, 1.20099869e+02, 3.30302185e+02, 1.18144104e+02,
    3.45931061e+02, 1.15849693e+02, 2.49344391e+02, 1.47914825e+02,
    2.66676239e+02, 1.45329239e+02, 2.83825500e+02, 1.42808777e+02,
    3.00418396e+02, 1.40158249e+02, 3.16591431e+02, 1.37653107e+02,
    3.32441467e+02, 1.35395874e+02, 3.47910492e+02, 1.33155365e+02 ]
CalibrationFramePatternWorld: [ 0., 0., 0., 0., 2.70000007e-02, 0., 0.,
    5.40000014e-02, 0., 0., 8.10000002e-02, 0., 0., 1.08000003e-01, 0.,
    0., 1.35000005e-01, 0., 0., 1.62000000e-01, 0., 2.70000007e-02, 0.,
    0., 2.70000007e-02, 2.70000007e-02, 0., 2.70000007e-02,
    5.40000014e-02, 0., 2.70000007e-02, 8.10000002e-02, 0.,
    2.70000007e-02, 1.08000003e-01, 0., 2.70000007e-02, 1.35000005e-01,
    0., 2.70000007e-02, 1.62000000e-01, 0., 5.40000014e-02, 0., 0.,
    5.40000014e-02, 2.70000007e-02, 0., 5.40000014e-02, 5.40000014e-02,
    0., 5.40000014e-02, 8.10000002e-02, 0., 5.40000014e-02,
    1.08000003e-01, 0., 5.40000014e-02, 1.35000005e-01, 0.,
    5.40000014e-02, 1.62000000e-01, 0., 8.10000002e-02, 0., 0.,
    8.10000002e-02, 2.70000007e-02, 0., 8.10000002e-02, 5.40000014e-02,
    0., 8.10000002e-02, 8.10000002e-02, 0., 8.10000002e-02,
    1.08000003e-01, 0., 8.10000002e-02, 1.35000005e-01, 0.,
    8.10000002e-02, 1.62000000e-01, 0., 1.08000003e-01, 0., 0.,
    1.08000003e-01, 2.70000007e-02, 0., 1.08000003e-01, 5.40000014e-02,
    0., 1.08000003e-01, 8.10000002e-02, 0., 1.08000003e-01,
    1.08000003e-01, 0., 1.08000003e-01, 1.35000005e-01, 0.,
    1.08000003e-01, 1.62000000e-01, 0. ]
CalibrationFrameExtRotation: !!opencv-matrix
   rows: 3
   cols: 1
   dt: d
   data: [ 2.2196261873824117e+00, 1.8608719443320947e+00,
       6.1039361289998262e-01 ]
CalibrationFrameExtTranslation: !!opencv-matrix
   rows: 3
   cols: 1
   dt: d
   data: [ -1.2399074921317139e-01, -2.3331246399384928e-01,
       8.2290840168471402e-01 ]
CalibrationFrameRMSerror: 2.3920531570911407e-01
