%YAML:1.0
---
CalibrationFramePatternImage: [ 1.48784775e+02, 2.22526047e+02,
    1.64590622e+02, 2.19358917e+02, 1.80580353e+02, 2.16044724e+02,
    1.96631531e+02, 2.12644730e+02, 2.12917831e+02, 2.09287827e+02,
    2.29133102e+02, 2.05945999e+02, 2.45377380e+02, 2.02449432e+02,
    1.51650467e+02, 2.39422516e+02, 1.67620453e+02, 2.36270325e+02,
    1.83620590e+02, 2.32817688e+02, 1.99733887e+02, 2.29604813e+02,
    2.15699066e+02, 2.26237671e+02, 2.32212097e+02, 2.22969879e+02,
    2.48434265e+02, 2.19655090e+02, 1.54875183e+02, 2.56041016e+02,
    1.70498016e+02, 2.52742004e+02, 1.86828598e+02, 2.49604980e+02,
    2.02757538e+02, 2.46289505e+02, 2.18909912e+02, 2.43204269e+02,
    2.35413284e+02, 2.39891190e+02, 2.51596909e+02, 2.36581482e+02,
    1.57778931e+02, 2.72630157e+02, 1.74040787e+02, 2.69485931e+02,
    1.90067184e+02, 2.66457336e+02, 2.06235458e+02, 2.63125488e+02,
    2.22148285e+02, 2.59961273e+02, 2.38510742e+02, 2.56771606e+02,
    2.54565903e+02, 2.53500900e+02, 1.61588562e+02, 2.89254456e+02,
    1.77354416e+02, 2.86128967e+02, 1.93414185e+02, 2.83150024e+02,
    2.09383667e+02, 2.79689209e+02, 2.25583694e+02, 2.76704651e+02,
    2.41775726e+02, 2.73542114e+02, 2.58245758e+02, 2.70326996e+02 ]
CalibrationFramePatternWorld: [ 0., 0., 0., 0., 2.70000007e-02, 0., 0.,
    5.40000014e-02, 0., 0., 8.10000002e-02, 0., 0., 1.08000003e-01, 0.,
    0., 1.35000005e-01, 0., 0., 1.62000000e-01, 0., 2.70000007e-02, 0.,
    0., 2.70000007e-02, 2.70000007e-02, 0., 2.70000007e-02,
    5.40000014e-02, 0., 2.70000007e-02, 8.10000002e-02, 0.,
    2.70000007e-02, 1.08000003e-01, 0., 2.70000007e-02, 1.35000005e-01,
    0., 2.70000007e-02, 1.62000000e-01, 0., 5.40000014e-02, 0., 0.,
    5.40000014e-02, 2.70000007e-02, 0., 5.40000014e-02, 5.40000014e-02,
    0., 5.40000014e-02, 8.10000002e-02, 0., 5.40000014e-02,
    1.08000003e-01, 0., 5.40000014e-02, 1.35000005e-01, 0.,
    5.40000014e-02, 1.62000000e-01, 0., 8.10000002e-02, 0., 0.,
    8.10000002e-02, 2.70000007e-02, 0., 8.10000002e-02, 5.40000014e-02,
    0., 8.10000002e-02, 8.10000002e-02, 0., 8.10000002e-02,
    1.08000003e-01, 0., 8.10000002e-02, 1.35000005e-01, 0.,
    8.10000002e-02, 1.62000000e-01, 0., 1.08000003e-01, 0., 0.,
    1.08000003e-01, 2.70000007e-02, 0., 1.08000003e-01, 5.40000014e-02,
    0., 1.08000003e-01, 8.10000002e-02, 0., 1.08000003e-01,
    1.08000003e-01, 0., 1.08000003e-01, 1.35000005e-01, 0.,
    1.08000003e-01, 1.62000000e-01, 0. ]
CalibrationFrameExtRotation: !!opencv-matrix
   rows: 3
   cols: 1
   dt: d
   data: [ -2.3347826237763254e+00, -1.9199245695643432e+00,
       1.9873978703857517e-01 ]
CalibrationFrameExtTranslation: !!opencv-matrix
   rows: 3
   cols: 1
   dt: d
   data: [ -2.7982057836538088e-01, -2.0383666786666754e-02,
       9.2828878251322555e-01 ]
CalibrationFrameRMSerror: 2.5395646691322327e-01
