%YAML:1.0
---
CalibrationFramePatternImage: [ 5.19907036e+01, 3.63591125e+02,
    7.19047775e+01, 3.58181702e+02, 9.10496597e+01, 3.53370087e+02,
    1.09543655e+02, 3.48348602e+02, 1.27433098e+02, 3.43377197e+02,
    1.44631027e+02, 3.38743134e+02, 1.61403687e+02, 3.33942810e+02,
    5.68903961e+01, 3.80040436e+02, 7.68915329e+01, 3.74701202e+02,
    9.63469543e+01, 3.69364441e+02, 1.14874870e+02, 3.64046600e+02,
    1.32825928e+02, 3.58962402e+02, 1.50381134e+02, 3.53924622e+02,
    1.67126907e+02, 3.49078308e+02, 6.17046928e+01, 3.97029816e+02,
    8.18271942e+01, 3.91197937e+02, 1.01455109e+02, 3.85697937e+02,
    1.20236870e+02, 3.80212280e+02, 1.38367477e+02, 3.74774811e+02,
    1.55902618e+02, 3.69419861e+02, 1.72956512e+02, 3.64106720e+02,
    6.63800049e+01, 4.14482361e+02, 8.69030991e+01, 4.08383240e+02,
    1.06441483e+02, 4.02536499e+02, 1.25525314e+02, 3.96633606e+02,
    1.43839462e+02, 3.90748505e+02, 1.61573761e+02, 3.85253937e+02,
    1.78697540e+02, 3.79637604e+02, 7.11269836e+01, 4.32486359e+02,
    9.17324600e+01, 4.26149170e+02, 1.11555840e+02, 4.19779968e+02,
    1.30771103e+02, 4.13513092e+02, 1.49323608e+02, 4.07496857e+02,
    1.67279770e+02, 4.01462311e+02, 1.84473297e+02, 3.95658508e+02 ]
CalibrationFramePatternWorld: [ 0., 0., 0., 0., 2.70000007e-02, 0., 0.,
    5.40000014e-02, 0., 0., 8.10000002e-02, 0., 0., 1.08000003e-01, 0.,
    0., 1.35000005e-01, 0., 0., 1.62000000e-01, 0., 2.70000007e-02, 0.,
    0., 2.70000007e-02, 2.70000007e-02, 0., 2.70000007e-02,
    5.40000014e-02, 0., 2.70000007e-02, 8.10000002e-02, 0.,
    2.70000007e-02, 1.08000003e-01, 0., 2.70000007e-02, 1.35000005e-01,
    0., 2.70000007e-02, 1.62000000e-01, 0., 5.40000014e-02, 0., 0.,
    5.40000014e-02, 2.70000007e-02, 0., 5.40000014e-02, 5.40000014e-02,
    0., 5.40000014e-02, 8.10000002e-02, 0., 5.40000014e-02,
    1.08000003e-01, 0., 5.40000014e-02, 1.35000005e-01, 0.,
    5.40000014e-02, 1.62000000e-01, 0., 8.10000002e-02, 0., 0.,
    8.10000002e-02, 2.70000007e-02, 0., 8.10000002e-02, 5.40000014e-02,
    0., 8.10000002e-02, 8.10000002e-02, 0., 8.10000002e-02,
    1.08000003e-01, 0., 8.10000002e-02, 1.35000005e-01, 0.,
    8.10000002e-02, 1.62000000e-01, 0., 1.08000003e-01, 0., 0.,
    1.08000003e-01, 2.70000007e-02, 0., 1.08000003e-01, 5.40000014e-02,
    0., 1.08000003e-01, 8.10000002e-02, 0., 1.08000003e-01,
    1.08000003e-01, 0., 1.08000003e-01, 1.35000005e-01, 0.,
    1.08000003e-01, 1.62000000e-01, 0. ]
CalibrationFrameExtRotation: !!opencv-matrix
   rows: 3
   cols: 1
   dt: d
   data: [ 1.9641256953769184e+00, 1.3658843481810428e+00,
       -3.7163302912446385e-02 ]
CalibrationFrameExtTranslation: !!opencv-matrix
   rows: 3
   cols: 1
   dt: d
   data: [ -3.9395561261464040e-01, 1.8681483580692379e-01,
       8.4558957234905507e-01 ]
CalibrationFrameRMSerror: 2.4995854496955872e-01
