%YAML:1.0
---
CalibrationFramePatternImage: [ 3.26224579e+02, 3.16482605e+02,
    3.42591644e+02, 3.09989380e+02, 3.58670135e+02, 3.03601562e+02,
    3.74400024e+02, 2.97483643e+02, 3.89611603e+02, 2.91513885e+02,
    4.04424469e+02, 2.85670258e+02, 4.19277008e+02, 2.79908081e+02,
    3.29703125e+02, 3.33834717e+02, 3.45937744e+02, 3.27009003e+02,
    3.62126404e+02, 3.20503357e+02, 3.77327240e+02, 3.14036346e+02,
    3.92316223e+02, 3.08092499e+02, 4.07337555e+02, 3.01880280e+02,
    4.21796204e+02, 2.96080231e+02, 3.33479248e+02, 3.50575989e+02,
    3.49425751e+02, 3.43535217e+02, 3.65009918e+02, 3.36747650e+02,
    3.80318848e+02, 3.30185883e+02, 3.95376312e+02, 3.24099396e+02,
    4.10000305e+02, 3.17950165e+02, 4.24148224e+02, 3.12018890e+02,
    3.36765869e+02, 3.66663147e+02, 3.52606049e+02, 3.59526123e+02,
    3.67958832e+02, 3.52385742e+02, 3.83050201e+02, 3.45747772e+02,
    3.98199219e+02, 3.39687988e+02, 4.12681854e+02, 3.33625763e+02,
    4.27125763e+02, 3.27607056e+02, 3.39829132e+02, 3.82331024e+02,
    3.55499817e+02, 3.74921387e+02, 3.71000488e+02, 3.68125214e+02,
    3.85892456e+02, 3.60842468e+02, 4.00736420e+02, 3.54755859e+02,
    4.15223206e+02, 3.48023865e+02, 4.29350525e+02, 3.42375610e+02 ]
CalibrationFramePatternWorld: [ 0., 0., 0., 0., 2.70000007e-02, 0., 0.,
    5.40000014e-02, 0., 0., 8.10000002e-02, 0., 0., 1.08000003e-01, 0.,
    0., 1.35000005e-01, 0., 0., 1.62000000e-01, 0., 2.70000007e-02, 0.,
    0., 2.70000007e-02, 2.70000007e-02, 0., 2.70000007e-02,
    5.40000014e-02, 0., 2.70000007e-02, 8.10000002e-02, 0.,
    2.70000007e-02, 1.08000003e-01, 0., 2.70000007e-02, 1.35000005e-01,
    0., 2.70000007e-02, 1.62000000e-01, 0., 5.40000014e-02, 0., 0.,
    5.40000014e-02, 2.70000007e-02, 0., 5.40000014e-02, 5.40000014e-02,
    0., 5.40000014e-02, 8.10000002e-02, 0., 5.40000014e-02,
    1.08000003e-01, 0., 5.40000014e-02, 1.35000005e-01, 0.,
    5.40000014e-02, 1.62000000e-01, 0., 8.10000002e-02, 0., 0.,
    8.10000002e-02, 2.70000007e-02, 0., 8.10000002e-02, 5.40000014e-02,
    0., 8.10000002e-02, 8.10000002e-02, 0., 8.10000002e-02,
    1.08000003e-01, 0., 8.10000002e-02, 1.35000005e-01, 0.,
    8.10000002e-02, 1.62000000e-01, 0., 1.08000003e-01, 0., 0.,
    1.08000003e-01, 2.70000007e-02, 0., 1.08000003e-01, 5.40000014e-02,
    0., 1.08000003e-01, 8.10000002e-02, 0., 1.08000003e-01,
    1.08000003e-01, 0., 1.08000003e-01, 1.35000005e-01, 0.,
    1.08000003e-01, 1.62000000e-01, 0. ]
CalibrationFrameExtRotation: !!opencv-matrix
   rows: 3
   cols: 1
   dt: d
   data: [ 2.3184924183543951e+00, 1.7809011944327833e+00,
       7.1608876776531294e-01 ]
CalibrationFrameExtTranslation: !!opencv-matrix
   rows: 3
   cols: 1
   dt: d
   data: [ 1.4488948833992201e-03, 1.1600501483787376e-01,
       8.2413001787105711e-01 ]
CalibrationFrameRMSerror: 3.1239512562751770e-01
