%YAML:1.0
---
CalibrationFramePatternImage: [ 3.93635979e+01, 2.64461548e+02,
    5.69026985e+01, 2.70614441e+02, 7.40834427e+01, 2.76728058e+02,
    9.10228882e+01, 2.82660431e+02, 1.07763832e+02, 2.88515930e+02,
    1.24498024e+02, 2.94319550e+02, 1.40734100e+02, 2.99983124e+02,
    3.13888245e+01, 2.80753235e+02, 4.92915421e+01, 2.86915344e+02,
    6.65495148e+01, 2.92838745e+02, 8.37680206e+01, 2.98792450e+02,
    1.00762718e+02, 3.04585419e+02, 1.17503685e+02, 3.10461182e+02,
    1.34197601e+02, 3.16112213e+02, 2.37269020e+01, 2.97258728e+02,
    4.16981010e+01, 3.03206696e+02, 5.91822510e+01, 3.09305267e+02,
    7.66015320e+01, 3.15116760e+02, 9.36516266e+01, 3.20735107e+02,
    1.10673553e+02, 3.26463867e+02, 1.27441818e+02, 3.31961731e+02,
    1.57580090e+01, 3.13641724e+02, 3.40003929e+01, 3.19679840e+02,
    5.17192192e+01, 3.25535797e+02, 6.92540359e+01, 3.31383484e+02,
    8.67234573e+01, 3.36944061e+02, 1.03628105e+02, 3.42653015e+02,
    1.20576805e+02, 3.48220795e+02, 8.15133286e+00, 3.30332367e+02,
    2.63250942e+01, 3.36382355e+02, 4.42475319e+01, 3.42341766e+02,
    6.20399284e+01, 3.47904663e+02, 7.94905548e+01, 3.53622040e+02,
    9.66895523e+01, 3.59107513e+02, 1.13673668e+02, 3.64508484e+02 ]
CalibrationFramePatternWorld: [ 0., 0., 0., 0., 2.70000007e-02, 0., 0.,
    5.40000014e-02, 0., 0., 8.10000002e-02, 0., 0., 1.08000003e-01, 0.,
    0., 1.35000005e-01, 0., 0., 1.62000000e-01, 0., 2.70000007e-02, 0.,
    0., 2.70000007e-02, 2.70000007e-02, 0., 2.70000007e-02,
    5.40000014e-02, 0., 2.70000007e-02, 8.10000002e-02, 0.,
    2.70000007e-02, 1.08000003e-01, 0., 2.70000007e-02, 1.35000005e-01,
    0., 2.70000007e-02, 1.62000000e-01, 0., 5.40000014e-02, 0., 0.,
    5.40000014e-02, 2.70000007e-02, 0., 5.40000014e-02, 5.40000014e-02,
    0., 5.40000014e-02, 8.10000002e-02, 0., 5.40000014e-02,
    1.08000003e-01, 0., 5.40000014e-02, 1.35000005e-01, 0.,
    5.40000014e-02, 1.62000000e-01, 0., 8.10000002e-02, 0., 0.,
    8.10000002e-02, 2.70000007e-02, 0., 8.10000002e-02, 5.40000014e-02,
    0., 8.10000002e-02, 8.10000002e-02, 0., 8.10000002e-02,
    1.08000003e-01, 0., 8.10000002e-02, 1.35000005e-01, 0.,
    8.10000002e-02, 1.62000000e-01, 0., 1.08000003e-01, 0., 0.,
    1.08000003e-01, 2.70000007e-02, 0., 1.08000003e-01, 5.40000014e-02,
    0., 1.08000003e-01, 8.10000002e-02, 0., 1.08000003e-01,
    1.08000003e-01, 0., 1.08000003e-01, 1.35000005e-01, 0.,
    1.08000003e-01, 1.62000000e-01, 0. ]
CalibrationFrameExtRotation: !!opencv-matrix
   rows: 3
   cols: 1
   dt: d
   data: [ 1.6071909820705503e+00, 2.3224261035523583e+00,
       5.4712814867004134e-02 ]
CalibrationFrameExtTranslation: !!opencv-matrix
   rows: 3
   cols: 1
   dt: d
   data: [ -4.4353382816270942e-01, 4.5753900432862121e-02,
       9.0884393388252460e-01 ]
CalibrationFrameRMSerror: 1.7659822106361389e-01
