%YAML:1.0
---
CalibrationFramePatternImage: [ 2.83171173e+02, 1.34213730e+02,
    3.00531555e+02, 1.39551285e+02, 3.17667816e+02, 1.45241348e+02,
    3.34719391e+02, 1.50416153e+02, 3.51507874e+02, 1.56180405e+02,
    3.68390594e+02, 1.61179611e+02, 3.84713593e+02, 1.66309357e+02,
    2.78770630e+02, 1.48941193e+02, 2.96355072e+02, 1.54567474e+02,
    3.13722839e+02, 1.59847137e+02, 3.30904327e+02, 1.65346817e+02,
    3.48207855e+02, 1.70806686e+02, 3.65108002e+02, 1.75813568e+02,
    3.81828278e+02, 1.80922989e+02, 2.74232391e+02, 1.64167404e+02,
    2.92075409e+02, 1.69482544e+02, 3.09653564e+02, 1.75182602e+02,
    3.27383423e+02, 1.80300903e+02, 3.44714020e+02, 1.85529358e+02,
    3.61933502e+02, 1.90719315e+02, 3.79132233e+02, 1.95826294e+02,
    2.69875580e+02, 1.79399689e+02, 2.87864044e+02, 1.85031250e+02,
    3.05772034e+02, 1.90454514e+02, 3.23522339e+02, 1.95800797e+02,
    3.41400360e+02, 2.00965378e+02, 3.58682404e+02, 2.06201111e+02,
    3.76226624e+02, 2.10773499e+02, 2.65075256e+02, 1.95313446e+02,
    2.83525452e+02, 2.00805511e+02, 3.01741425e+02, 2.06346512e+02,
    3.19694489e+02, 2.11481033e+02, 3.37687256e+02, 2.16630646e+02,
    3.55676147e+02, 2.21747528e+02, 3.73349792e+02, 2.26696243e+02 ]
CalibrationFramePatternWorld: [ 0., 0., 0., 0., 2.70000007e-02, 0., 0.,
    5.40000014e-02, 0., 0., 8.10000002e-02, 0., 0., 1.08000003e-01, 0.,
    0., 1.35000005e-01, 0., 0., 1.62000000e-01, 0., 2.70000007e-02, 0.,
    0., 2.70000007e-02, 2.70000007e-02, 0., 2.70000007e-02,
    5.40000014e-02, 0., 2.70000007e-02, 8.10000002e-02, 0.,
    2.70000007e-02, 1.08000003e-01, 0., 2.70000007e-02, 1.35000005e-01,
    0., 2.70000007e-02, 1.62000000e-01, 0., 5.40000014e-02, 0., 0.,
    5.40000014e-02, 2.70000007e-02, 0., 5.40000014e-02, 5.40000014e-02,
    0., 5.40000014e-02, 8.10000002e-02, 0., 5.40000014e-02,
    1.08000003e-01, 0., 5.40000014e-02, 1.35000005e-01, 0.,
    5.40000014e-02, 1.62000000e-01, 0., 8.10000002e-02, 0., 0.,
    8.10000002e-02, 2.70000007e-02, 0., 8.10000002e-02, 5.40000014e-02,
    0., 8.10000002e-02, 8.10000002e-02, 0., 8.10000002e-02,
    1.08000003e-01, 0., 8.10000002e-02, 1.35000005e-01, 0.,
    8.10000002e-02, 1.62000000e-01, 0., 1.08000003e-01, 0., 0.,
    1.08000003e-01, 2.70000007e-02, 0., 1.08000003e-01, 5.40000014e-02,
    0., 1.08000003e-01, 8.10000002e-02, 0., 1.08000003e-01,
    1.08000003e-01, 0., 1.08000003e-01, 1.35000005e-01, 0.,
    1.08000003e-01, 1.62000000e-01, 0. ]
CalibrationFrameExtRotation: !!opencv-matrix
   rows: 3
   cols: 1
   dt: d
   data: [ 1.6479821282992315e+00, 2.1386116496806951e+00,
       -2.4038173153187617e-01 ]
CalibrationFrameExtTranslation: !!opencv-matrix
   rows: 3
   cols: 1
   dt: d
   data: [ -6.2819055877169766e-02, -1.5247953019693117e-01,
       8.7125326727599639e-01 ]
CalibrationFrameRMSerror: 2.4341531097888947e-01
