%YAML:1.0
---
CalibrationFramePatternImage: [ 2.76371613e+02, 2.63955688e+02,
    2.92972900e+02, 2.68244019e+02, 3.09551453e+02, 2.72709229e+02,
    3.26284882e+02, 2.76820984e+02, 3.42661560e+02, 2.81309937e+02,
    3.59407227e+02, 2.85495544e+02, 3.75800110e+02, 2.89804230e+02,
    2.71539917e+02, 2.80417114e+02, 2.88350647e+02, 2.84941650e+02,
    3.05020050e+02, 2.89219208e+02, 3.21778595e+02, 2.93686981e+02,
    3.38449310e+02, 2.97787384e+02, 3.55039856e+02, 3.02305206e+02,
    3.71558563e+02, 3.06539886e+02, 2.66959015e+02, 2.97209229e+02,
    2.83816925e+02, 3.01442993e+02, 3.00565063e+02, 3.05981659e+02,
    3.17343719e+02, 3.10112244e+02, 3.33957794e+02, 3.14598419e+02,
    3.50923798e+02, 3.18839355e+02, 3.67346161e+02, 3.23382111e+02,
    2.61999451e+02, 3.13578339e+02, 2.79111847e+02, 3.18335754e+02,
    2.95878052e+02, 3.22384491e+02, 3.12728882e+02, 3.27038544e+02,
    3.29642365e+02, 3.31236206e+02, 3.46458801e+02, 3.35870789e+02,
    3.63104004e+02, 3.40013611e+02, 2.57243896e+02, 3.30469391e+02,
    2.74510132e+02, 3.35027466e+02, 2.91332092e+02, 3.39531616e+02,
    3.08243286e+02, 3.43659882e+02, 3.25090546e+02, 3.48308868e+02,
    3.41940369e+02, 3.52554657e+02, 3.58595123e+02, 3.57325531e+02 ]
CalibrationFramePatternWorld: [ 0., 0., 0., 0., 2.70000007e-02, 0., 0.,
    5.40000014e-02, 0., 0., 8.10000002e-02, 0., 0., 1.08000003e-01, 0.,
    0., 1.35000005e-01, 0., 0., 1.62000000e-01, 0., 2.70000007e-02, 0.,
    0., 2.70000007e-02, 2.70000007e-02, 0., 2.70000007e-02,
    5.40000014e-02, 0., 2.70000007e-02, 8.10000002e-02, 0.,
    2.70000007e-02, 1.08000003e-01, 0., 2.70000007e-02, 1.35000005e-01,
    0., 2.70000007e-02, 1.62000000e-01, 0., 5.40000014e-02, 0., 0.,
    5.40000014e-02, 2.70000007e-02, 0., 5.40000014e-02, 5.40000014e-02,
    0., 5.40000014e-02, 8.10000002e-02, 0., 5.40000014e-02,
    1.08000003e-01, 0., 5.40000014e-02, 1.35000005e-01, 0.,
    5.40000014e-02, 1.62000000e-01, 0., 8.10000002e-02, 0., 0.,
    8.10000002e-02, 2.70000007e-02, 0., 8.10000002e-02, 5.40000014e-02,
    0., 8.10000002e-02, 8.10000002e-02, 0., 8.10000002e-02,
    1.08000003e-01, 0., 8.10000002e-02, 1.35000005e-01, 0.,
    8.10000002e-02, 1.62000000e-01, 0., 1.08000003e-01, 0., 0.,
    1.08000003e-01, 2.70000007e-02, 0., 1.08000003e-01, 5.40000014e-02,
    0., 1.08000003e-01, 8.10000002e-02, 0., 1.08000003e-01,
    1.08000003e-01, 0., 1.08000003e-01, 1.35000005e-01, 0.,
    1.08000003e-01, 1.62000000e-01, 0. ]
CalibrationFrameExtRotation: !!opencv-matrix
   rows: 3
   cols: 1
   dt: d
   data: [ 1.8506930364603753e+00, 2.4086157926908798e+00,
       -9.5463194072291965e-02 ]
CalibrationFrameExtTranslation: !!opencv-matrix
   rows: 3
   cols: 1
   dt: d
   data: [ -7.6656441535566666e-02, 4.4661100953776990e-02,
       9.1312807823667907e-01 ]
CalibrationFrameRMSerror: 1.8215732276439667e-01
