%YAML:1.0
---
CalibrationFramePatternImage: [ 1.43846466e+02, 1.97591080e+02,
    1.60487549e+02, 2.01564499e+02, 1.76752258e+02, 2.05961487e+02,
    1.93428574e+02, 2.09886414e+02, 2.09762756e+02, 2.14035599e+02,
    2.26518997e+02, 2.18116745e+02, 2.42850266e+02, 2.22263885e+02,
    1.36980255e+02, 2.11198380e+02, 1.53711899e+02, 2.15639786e+02,
    1.70580658e+02, 2.19702866e+02, 1.87317017e+02, 2.24106201e+02,
    2.04138458e+02, 2.28175217e+02, 2.20778961e+02, 2.32273254e+02,
    2.37693405e+02, 2.36347687e+02, 1.30187714e+02, 2.25417053e+02,
    1.47149994e+02, 2.29511124e+02, 1.64055878e+02, 2.34228241e+02,
    1.81119049e+02, 2.38252182e+02, 1.98129196e+02, 2.42406906e+02,
    2.15206497e+02, 2.46570831e+02, 2.32276718e+02, 2.50636032e+02,
    1.23000809e+02, 2.39665237e+02, 1.40243713e+02, 2.44161789e+02,
    1.57479172e+02, 2.48618561e+02, 1.74919678e+02, 2.52858475e+02,
    1.92219376e+02, 2.56950684e+02, 2.09419907e+02, 2.61327148e+02,
    2.26786087e+02, 2.65277466e+02, 1.15740417e+02, 2.54835312e+02,
    1.33430862e+02, 2.59156677e+02, 1.50801285e+02, 2.63822632e+02,
    1.68512375e+02, 2.67749023e+02, 1.85999924e+02, 2.72314362e+02,
    2.03622360e+02, 2.76306854e+02, 2.21207596e+02, 2.80621460e+02 ]
CalibrationFramePatternWorld: [ 0., 0., 0., 0., 2.70000007e-02, 0., 0.,
    5.40000014e-02, 0., 0., 8.10000002e-02, 0., 0., 1.08000003e-01, 0.,
    0., 1.35000005e-01, 0., 0., 1.62000000e-01, 0., 2.70000007e-02, 0.,
    0., 2.70000007e-02, 2.70000007e-02, 0., 2.70000007e-02,
    5.40000014e-02, 0., 2.70000007e-02, 8.10000002e-02, 0.,
    2.70000007e-02, 1.08000003e-01, 0., 2.70000007e-02, 1.35000005e-01,
    0., 2.70000007e-02, 1.62000000e-01, 0., 5.40000014e-02, 0., 0.,
    5.40000014e-02, 2.70000007e-02, 0., 5.40000014e-02, 5.40000014e-02,
    0., 5.40000014e-02, 8.10000002e-02, 0., 5.40000014e-02,
    1.08000003e-01, 0., 5.40000014e-02, 1.35000005e-01, 0.,
    5.40000014e-02, 1.62000000e-01, 0., 8.10000002e-02, 0., 0.,
    8.10000002e-02, 2.70000007e-02, 0., 8.10000002e-02, 5.40000014e-02,
    0., 8.10000002e-02, 8.10000002e-02, 0., 8.10000002e-02,
    1.08000003e-01, 0., 8.10000002e-02, 1.35000005e-01, 0.,
    8.10000002e-02, 1.62000000e-01, 0., 1.08000003e-01, 0., 0.,
    1.08000003e-01, 2.70000007e-02, 0., 1.08000003e-01, 5.40000014e-02,
    0., 1.08000003e-01, 8.10000002e-02, 0., 1.08000003e-01,
    1.08000003e-01, 0., 1.08000003e-01, 1.35000005e-01, 0.,
    1.08000003e-01, 1.62000000e-01, 0. ]
CalibrationFrameExtRotation: !!opencv-matrix
   rows: 3
   cols: 1
   dt: d
   data: [ 1.6467761340603486e+00, 2.1272099686778740e+00,
       -4.9786860076541456e-01 ]
CalibrationFrameExtTranslation: !!opencv-matrix
   rows: 3
   cols: 1
   dt: d
   data: [ -2.8685777720409261e-01, -6.0351287672488450e-02,
       9.2531949456358153e-01 ]
CalibrationFrameRMSerror: 2.1430400013923645e-01
