%YAML:1.0
---
CalibrationFramePatternImage: [ 4.31215515e+02, 3.06415070e+02,
    4.52196472e+02, 3.11992706e+02, 4.73144836e+02, 3.17285034e+02,
    4.93589203e+02, 3.22778076e+02, 5.13721436e+02, 3.27858185e+02,
    5.33730896e+02, 3.32990509e+02, 5.53243774e+02, 3.37961884e+02,
    4.22768066e+02, 3.27016541e+02, 4.43960968e+02, 3.31809387e+02,
    4.64573212e+02, 3.37177856e+02, 4.84876801e+02, 3.42260437e+02,
    5.04768951e+02, 3.47140411e+02, 5.24548706e+02, 3.52307556e+02,
    5.43778320e+02, 3.56411163e+02, 4.14858734e+02, 3.46765747e+02,
    4.35488953e+02, 3.51508057e+02, 4.56112427e+02, 3.56467316e+02,
    4.76176147e+02, 3.61138794e+02, 4.95786835e+02, 3.65969849e+02,
    5.15479919e+02, 3.70343109e+02, 5.34613037e+02, 3.75200287e+02,
    4.06790192e+02, 3.65304047e+02, 4.27460846e+02, 3.70351685e+02,
    4.47654327e+02, 3.74645996e+02, 4.67654724e+02, 3.79058228e+02,
    4.87453461e+02, 3.84073547e+02, 5.07043488e+02, 3.88456390e+02,
    5.26366150e+02, 3.93117584e+02, 3.99412689e+02, 3.84255859e+02,
    4.19512665e+02, 3.88607178e+02, 4.39712616e+02, 3.92989410e+02,
    4.59849121e+02, 3.97407532e+02, 4.79397217e+02, 4.01817017e+02,
    4.98575012e+02, 4.06016388e+02, 5.17571350e+02, 4.10374176e+02 ]
CalibrationFramePatternWorld: [ 0., 0., 0., 0., 2.70000007e-02, 0., 0.,
    5.40000014e-02, 0., 0., 8.10000002e-02, 0., 0., 1.08000003e-01, 0.,
    0., 1.35000005e-01, 0., 0., 1.62000000e-01, 0., 2.70000007e-02, 0.,
    0., 2.70000007e-02, 2.70000007e-02, 0., 2.70000007e-02,
    5.40000014e-02, 0., 2.70000007e-02, 8.10000002e-02, 0.,
    2.70000007e-02, 1.08000003e-01, 0., 2.70000007e-02, 1.35000005e-01,
    0., 2.70000007e-02, 1.62000000e-01, 0., 5.40000014e-02, 0., 0.,
    5.40000014e-02, 2.70000007e-02, 0., 5.40000014e-02, 5.40000014e-02,
    0., 5.40000014e-02, 8.10000002e-02, 0., 5.40000014e-02,
    1.08000003e-01, 0., 5.40000014e-02, 1.35000005e-01, 0.,
    5.40000014e-02, 1.62000000e-01, 0., 8.10000002e-02, 0., 0.,
    8.10000002e-02, 2.70000007e-02, 0., 8.10000002e-02, 5.40000014e-02,
    0., 8.10000002e-02, 8.10000002e-02, 0., 8.10000002e-02,
    1.08000003e-01, 0., 8.10000002e-02, 1.35000005e-01, 0.,
    8.10000002e-02, 1.62000000e-01, 0., 1.08000003e-01, 0., 0.,
    1.08000003e-01, 2.70000007e-02, 0., 1.08000003e-01, 5.40000014e-02,
    0., 1.08000003e-01, 8.10000002e-02, 0., 1.08000003e-01,
    1.08000003e-01, 0., 1.08000003e-01, 1.35000005e-01, 0.,
    1.08000003e-01, 1.62000000e-01, 0. ]
CalibrationFrameExtRotation: !!opencv-matrix
   rows: 3
   cols: 1
   dt: d
   data: [ -1.7750777577108781e+00, -2.3934663835595327e+00,
       -4.9934940530939476e-01 ]
CalibrationFrameExtTranslation: !!opencv-matrix
   rows: 3
   cols: 1
   dt: d
   data: [ 1.2267063475424309e-01, 8.3296722027102407e-02,
       6.7315985465327277e-01 ]
CalibrationFrameRMSerror: 2.6328706741333008e-01
