%YAML:1.0
---
CalibrationFramePatternImage: [ 1.31514313e+02, 3.85002861e+01,
    1.48775070e+02, 3.95955925e+01, 1.66173035e+02, 4.07983246e+01,
    1.82664291e+02, 4.15006180e+01, 2.00009445e+02, 4.27335052e+01,
    2.17297379e+02, 4.36585388e+01, 2.33957703e+02, 4.45031013e+01,
    1.30441803e+02, 5.54893112e+01, 1.47537170e+02, 5.65167122e+01,
    1.64417145e+02, 5.76160316e+01, 1.81778900e+02, 5.88247719e+01,
    1.98857712e+02, 5.96240616e+01, 2.15762115e+02, 6.08221703e+01,
    2.33082825e+02, 6.19149361e+01, 1.28802582e+02, 7.20675507e+01,
    1.46087662e+02, 7.34377594e+01, 1.63632233e+02, 7.44637527e+01,
    1.80503891e+02, 7.56926575e+01, 1.97495148e+02, 7.67866898e+01,
    2.14682922e+02, 7.76309586e+01, 2.31953400e+02, 7.89076080e+01,
    1.27683258e+02, 8.89272079e+01, 1.45180542e+02, 9.01400223e+01,
    1.61922653e+02, 9.15420761e+01, 1.79301361e+02, 9.23460007e+01,
    1.96356049e+02, 9.36472015e+01, 2.13275345e+02, 9.47043610e+01,
    2.30246292e+02, 9.55357132e+01, 1.26519379e+02, 1.05673996e+02,
    1.43532623e+02, 1.06884155e+02, 1.60752884e+02, 1.08095879e+02,
    1.77928329e+02, 1.09472824e+02, 1.94734085e+02, 1.10340591e+02,
    2.11909302e+02, 1.11699440e+02, 2.29081329e+02, 1.12705002e+02 ]
CalibrationFramePatternWorld: [ 0., 0., 0., 0., 2.70000007e-02, 0., 0.,
    5.40000014e-02, 0., 0., 8.10000002e-02, 0., 0., 1.08000003e-01, 0.,
    0., 1.35000005e-01, 0., 0., 1.62000000e-01, 0., 2.70000007e-02, 0.,
    0., 2.70000007e-02, 2.70000007e-02, 0., 2.70000007e-02,
    5.40000014e-02, 0., 2.70000007e-02, 8.10000002e-02, 0.,
    2.70000007e-02, 1.08000003e-01, 0., 2.70000007e-02, 1.35000005e-01,
    0., 2.70000007e-02, 1.62000000e-01, 0., 5.40000014e-02, 0., 0.,
    5.40000014e-02, 2.70000007e-02, 0., 5.40000014e-02, 5.40000014e-02,
    0., 5.40000014e-02, 8.10000002e-02, 0., 5.40000014e-02,
    1.08000003e-01, 0., 5.40000014e-02, 1.35000005e-01, 0.,
    5.40000014e-02, 1.62000000e-01, 0., 8.10000002e-02, 0., 0.,
    8.10000002e-02, 2.70000007e-02, 0., 8.10000002e-02, 5.40000014e-02,
    0., 8.10000002e-02, 8.10000002e-02, 0., 8.10000002e-02,
    1.08000003e-01, 0., 8.10000002e-02, 1.35000005e-01, 0.,
    8.10000002e-02, 1.62000000e-01, 0., 1.08000003e-01, 0., 0.,
    1.08000003e-01, 2.70000007e-02, 0., 1.08000003e-01, 5.40000014e-02,
    0., 1.08000003e-01, 8.10000002e-02, 0., 1.08000003e-01,
    1.08000003e-01, 0., 1.08000003e-01, 1.35000005e-01, 0.,
    1.08000003e-01, 1.62000000e-01, 0. ]
CalibrationFrameExtRotation: !!opencv-matrix
   rows: 3
   cols: 1
   dt: d
   data: [ -2.1397313395778843e+00, -2.2956774805138060e+00,
       6.0136944059734347e-02 ]
CalibrationFrameExtTranslation: !!opencv-matrix
   rows: 3
   cols: 1
   dt: d
   data: [ -3.0365446805451862e-01, -3.1312695228176696e-01,
       9.2074945460093371e-01 ]
CalibrationFrameRMSerror: 2.4206820130348206e-01
