%YAML:1.0
---
CalibrationFramePatternImage: [ 8.51158752e+01, 2.95477783e+02,
    1.04273224e+02, 2.89656281e+02, 1.23252251e+02, 2.84194336e+02,
    1.41480438e+02, 2.78471893e+02, 1.59451950e+02, 2.73084534e+02,
    1.76898148e+02, 2.67561127e+02, 1.94248962e+02, 2.62198181e+02,
    9.09028091e+01, 3.12046631e+02, 1.09668839e+02, 3.05886536e+02,
    1.28208176e+02, 3.00251740e+02, 1.46402374e+02, 2.94366302e+02,
    1.64168808e+02, 2.88700470e+02, 1.81550125e+02, 2.83270813e+02,
    1.98607010e+02, 2.77944977e+02, 9.63552399e+01, 3.27615295e+02,
    1.14795868e+02, 3.21654602e+02, 1.33181870e+02, 3.15624359e+02,
    1.50801895e+02, 3.09998871e+02, 1.68595367e+02, 3.04100250e+02,
    1.85824310e+02, 2.98704956e+02, 2.02670868e+02, 2.93431335e+02,
    1.01294197e+02, 3.43144165e+02, 1.19695381e+02, 3.36735962e+02,
    1.37880127e+02, 3.30799774e+02, 1.55610687e+02, 3.24832001e+02,
    1.72973740e+02, 3.19389435e+02, 1.90004364e+02, 3.13939819e+02,
    2.06921219e+02, 3.08381226e+02, 1.06389595e+02, 3.58009338e+02,
    1.24734398e+02, 3.51752960e+02, 1.42458862e+02, 3.45702209e+02,
    1.60106903e+02, 3.39792877e+02, 1.77243835e+02, 3.34131622e+02,
    1.94181305e+02, 3.28492706e+02, 2.10594269e+02, 3.23214691e+02 ]
CalibrationFramePatternWorld: [ 0., 0., 0., 0., 2.70000007e-02, 0., 0.,
    5.40000014e-02, 0., 0., 8.10000002e-02, 0., 0., 1.08000003e-01, 0.,
    0., 1.35000005e-01, 0., 0., 1.62000000e-01, 0., 2.70000007e-02, 0.,
    0., 2.70000007e-02, 2.70000007e-02, 0., 2.70000007e-02,
    5.40000014e-02, 0., 2.70000007e-02, 8.10000002e-02, 0.,
    2.70000007e-02, 1.08000003e-01, 0., 2.70000007e-02, 1.35000005e-01,
    0., 2.70000007e-02, 1.62000000e-01, 0., 5.40000014e-02, 0., 0.,
    5.40000014e-02, 2.70000007e-02, 0., 5.40000014e-02, 5.40000014e-02,
    0., 5.40000014e-02, 8.10000002e-02, 0., 5.40000014e-02,
    1.08000003e-01, 0., 5.40000014e-02, 1.35000005e-01, 0.,
    5.40000014e-02, 1.62000000e-01, 0., 8.10000002e-02, 0., 0.,
    8.10000002e-02, 2.70000007e-02, 0., 8.10000002e-02, 5.40000014e-02,
    0., 8.10000002e-02, 8.10000002e-02, 0., 8.10000002e-02,
    1.08000003e-01, 0., 8.10000002e-02, 1.35000005e-01, 0.,
    8.10000002e-02, 1.62000000e-01, 0., 1.08000003e-01, 0., 0.,
    1.08000003e-01, 2.70000007e-02, 0., 1.08000003e-01, 5.40000014e-02,
    0., 1.08000003e-01, 8.10000002e-02, 0., 1.08000003e-01,
    1.08000003e-01, 0., 1.08000003e-01, 1.35000005e-01, 0.,
    1.08000003e-01, 1.62000000e-01, 0. ]
CalibrationFrameExtRotation: !!opencv-matrix
   rows: 3
   cols: 1
   dt: d
   data: [ 2.3552310655482169e+00, 1.8530106041788525e+00,
       7.6762910482676638e-01 ]
CalibrationFrameExtTranslation: !!opencv-matrix
   rows: 3
   cols: 1
   dt: d
   data: [ -3.4735104320763410e-01, 8.7708452162648762e-02,
       8.4733939199007058e-01 ]
CalibrationFrameRMSerror: 2.3152279853820801e-01
