%YAML:1.0
---
CalibrationFramePatternImage: [ 5.03807129e+02, 9.93049240e+01,
    5.18013672e+02, 9.49442902e+01, 5.32055725e+02, 9.03894653e+01,
    5.45532532e+02, 8.62932587e+01, 5.59135559e+02, 8.21542969e+01,
    5.72447449e+02, 7.80129776e+01, 5.84511597e+02, 7.41567535e+01,
    5.06630432e+02, 1.18058556e+02, 5.20789856e+02, 1.13400047e+02,
    5.34769470e+02, 1.08774849e+02, 5.48330688e+02, 1.04205673e+02,
    5.61463562e+02, 9.99136047e+01, 5.74858948e+02, 9.56229172e+01,
    5.88485840e+02, 9.12043152e+01, 5.09747528e+02, 1.36303299e+02,
    5.23760071e+02, 1.31262894e+02, 5.37320618e+02, 1.26518585e+02,
    5.50618408e+02, 1.21873169e+02, 5.63741699e+02, 1.17528900e+02,
    5.76941650e+02, 1.12734398e+02, 5.88506653e+02, 1.08735527e+02,
    5.12534180e+02, 1.53800858e+02, 5.26541199e+02, 1.48865372e+02,
    5.39502014e+02, 1.43804245e+02, 5.52836548e+02, 1.39207291e+02,
    5.66095825e+02, 1.34434784e+02, 5.84851624e+02, 1.27408516e+02,
    5.90989197e+02, 1.25402908e+02, 5.15426514e+02, 1.71140945e+02,
    5.29060669e+02, 1.65863693e+02, 5.42441040e+02, 1.60930496e+02,
    5.55381348e+02, 1.55883179e+02, 5.68636475e+02, 1.51303909e+02,
    5.86848267e+02, 1.43853714e+02, 5.93139099e+02, 1.41902985e+02 ]
CalibrationFramePatternWorld: [ 0., 0., 0., 0., 2.70000007e-02, 0., 0.,
    5.40000014e-02, 0., 0., 8.10000002e-02, 0., 0., 1.08000003e-01, 0.,
    0., 1.35000005e-01, 0., 0., 1.62000000e-01, 0., 2.70000007e-02, 0.,
    0., 2.70000007e-02, 2.70000007e-02, 0., 2.70000007e-02,
    5.40000014e-02, 0., 2.70000007e-02, 8.10000002e-02, 0.,
    2.70000007e-02, 1.08000003e-01, 0., 2.70000007e-02, 1.35000005e-01,
    0., 2.70000007e-02, 1.62000000e-01, 0., 5.40000014e-02, 0., 0.,
    5.40000014e-02, 2.70000007e-02, 0., 5.40000014e-02, 5.40000014e-02,
    0., 5.40000014e-02, 8.10000002e-02, 0., 5.40000014e-02,
    1.08000003e-01, 0., 5.40000014e-02, 1.35000005e-01, 0.,
    5.40000014e-02, 1.62000000e-01, 0., 8.10000002e-02, 0., 0.,
    8.10000002e-02, 2.70000007e-02, 0., 8.10000002e-02, 5.40000014e-02,
    0., 8.10000002e-02, 8.10000002e-02, 0., 8.10000002e-02,
    1.08000003e-01, 0., 8.10000002e-02, 1.35000005e-01, 0.,
    8.10000002e-02, 1.62000000e-01, 0., 1.08000003e-01, 0., 0.,
    1.08000003e-01, 2.70000007e-02, 0., 1.08000003e-01, 5.40000014e-02,
    0., 1.08000003e-01, 8.10000002e-02, 0., 1.08000003e-01,
    1.08000003e-01, 0., 1.08000003e-01, 1.35000005e-01, 0.,
    1.08000003e-01, 1.62000000e-01, 0. ]
CalibrationFrameExtRotation: !!opencv-matrix
   rows: 3
   cols: 1
   dt: d
   data: [ 2.3905202563298369e+00, 1.7469880440836518e+00,
       6.2180956842577639e-01 ]
CalibrationFrameExtTranslation: !!opencv-matrix
   rows: 3
   cols: 1
   dt: d
   data: [ 2.5826494813654760e-01, -1.9842709809035702e-01,
       8.4410948178414402e-01 ]
CalibrationFrameRMSerror: 1.4518122673034668e+00
