%YAML:1.0
---
CalibrationFramePatternImage: [ 5.11296814e+02, 5.28199425e+01,
    5.28694458e+02, 4.92746964e+01, 5.46528137e+02, 4.58649445e+01,
    5.64384094e+02, 4.23181000e+01, 5.82386047e+02, 3.84972534e+01,
    6.00441101e+02, 3.50466423e+01, 6.18664917e+02, 3.13063927e+01,
    5.14313293e+02, 6.87148819e+01, 5.31946106e+02, 6.51738358e+01,
    5.49676025e+02, 6.16655312e+01, 5.67715393e+02, 5.82529984e+01,
    5.85769836e+02, 5.45898018e+01, 6.04132629e+02, 5.09999542e+01,
    6.22418823e+02, 4.75562172e+01, 5.17232971e+02, 8.45263367e+01,
    5.35118469e+02, 8.09559708e+01, 5.52901001e+02, 7.76461182e+01,
    5.71153748e+02, 7.42099991e+01, 5.89345703e+02, 7.07481079e+01,
    6.07743469e+02, 6.71965256e+01, 6.26479919e+02, 6.36045609e+01,
    5.20093140e+02, 1.00260193e+02, 5.37984314e+02, 9.71454315e+01,
    5.56148560e+02, 9.37049637e+01, 5.74365356e+02, 9.04784698e+01,
    5.92742126e+02, 8.69840851e+01, 6.11517822e+02, 8.34267120e+01,
    6.30152222e+02, 7.96793442e+01, 5.22726013e+02, 1.16356720e+02,
    5.40890564e+02, 1.13283981e+02, 5.58954041e+02, 1.10085846e+02,
    5.77500366e+02, 1.06706352e+02, 5.96161316e+02, 1.03416916e+02,
    6.14830872e+02, 9.99381180e+01, 6.33588135e+02, 9.62270737e+01 ]
CalibrationFramePatternWorld: [ 0., 0., 0., 0., 2.70000007e-02, 0., 0.,
    5.40000014e-02, 0., 0., 8.10000002e-02, 0., 0., 1.08000003e-01, 0.,
    0., 1.35000005e-01, 0., 0., 1.62000000e-01, 0., 2.70000007e-02, 0.,
    0., 2.70000007e-02, 2.70000007e-02, 0., 2.70000007e-02,
    5.40000014e-02, 0., 2.70000007e-02, 8.10000002e-02, 0.,
    2.70000007e-02, 1.08000003e-01, 0., 2.70000007e-02, 1.35000005e-01,
    0., 2.70000007e-02, 1.62000000e-01, 0., 5.40000014e-02, 0., 0.,
    5.40000014e-02, 2.70000007e-02, 0., 5.40000014e-02, 5.40000014e-02,
    0., 5.40000014e-02, 8.10000002e-02, 0., 5.40000014e-02,
    1.08000003e-01, 0., 5.40000014e-02, 1.35000005e-01, 0.,
    5.40000014e-02, 1.62000000e-01, 0., 8.10000002e-02, 0., 0.,
    8.10000002e-02, 2.70000007e-02, 0., 8.10000002e-02, 5.40000014e-02,
    0., 8.10000002e-02, 8.10000002e-02, 0., 8.10000002e-02,
    1.08000003e-01, 0., 8.10000002e-02, 1.35000005e-01, 0.,
    8.10000002e-02, 1.62000000e-01, 0., 1.08000003e-01, 0., 0.,
    1.08000003e-01, 2.70000007e-02, 0., 1.08000003e-01, 5.40000014e-02,
    0., 1.08000003e-01, 8.10000002e-02, 0., 1.08000003e-01,
    1.08000003e-01, 0., 1.08000003e-01, 1.35000005e-01, 0.,
    1.08000003e-01, 1.62000000e-01, 0. ]
CalibrationFrameExtRotation: !!opencv-matrix
   rows: 3
   cols: 1
   dt: d
   data: [ 2.3759633699472538e+00, 2.0736955448992562e+00,
       -4.1325701902323841e-01 ]
CalibrationFrameExtTranslation: !!opencv-matrix
   rows: 3
   cols: 1
   dt: d
   data: [ 2.9634189660262572e-01, -2.9300256556318660e-01,
       9.2633229272763140e-01 ]
CalibrationFrameRMSerror: 1.9137944281101227e-01
