%YAML:1.0
---
CalibrationFramePatternImage: [ 4.79444397e+02, 1.28978638e+02,
    4.96631989e+02, 1.31336212e+02, 5.13856689e+02, 1.34090775e+02,
    5.31271606e+02, 1.36551941e+02, 5.48583679e+02, 1.39075974e+02,
    5.66506897e+02, 1.41580276e+02, 5.84478943e+02, 1.44097366e+02,
    4.76818970e+02, 1.43567017e+02, 4.93901215e+02, 1.46309219e+02,
    5.11396149e+02, 1.48951431e+02, 5.28967896e+02, 1.51686691e+02,
    5.46600220e+02, 1.54488525e+02, 5.64576416e+02, 1.56868408e+02,
    5.82618713e+02, 1.59691589e+02, 4.74041687e+02, 1.58503677e+02,
    4.91312592e+02, 1.61100922e+02, 5.08712280e+02, 1.64186188e+02,
    5.26419556e+02, 1.66957748e+02, 5.44396362e+02, 1.69629929e+02,
    5.62464966e+02, 1.72511337e+02, 5.80646667e+02, 1.75247421e+02,
    4.71232208e+02, 1.73370438e+02, 4.88502380e+02, 1.76389847e+02,
    5.06043152e+02, 1.79315063e+02, 5.23869202e+02, 1.82359528e+02,
    5.41903992e+02, 1.85136246e+02, 5.60164673e+02, 1.88142197e+02,
    5.78550415e+02, 1.91075272e+02, 4.68026123e+02, 1.88847687e+02,
    4.85654144e+02, 1.91715240e+02, 5.03148315e+02, 1.94979721e+02,
    5.21183716e+02, 1.97821930e+02, 5.39077087e+02, 2.01102768e+02,
    5.57850830e+02, 2.03894348e+02, 5.76169495e+02, 2.07267380e+02 ]
CalibrationFramePatternWorld: [ 0., 0., 0., 0., 2.70000007e-02, 0., 0.,
    5.40000014e-02, 0., 0., 8.10000002e-02, 0., 0., 1.08000003e-01, 0.,
    0., 1.35000005e-01, 0., 0., 1.62000000e-01, 0., 2.70000007e-02, 0.,
    0., 2.70000007e-02, 2.70000007e-02, 0., 2.70000007e-02,
    5.40000014e-02, 0., 2.70000007e-02, 8.10000002e-02, 0.,
    2.70000007e-02, 1.08000003e-01, 0., 2.70000007e-02, 1.35000005e-01,
    0., 2.70000007e-02, 1.62000000e-01, 0., 5.40000014e-02, 0., 0.,
    5.40000014e-02, 2.70000007e-02, 0., 5.40000014e-02, 5.40000014e-02,
    0., 5.40000014e-02, 8.10000002e-02, 0., 5.40000014e-02,
    1.08000003e-01, 0., 5.40000014e-02, 1.35000005e-01, 0.,
    5.40000014e-02, 1.62000000e-01, 0., 8.10000002e-02, 0., 0.,
    8.10000002e-02, 2.70000007e-02, 0., 8.10000002e-02, 5.40000014e-02,
    0., 8.10000002e-02, 8.10000002e-02, 0., 8.10000002e-02,
    1.08000003e-01, 0., 8.10000002e-02, 1.35000005e-01, 0.,
    8.10000002e-02, 1.62000000e-01, 0., 1.08000003e-01, 0., 0.,
    1.08000003e-01, 2.70000007e-02, 0., 1.08000003e-01, 5.40000014e-02,
    0., 1.08000003e-01, 8.10000002e-02, 0., 1.08000003e-01,
    1.08000003e-01, 0., 1.08000003e-01, 1.35000005e-01, 0.,
    1.08000003e-01, 1.62000000e-01, 0. ]
CalibrationFrameExtRotation: !!opencv-matrix
   rows: 3
   cols: 1
   dt: d
   data: [ 1.8756181198555246e+00, 2.3486069502124161e+00,
       -5.1418463298474704e-01 ]
CalibrationFrameExtTranslation: !!opencv-matrix
   rows: 3
   cols: 1
   dt: d
   data: [ 2.5021440610630358e-01, -1.7416877626542451e-01,
       9.4235701261223404e-01 ]
CalibrationFrameRMSerror: 1.8699024617671967e-01
