%YAML:1.0
---
CalibrationFramePatternImage: [ 2.34532852e+02, 3.62622131e+02,
    2.53322922e+02, 3.57834564e+02, 2.72173096e+02, 3.53413055e+02,
    2.90682312e+02, 3.48640320e+02, 3.09247040e+02, 3.44244476e+02,
    3.27459686e+02, 3.39671234e+02, 3.45562958e+02, 3.35440277e+02,
    2.38854996e+02, 3.80499298e+02, 2.57739624e+02, 3.75522308e+02,
    2.76299347e+02, 3.70895172e+02, 2.94590057e+02, 3.66376923e+02,
    3.13024353e+02, 3.61693115e+02, 3.31037476e+02, 3.57421539e+02,
    3.49269165e+02, 3.52951355e+02, 2.43229340e+02, 3.97822601e+02,
    2.61708740e+02, 3.92994965e+02, 2.80351471e+02, 3.88210358e+02,
    2.98536041e+02, 3.83591217e+02, 3.16665283e+02, 3.78987183e+02,
    3.34843109e+02, 3.74525757e+02, 3.52796967e+02, 3.69764313e+02,
    2.47473328e+02, 4.15035614e+02, 2.65939850e+02, 4.09888519e+02,
    2.84296753e+02, 4.05234161e+02, 3.02515686e+02, 4.00284912e+02,
    3.20487488e+02, 3.95989563e+02, 3.38534882e+02, 3.91310272e+02,
    3.56454163e+02, 3.86970856e+02, 2.52016693e+02, 4.31752014e+02,
    2.70239502e+02, 4.26608643e+02, 2.88376495e+02, 4.21888824e+02,
    3.06400879e+02, 4.17146423e+02, 3.24392792e+02, 4.12376160e+02,
    3.42234039e+02, 4.07843781e+02, 3.60027405e+02, 4.03362061e+02 ]
CalibrationFramePatternWorld: [ 0., 0., 0., 0., 2.70000007e-02, 0., 0.,
    5.40000014e-02, 0., 0., 8.10000002e-02, 0., 0., 1.08000003e-01, 0.,
    0., 1.35000005e-01, 0., 0., 1.62000000e-01, 0., 2.70000007e-02, 0.,
    0., 2.70000007e-02, 2.70000007e-02, 0., 2.70000007e-02,
    5.40000014e-02, 0., 2.70000007e-02, 8.10000002e-02, 0.,
    2.70000007e-02, 1.08000003e-01, 0., 2.70000007e-02, 1.35000005e-01,
    0., 2.70000007e-02, 1.62000000e-01, 0., 5.40000014e-02, 0., 0.,
    5.40000014e-02, 2.70000007e-02, 0., 5.40000014e-02, 5.40000014e-02,
    0., 5.40000014e-02, 8.10000002e-02, 0., 5.40000014e-02,
    1.08000003e-01, 0., 5.40000014e-02, 1.35000005e-01, 0.,
    5.40000014e-02, 1.62000000e-01, 0., 8.10000002e-02, 0., 0.,
    8.10000002e-02, 2.70000007e-02, 0., 8.10000002e-02, 5.40000014e-02,
    0., 8.10000002e-02, 8.10000002e-02, 0., 8.10000002e-02,
    1.08000003e-01, 0., 8.10000002e-02, 1.35000005e-01, 0.,
    8.10000002e-02, 1.62000000e-01, 0., 1.08000003e-01, 0., 0.,
    1.08000003e-01, 2.70000007e-02, 0., 1.08000003e-01, 5.40000014e-02,
    0., 1.08000003e-01, 8.10000002e-02, 0., 1.08000003e-01,
    1.08000003e-01, 0., 1.08000003e-01, 1.35000005e-01, 0.,
    1.08000003e-01, 1.62000000e-01, 0. ]
CalibrationFrameExtRotation: !!opencv-matrix
   rows: 3
   cols: 1
   dt: d
   data: [ -2.4158112601751962e+00, -1.9410890980655511e+00,
       -3.0213857105728181e-01 ]
CalibrationFrameExtTranslation: !!opencv-matrix
   rows: 3
   cols: 1
   dt: d
   data: [ -1.2760117925901265e-01, 1.8141426638801972e-01,
       8.2362409146605564e-01 ]
CalibrationFrameRMSerror: 2.0944249629974365e-01
