%YAML:1.0
---
CalibrationFramePatternImage: [ 1.05666718e+02, 3.27232635e+02,
    1.25526894e+02, 3.21990906e+02, 1.44654999e+02, 3.17140778e+02,
    1.63323318e+02, 3.12353424e+02, 1.81475189e+02, 3.07463440e+02,
    1.99326004e+02, 3.03115967e+02, 2.16394531e+02, 2.98552856e+02,
    1.10052795e+02, 3.45770538e+02, 1.29606567e+02, 3.40485901e+02,
    1.48725006e+02, 3.35064484e+02, 1.67352982e+02, 3.30063599e+02,
    1.85287247e+02, 3.25185974e+02, 2.02913986e+02, 3.20411072e+02,
    2.20016449e+02, 3.15777435e+02, 1.14454376e+02, 3.64153564e+02,
    1.33874084e+02, 3.58512848e+02, 1.52813293e+02, 3.52860718e+02,
    1.71019684e+02, 3.47752380e+02, 1.89090271e+02, 3.42548981e+02,
    2.06638092e+02, 3.37513275e+02, 2.23770340e+02, 3.32627045e+02,
    1.18707771e+02, 3.82349365e+02, 1.38090210e+02, 3.76435089e+02,
    1.56760941e+02, 3.70624573e+02, 1.74983047e+02, 3.65118652e+02,
    1.93137589e+02, 3.59618256e+02, 2.10654190e+02, 3.54559113e+02,
    2.27494293e+02, 3.49349182e+02, 1.23166420e+02, 4.00351288e+02,
    1.42258545e+02, 3.94183472e+02, 1.61132797e+02, 3.88281189e+02,
    1.79112137e+02, 3.82379913e+02, 1.97089111e+02, 3.76926361e+02,
    2.14447708e+02, 3.71338898e+02, 2.31335190e+02, 3.66251953e+02 ]
CalibrationFramePatternWorld: [ 0., 0., 0., 0., 2.70000007e-02, 0., 0.,
    5.40000014e-02, 0., 0., 8.10000002e-02, 0., 0., 1.08000003e-01, 0.,
    0., 1.35000005e-01, 0., 0., 1.62000000e-01, 0., 2.70000007e-02, 0.,
    0., 2.70000007e-02, 2.70000007e-02, 0., 2.70000007e-02,
    5.40000014e-02, 0., 2.70000007e-02, 8.10000002e-02, 0.,
    2.70000007e-02, 1.08000003e-01, 0., 2.70000007e-02, 1.35000005e-01,
    0., 2.70000007e-02, 1.62000000e-01, 0., 5.40000014e-02, 0., 0.,
    5.40000014e-02, 2.70000007e-02, 0., 5.40000014e-02, 5.40000014e-02,
    0., 5.40000014e-02, 8.10000002e-02, 0., 5.40000014e-02,
    1.08000003e-01, 0., 5.40000014e-02, 1.35000005e-01, 0.,
    5.40000014e-02, 1.62000000e-01, 0., 8.10000002e-02, 0., 0.,
    8.10000002e-02, 2.70000007e-02, 0., 8.10000002e-02, 5.40000014e-02,
    0., 8.10000002e-02, 8.10000002e-02, 0., 8.10000002e-02,
    1.08000003e-01, 0., 8.10000002e-02, 1.35000005e-01, 0.,
    8.10000002e-02, 1.62000000e-01, 0., 1.08000003e-01, 0., 0.,
    1.08000003e-01, 2.70000007e-02, 0., 1.08000003e-01, 5.40000014e-02,
    0., 1.08000003e-01, 8.10000002e-02, 0., 1.08000003e-01,
    1.08000003e-01, 0., 1.08000003e-01, 1.35000005e-01, 0.,
    1.08000003e-01, 1.62000000e-01, 0. ]
CalibrationFrameExtRotation: !!opencv-matrix
   rows: 3
   cols: 1
   dt: d
   data: [ 2.1749598702057185e+00, 1.7434382009167899e+00,
       4.3665525625393220e-01 ]
CalibrationFrameExtTranslation: !!opencv-matrix
   rows: 3
   cols: 1
   dt: d
   data: [ -3.0971863872180200e-01, 1.3118345392781261e-01,
       8.2698371249637770e-01 ]
CalibrationFrameRMSerror: 1.8960948288440704e-01
