%YAML:1.0
---
CalibrationFramePatternImage: [ 4.56759186e+02, 1.97356674e+02,
    4.73905243e+02, 2.01075394e+02, 4.90757507e+02, 2.04978607e+02,
    5.08020996e+02, 2.08751602e+02, 5.25564758e+02, 2.12977219e+02,
    5.43374207e+02, 2.16881454e+02, 5.61233582e+02, 2.21044464e+02,
    4.52897705e+02, 2.13109055e+02, 4.69747650e+02, 2.16968597e+02,
    4.86777435e+02, 2.21091843e+02, 5.04275604e+02, 2.25329224e+02,
    5.21816528e+02, 2.29336212e+02, 5.39575989e+02, 2.33511963e+02,
    5.57455505e+02, 2.37747910e+02, 4.48795135e+02, 2.28734100e+02,
    4.65641541e+02, 2.32786667e+02, 4.82906708e+02, 2.37380539e+02,
    5.00361847e+02, 2.41397903e+02, 5.17763428e+02, 2.45800064e+02,
    5.35626953e+02, 2.50060379e+02, 5.53598389e+02, 2.54571228e+02,
    4.44535797e+02, 2.44551880e+02, 4.61562836e+02, 2.49142014e+02,
    4.78761780e+02, 2.53411438e+02, 4.96153870e+02, 2.57839691e+02,
    5.13664062e+02, 2.62123474e+02, 5.31695251e+02, 2.66840607e+02,
    5.49671326e+02, 2.71209717e+02, 4.40294312e+02, 2.60760437e+02,
    4.57297699e+02, 2.65137665e+02, 4.74589447e+02, 2.69776337e+02,
    4.92131439e+02, 2.74159271e+02, 5.09685089e+02, 2.79000580e+02,
    5.27659851e+02, 2.83540466e+02, 5.45677429e+02, 2.88380096e+02 ]
CalibrationFramePatternWorld: [ 0., 0., 0., 0., 2.70000007e-02, 0., 0.,
    5.40000014e-02, 0., 0., 8.10000002e-02, 0., 0., 1.08000003e-01, 0.,
    0., 1.35000005e-01, 0., 0., 1.62000000e-01, 0., 2.70000007e-02, 0.,
    0., 2.70000007e-02, 2.70000007e-02, 0., 2.70000007e-02,
    5.40000014e-02, 0., 2.70000007e-02, 8.10000002e-02, 0.,
    2.70000007e-02, 1.08000003e-01, 0., 2.70000007e-02, 1.35000005e-01,
    0., 2.70000007e-02, 1.62000000e-01, 0., 5.40000014e-02, 0., 0.,
    5.40000014e-02, 2.70000007e-02, 0., 5.40000014e-02, 5.40000014e-02,
    0., 5.40000014e-02, 8.10000002e-02, 0., 5.40000014e-02,
    1.08000003e-01, 0., 5.40000014e-02, 1.35000005e-01, 0.,
    5.40000014e-02, 1.62000000e-01, 0., 8.10000002e-02, 0., 0.,
    8.10000002e-02, 2.70000007e-02, 0., 8.10000002e-02, 5.40000014e-02,
    0., 8.10000002e-02, 8.10000002e-02, 0., 8.10000002e-02,
    1.08000003e-01, 0., 8.10000002e-02, 1.35000005e-01, 0.,
    8.10000002e-02, 1.62000000e-01, 0., 1.08000003e-01, 0., 0.,
    1.08000003e-01, 2.70000007e-02, 0., 1.08000003e-01, 5.40000014e-02,
    0., 1.08000003e-01, 8.10000002e-02, 0., 1.08000003e-01,
    1.08000003e-01, 0., 1.08000003e-01, 1.35000005e-01, 0.,
    1.08000003e-01, 1.62000000e-01, 0. ]
CalibrationFrameExtRotation: !!opencv-matrix
   rows: 3
   cols: 1
   dt: d
   data: [ -1.8873828250530453e+00, -2.4812479982113467e+00,
       3.9713059126765449e-01 ]
CalibrationFrameExtTranslation: !!opencv-matrix
   rows: 3
   cols: 1
   dt: d
   data: [ 2.1082588241910066e-01, -6.2062749189234379e-02,
       9.3008288190621702e-01 ]
CalibrationFrameRMSerror: 1.9412642717361450e-01
