%YAML:1.0
---
CalibrationFramePatternImage: [ 2.59593811e+02, 1.29397736e+02,
    2.76777740e+02, 1.30523865e+02, 2.93884033e+02, 1.31547043e+02,
    3.11429413e+02, 1.32743347e+02, 3.29216339e+02, 1.33999802e+02,
    3.47132324e+02, 1.34924805e+02, 3.65180420e+02, 1.36510742e+02,
    2.59897247e+02, 1.46614258e+02, 2.76950012e+02, 1.48003708e+02,
    2.93738831e+02, 1.49149887e+02, 3.11200531e+02, 1.50579346e+02,
    3.28614563e+02, 1.51892746e+02, 3.46466522e+02, 1.53267120e+02,
    3.64296844e+02, 1.54725174e+02, 2.60071014e+02, 1.63322784e+02,
    2.77006195e+02, 1.64633621e+02, 2.93663513e+02, 1.66451675e+02,
    3.10856781e+02, 1.67627945e+02, 3.28082458e+02, 1.69451431e+02,
    3.45598969e+02, 1.70703751e+02, 3.63286285e+02, 1.72415741e+02,
    2.60187683e+02, 1.79745239e+02, 2.76873840e+02, 1.81578827e+02,
    2.93569733e+02, 1.82854935e+02, 3.10642639e+02, 1.84737793e+02,
    3.27379974e+02, 1.86046722e+02, 3.44822815e+02, 1.87981476e+02,
    3.62177094e+02, 1.89754425e+02, 2.60340729e+02, 1.95666794e+02,
    2.76834564e+02, 1.97400970e+02, 2.93422577e+02, 1.99420853e+02,
    3.10057495e+02, 2.00696716e+02, 3.26948517e+02, 2.02837036e+02,
    3.44125427e+02, 2.04470291e+02, 3.61164856e+02, 2.06415176e+02 ]
CalibrationFramePatternWorld: [ 0., 0., 0., 0., 2.70000007e-02, 0., 0.,
    5.40000014e-02, 0., 0., 8.10000002e-02, 0., 0., 1.08000003e-01, 0.,
    0., 1.35000005e-01, 0., 0., 1.62000000e-01, 0., 2.70000007e-02, 0.,
    0., 2.70000007e-02, 2.70000007e-02, 0., 2.70000007e-02,
    5.40000014e-02, 0., 2.70000007e-02, 8.10000002e-02, 0.,
    2.70000007e-02, 1.08000003e-01, 0., 2.70000007e-02, 1.35000005e-01,
    0., 2.70000007e-02, 1.62000000e-01, 0., 5.40000014e-02, 0., 0.,
    5.40000014e-02, 2.70000007e-02, 0., 5.40000014e-02, 5.40000014e-02,
    0., 5.40000014e-02, 8.10000002e-02, 0., 5.40000014e-02,
    1.08000003e-01, 0., 5.40000014e-02, 1.35000005e-01, 0.,
    5.40000014e-02, 1.62000000e-01, 0., 8.10000002e-02, 0., 0.,
    8.10000002e-02, 2.70000007e-02, 0., 8.10000002e-02, 5.40000014e-02,
    0., 8.10000002e-02, 8.10000002e-02, 0., 8.10000002e-02,
    1.08000003e-01, 0., 8.10000002e-02, 1.35000005e-01, 0.,
    8.10000002e-02, 1.62000000e-01, 0., 1.08000003e-01, 0., 0.,
    1.08000003e-01, 2.70000007e-02, 0., 1.08000003e-01, 5.40000014e-02,
    0., 1.08000003e-01, 8.10000002e-02, 0., 1.08000003e-01,
    1.08000003e-01, 0., 1.08000003e-01, 1.35000005e-01, 0.,
    1.08000003e-01, 1.62000000e-01, 0. ]
CalibrationFrameExtRotation: !!opencv-matrix
   rows: 3
   cols: 1
   dt: d
   data: [ -1.8554107509460172e+00, -1.9934713363897576e+00,
       -1.5688539421152611e-01 ]
CalibrationFrameExtTranslation: !!opencv-matrix
   rows: 3
   cols: 1
   dt: d
   data: [ -9.9214172323711436e-02, -1.6347935449082018e-01,
       8.8483539239008535e-01 ]
CalibrationFrameRMSerror: 2.7307543158531189e-01
