%YAML:1.0
---
CalibrationFramePatternImage: [ 7.36308899e+01, 5.46838608e+01,
    9.23939362e+01, 6.02869797e+01, 1.11010941e+02, 6.56024170e+01,
    1.29437576e+02, 7.08354797e+01, 1.47426590e+02, 7.60827103e+01,
    1.65292831e+02, 8.13519821e+01, 1.82562469e+02, 8.63527069e+01,
    7.11657715e+01, 7.16385117e+01, 8.97682419e+01, 7.67811356e+01,
    1.08369064e+02, 8.20231705e+01, 1.26367104e+02, 8.73502579e+01,
    1.44241104e+02, 9.20971603e+01, 1.61636765e+02, 9.69088669e+01,
    1.78947601e+02, 1.01907906e+02, 6.87528992e+01, 8.78651886e+01,
    8.73968048e+01, 9.32181091e+01, 1.05674583e+02, 9.79697571e+01,
    1.23588272e+02, 1.02651741e+02, 1.41133179e+02, 1.07563744e+02,
    1.58567184e+02, 1.12225464e+02, 1.75457520e+02, 1.16908073e+02,
    6.66572800e+01, 1.03621506e+02, 8.51703033e+01, 1.08593925e+02,
    1.03113594e+02, 1.13158646e+02, 1.20774376e+02, 1.17659401e+02,
    1.38276306e+02, 1.22439697e+02, 1.55260864e+02, 1.26967270e+02,
    1.71975296e+02, 1.31798141e+02, 6.48269119e+01, 1.18817848e+02,
    8.27676468e+01, 1.23370979e+02, 1.00663864e+02, 1.28163773e+02,
    1.18152336e+02, 1.32466019e+02, 1.35273163e+02, 1.36934204e+02,
    1.52219833e+02, 1.41456146e+02, 1.68770721e+02, 1.45361542e+02 ]
CalibrationFramePatternWorld: [ 0., 0., 0., 0., 2.70000007e-02, 0., 0.,
    5.40000014e-02, 0., 0., 8.10000002e-02, 0., 0., 1.08000003e-01, 0.,
    0., 1.35000005e-01, 0., 0., 1.62000000e-01, 0., 2.70000007e-02, 0.,
    0., 2.70000007e-02, 2.70000007e-02, 0., 2.70000007e-02,
    5.40000014e-02, 0., 2.70000007e-02, 8.10000002e-02, 0.,
    2.70000007e-02, 1.08000003e-01, 0., 2.70000007e-02, 1.35000005e-01,
    0., 2.70000007e-02, 1.62000000e-01, 0., 5.40000014e-02, 0., 0.,
    5.40000014e-02, 2.70000007e-02, 0., 5.40000014e-02, 5.40000014e-02,
    0., 5.40000014e-02, 8.10000002e-02, 0., 5.40000014e-02,
    1.08000003e-01, 0., 5.40000014e-02, 1.35000005e-01, 0.,
    5.40000014e-02, 1.62000000e-01, 0., 8.10000002e-02, 0., 0.,
    8.10000002e-02, 2.70000007e-02, 0., 8.10000002e-02, 5.40000014e-02,
    0., 8.10000002e-02, 8.10000002e-02, 0., 8.10000002e-02,
    1.08000003e-01, 0., 8.10000002e-02, 1.35000005e-01, 0.,
    8.10000002e-02, 1.62000000e-01, 0., 1.08000003e-01, 0., 0.,
    1.08000003e-01, 2.70000007e-02, 0., 1.08000003e-01, 5.40000014e-02,
    0., 1.08000003e-01, 8.10000002e-02, 0., 1.08000003e-01,
    1.08000003e-01, 0., 1.08000003e-01, 1.35000005e-01, 0.,
    1.08000003e-01, 1.62000000e-01, 0. ]
CalibrationFrameExtRotation: !!opencv-matrix
   rows: 3
   cols: 1
   dt: d
   data: [ -1.6308307713333048e+00, -2.2418787979705637e+00,
       -8.1480163884169765e-01 ]
CalibrationFrameExtTranslation: !!opencv-matrix
   rows: 3
   cols: 1
   dt: d
   data: [ -3.7461492529805762e-01, -2.7198389261726230e-01,
       8.7214221010420134e-01 ]
CalibrationFrameRMSerror: 1.7194186151027679e-01
