%YAML:1.0
---
CalibrationFramePatternImage: [ 3.72026917e+02, 2.25259644e+02,
    3.95041962e+02, 2.21100586e+02, 4.17149597e+02, 2.16993652e+02,
    4.38934601e+02, 2.12974838e+02, 4.60113342e+02, 2.09086609e+02,
    4.80399048e+02, 2.05274780e+02, 5.00439819e+02, 2.01708588e+02,
    3.71353363e+02, 2.48098434e+02, 3.93870239e+02, 2.43520355e+02,
    4.15617462e+02, 2.39018402e+02, 4.36906403e+02, 2.34553635e+02,
    4.57291290e+02, 2.30383102e+02, 4.77639252e+02, 2.26498138e+02,
    4.96838470e+02, 2.22440979e+02, 3.70952423e+02, 2.69650848e+02,
    3.92736481e+02, 2.64632599e+02, 4.14118286e+02, 2.59672424e+02,
    4.34577240e+02, 2.55023056e+02, 4.54911743e+02, 2.50682861e+02,
    4.74545776e+02, 2.46311005e+02, 4.94031189e+02, 2.42429535e+02,
    3.70253937e+02, 2.89627777e+02, 3.91437622e+02, 2.84756653e+02,
    4.12433105e+02, 2.79479797e+02, 4.32821594e+02, 2.74477112e+02,
    4.52693848e+02, 2.70106293e+02, 4.72431458e+02, 2.65778198e+02,
    4.91554352e+02, 2.61511597e+02, 3.69564819e+02, 3.08961884e+02,
    3.90609528e+02, 3.03532471e+02, 4.11241913e+02, 2.98613007e+02,
    4.30974701e+02, 2.93806061e+02, 4.50770508e+02, 2.88937866e+02,
    4.70006439e+02, 2.84675201e+02, 4.88729370e+02, 2.80176544e+02 ]
CalibrationFramePatternWorld: [ 0., 0., 0., 0., 2.70000007e-02, 0., 0.,
    5.40000014e-02, 0., 0., 8.10000002e-02, 0., 0., 1.08000003e-01, 0.,
    0., 1.35000005e-01, 0., 0., 1.62000000e-01, 0., 2.70000007e-02, 0.,
    0., 2.70000007e-02, 2.70000007e-02, 0., 2.70000007e-02,
    5.40000014e-02, 0., 2.70000007e-02, 8.10000002e-02, 0.,
    2.70000007e-02, 1.08000003e-01, 0., 2.70000007e-02, 1.35000005e-01,
    0., 2.70000007e-02, 1.62000000e-01, 0., 5.40000014e-02, 0., 0.,
    5.40000014e-02, 2.70000007e-02, 0., 5.40000014e-02, 5.40000014e-02,
    0., 5.40000014e-02, 8.10000002e-02, 0., 5.40000014e-02,
    1.08000003e-01, 0., 5.40000014e-02, 1.35000005e-01, 0.,
    5.40000014e-02, 1.62000000e-01, 0., 8.10000002e-02, 0., 0.,
    8.10000002e-02, 2.70000007e-02, 0., 8.10000002e-02, 5.40000014e-02,
    0., 8.10000002e-02, 8.10000002e-02, 0., 8.10000002e-02,
    1.08000003e-01, 0., 8.10000002e-02, 1.35000005e-01, 0.,
    8.10000002e-02, 1.62000000e-01, 0., 1.08000003e-01, 0., 0.,
    1.08000003e-01, 2.70000007e-02, 0., 1.08000003e-01, 5.40000014e-02,
    0., 1.08000003e-01, 8.10000002e-02, 0., 1.08000003e-01,
    1.08000003e-01, 0., 1.08000003e-01, 1.35000005e-01, 0.,
    1.08000003e-01, 1.62000000e-01, 0. ]
CalibrationFrameExtRotation: !!opencv-matrix
   rows: 3
   cols: 1
   dt: d
   data: [ -2.1680255592542546e+00, -1.9536377398857714e+00,
       -9.0500295944249032e-01 ]
CalibrationFrameExtTranslation: !!opencv-matrix
   rows: 3
   cols: 1
   dt: d
   data: [ 4.9820500686973100e-02, -1.0353204680149915e-02,
       6.1519018922775515e-01 ]
CalibrationFrameRMSerror: 3.1090936064720154e-01
