%YAML:1.0
---
CalibrationFramePatternImage: [ 2.48258850e+02, 3.56586243e+02,
    2.65345459e+02, 3.53201874e+02, 2.82519989e+02, 3.49837250e+02,
    3.00068604e+02, 3.46335663e+02, 3.17474945e+02, 3.42839569e+02,
    3.35156891e+02, 3.39448212e+02, 3.52938049e+02, 3.35847137e+02,
    2.53414230e+02, 3.72567841e+02, 2.70510101e+02, 3.69295593e+02,
    2.87442932e+02, 3.65772766e+02, 3.04620239e+02, 3.62511444e+02,
    3.22155640e+02, 3.59035370e+02, 3.39766632e+02, 3.55690582e+02,
    3.57499695e+02, 3.52264679e+02, 2.58476959e+02, 3.87998260e+02,
    2.75467529e+02, 3.84946075e+02, 2.92503784e+02, 3.81649506e+02,
    3.09545013e+02, 3.78220856e+02, 3.26759430e+02, 3.74871307e+02,
    3.44400604e+02, 3.71812317e+02, 3.61702820e+02, 3.68330322e+02,
    2.63492981e+02, 4.03526062e+02, 2.80292480e+02, 4.00476776e+02,
    2.97192902e+02, 3.96717072e+02, 3.14256073e+02, 3.93766754e+02,
    3.31357605e+02, 3.90549957e+02, 3.48633392e+02, 3.87648865e+02,
    3.66292053e+02, 3.84315704e+02, 2.68385040e+02, 4.18625153e+02,
    2.85108307e+02, 4.15066925e+02, 3.02032654e+02, 4.12097412e+02,
    3.18757233e+02, 4.08817291e+02, 3.36097900e+02, 4.06031891e+02,
    3.53323700e+02, 4.02630768e+02, 3.70603516e+02, 3.99764130e+02 ]
CalibrationFramePatternWorld: [ 0., 0., 0., 0., 2.70000007e-02, 0., 0.,
    5.40000014e-02, 0., 0., 8.10000002e-02, 0., 0., 1.08000003e-01, 0.,
    0., 1.35000005e-01, 0., 0., 1.62000000e-01, 0., 2.70000007e-02, 0.,
    0., 2.70000007e-02, 2.70000007e-02, 0., 2.70000007e-02,
    5.40000014e-02, 0., 2.70000007e-02, 8.10000002e-02, 0.,
    2.70000007e-02, 1.08000003e-01, 0., 2.70000007e-02, 1.35000005e-01,
    0., 2.70000007e-02, 1.62000000e-01, 0., 5.40000014e-02, 0., 0.,
    5.40000014e-02, 2.70000007e-02, 0., 5.40000014e-02, 5.40000014e-02,
    0., 5.40000014e-02, 8.10000002e-02, 0., 5.40000014e-02,
    1.08000003e-01, 0., 5.40000014e-02, 1.35000005e-01, 0.,
    5.40000014e-02, 1.62000000e-01, 0., 8.10000002e-02, 0., 0.,
    8.10000002e-02, 2.70000007e-02, 0., 8.10000002e-02, 5.40000014e-02,
    0., 8.10000002e-02, 8.10000002e-02, 0., 8.10000002e-02,
    1.08000003e-01, 0., 8.10000002e-02, 1.35000005e-01, 0.,
    8.10000002e-02, 1.62000000e-01, 0., 1.08000003e-01, 0., 0.,
    1.08000003e-01, 2.70000007e-02, 0., 1.08000003e-01, 5.40000014e-02,
    0., 1.08000003e-01, 8.10000002e-02, 0., 1.08000003e-01,
    1.08000003e-01, 0., 1.08000003e-01, 1.35000005e-01, 0.,
    1.08000003e-01, 1.62000000e-01, 0. ]
CalibrationFrameExtRotation: !!opencv-matrix
   rows: 3
   cols: 1
   dt: d
   data: [ -2.2581985109872509e+00, -1.7573940121599407e+00,
       -1.2541625052136859e-01 ]
CalibrationFrameExtTranslation: !!opencv-matrix
   rows: 3
   cols: 1
   dt: d
   data: [ -1.1500156593367358e-01, 1.8369785260500371e-01,
       8.7501054598017469e-01 ]
CalibrationFrameRMSerror: 1.9036199152469635e-01
