%YAML:1.0
---
CalibrationFramePatternImage: [ 4.55720184e+02, 2.90840576e+02,
    4.71147278e+02, 2.92897766e+02, 4.86014282e+02, 2.94778442e+02,
    5.00508820e+02, 2.96641846e+02, 5.14906982e+02, 2.99101166e+02,
    5.28447510e+02, 3.00268524e+02, 5.42610413e+02, 3.02121765e+02,
    4.52766418e+02, 3.10863983e+02, 4.68430664e+02, 3.12632172e+02,
    4.83321075e+02, 3.14249420e+02, 4.97937927e+02, 3.15784729e+02,
    5.12087524e+02, 3.17409332e+02, 5.26075378e+02, 3.19287872e+02,
    5.38988159e+02, 3.20220093e+02, 4.50332123e+02, 3.30878174e+02,
    4.65719574e+02, 3.32442627e+02, 4.80761261e+02, 3.33541901e+02,
    4.95323914e+02, 3.34640442e+02, 5.09550690e+02, 3.36030182e+02,
    5.23850464e+02, 3.37641541e+02, 5.36947815e+02, 3.38140778e+02,
    4.47725739e+02, 3.50861603e+02, 4.63164001e+02, 3.52006195e+02,
    4.78070557e+02, 3.52790863e+02, 4.92882507e+02, 3.53552612e+02,
    5.07358459e+02, 3.55021576e+02, 5.21258301e+02, 3.55737396e+02,
    5.35338196e+02, 3.56309540e+02, 4.45203857e+02, 3.70857330e+02,
    4.60485168e+02, 3.71609863e+02, 4.75755646e+02, 3.72242645e+02,
    4.90368988e+02, 3.72833099e+02, 5.05240417e+02, 3.73382629e+02,
    5.19225952e+02, 3.74015686e+02, 5.33002502e+02, 3.74444489e+02 ]
CalibrationFramePatternWorld: [ 0., 0., 0., 0., 2.70000007e-02, 0., 0.,
    5.40000014e-02, 0., 0., 8.10000002e-02, 0., 0., 1.08000003e-01, 0.,
    0., 1.35000005e-01, 0., 0., 1.62000000e-01, 0., 2.70000007e-02, 0.,
    0., 2.70000007e-02, 2.70000007e-02, 0., 2.70000007e-02,
    5.40000014e-02, 0., 2.70000007e-02, 8.10000002e-02, 0.,
    2.70000007e-02, 1.08000003e-01, 0., 2.70000007e-02, 1.35000005e-01,
    0., 2.70000007e-02, 1.62000000e-01, 0., 5.40000014e-02, 0., 0.,
    5.40000014e-02, 2.70000007e-02, 0., 5.40000014e-02, 5.40000014e-02,
    0., 5.40000014e-02, 8.10000002e-02, 0., 5.40000014e-02,
    1.08000003e-01, 0., 5.40000014e-02, 1.35000005e-01, 0.,
    5.40000014e-02, 1.62000000e-01, 0., 8.10000002e-02, 0., 0.,
    8.10000002e-02, 2.70000007e-02, 0., 8.10000002e-02, 5.40000014e-02,
    0., 8.10000002e-02, 8.10000002e-02, 0., 8.10000002e-02,
    1.08000003e-01, 0., 8.10000002e-02, 1.35000005e-01, 0.,
    8.10000002e-02, 1.62000000e-01, 0., 1.08000003e-01, 0., 0.,
    1.08000003e-01, 2.70000007e-02, 0., 1.08000003e-01, 5.40000014e-02,
    0., 1.08000003e-01, 8.10000002e-02, 0., 1.08000003e-01,
    1.08000003e-01, 0., 1.08000003e-01, 1.35000005e-01, 0.,
    1.08000003e-01, 1.62000000e-01, 0. ]
CalibrationFrameExtRotation: !!opencv-matrix
   rows: 3
   cols: 1
   dt: d
   data: [ 1.8088279523636850e+00, 2.1021462857172017e+00,
       4.5833350316038041e-01 ]
CalibrationFrameExtTranslation: !!opencv-matrix
   rows: 3
   cols: 1
   dt: d
   data: [ 1.7521312211894957e-01, 7.5455776607251307e-02,
       7.8196080502540821e-01 ]
CalibrationFrameRMSerror: 3.4660261869430542e-01
