%YAML:1.0
---
CalibrationFramePatternImage: [ 2.81494781e+02, 2.53648239e+02,
    2.98427979e+02, 2.49907913e+02, 3.14939148e+02, 2.46635239e+02,
    3.30830170e+02, 2.43267853e+02, 3.46503845e+02, 2.39916153e+02,
    3.62208038e+02, 2.36852417e+02, 3.76187378e+02, 2.33602188e+02,
    2.87387451e+02, 2.70807037e+02, 3.04442993e+02, 2.67003540e+02,
    3.20943390e+02, 2.63358490e+02, 3.37050751e+02, 2.59508972e+02,
    3.52671997e+02, 2.55900131e+02, 3.68064941e+02, 2.52567459e+02,
    3.83583282e+02, 2.49310959e+02, 2.93434906e+02, 2.88370483e+02,
    3.10424866e+02, 2.84089874e+02, 3.27027527e+02, 2.80097107e+02,
    3.43173859e+02, 2.76224823e+02, 3.58913727e+02, 2.72260559e+02,
    3.74342255e+02, 2.68398590e+02, 3.88930542e+02, 2.64812164e+02,
    2.99305267e+02, 3.05924744e+02, 3.16469208e+02, 3.01478119e+02,
    3.33053772e+02, 2.97382812e+02, 3.49248566e+02, 2.92852753e+02,
    3.65109344e+02, 2.88596466e+02, 3.80639832e+02, 2.84601959e+02,
    3.95800751e+02, 2.80490112e+02, 3.05295135e+02, 3.24095032e+02,
    3.22463684e+02, 3.19190704e+02, 3.39171753e+02, 3.14655945e+02,
    3.55408752e+02, 3.09720917e+02, 3.71370331e+02, 3.05484009e+02,
    3.87142242e+02, 3.01061890e+02, 4.01877960e+02, 2.96891479e+02 ]
CalibrationFramePatternWorld: [ 0., 0., 0., 0., 2.70000007e-02, 0., 0.,
    5.40000014e-02, 0., 0., 8.10000002e-02, 0., 0., 1.08000003e-01, 0.,
    0., 1.35000005e-01, 0., 0., 1.62000000e-01, 0., 2.70000007e-02, 0.,
    0., 2.70000007e-02, 2.70000007e-02, 0., 2.70000007e-02,
    5.40000014e-02, 0., 2.70000007e-02, 8.10000002e-02, 0.,
    2.70000007e-02, 1.08000003e-01, 0., 2.70000007e-02, 1.35000005e-01,
    0., 2.70000007e-02, 1.62000000e-01, 0., 5.40000014e-02, 0., 0.,
    5.40000014e-02, 2.70000007e-02, 0., 5.40000014e-02, 5.40000014e-02,
    0., 5.40000014e-02, 8.10000002e-02, 0., 5.40000014e-02,
    1.08000003e-01, 0., 5.40000014e-02, 1.35000005e-01, 0.,
    5.40000014e-02, 1.62000000e-01, 0., 8.10000002e-02, 0., 0.,
    8.10000002e-02, 2.70000007e-02, 0., 8.10000002e-02, 5.40000014e-02,
    0., 8.10000002e-02, 8.10000002e-02, 0., 8.10000002e-02,
    1.08000003e-01, 0., 8.10000002e-02, 1.35000005e-01, 0.,
    8.10000002e-02, 1.62000000e-01, 0., 1.08000003e-01, 0., 0.,
    1.08000003e-01, 2.70000007e-02, 0., 1.08000003e-01, 5.40000014e-02,
    0., 1.08000003e-01, 8.10000002e-02, 0., 1.08000003e-01,
    1.08000003e-01, 0., 1.08000003e-01, 1.35000005e-01, 0.,
    1.08000003e-01, 1.62000000e-01, 0. ]
CalibrationFrameExtRotation: !!opencv-matrix
   rows: 3
   cols: 1
   dt: d
   data: [ 2.0782693826742134e+00, 1.5649247596269933e+00,
       3.5009853993659600e-02 ]
CalibrationFrameExtTranslation: !!opencv-matrix
   rows: 3
   cols: 1
   dt: d
   data: [ -6.2807415185658105e-02, 2.6716254522209468e-02,
       8.4012744523017335e-01 ]
CalibrationFrameRMSerror: 2.6598617434501648e-01
