%YAML:1.0
---
CalibrationFramePatternImage: [ 1.47238403e+02, 3.16256012e+02,
    1.64983322e+02, 3.17943695e+02, 1.82512756e+02, 3.20147430e+02,
    2.00104935e+02, 3.22078979e+02, 2.17713516e+02, 3.23798157e+02,
    2.35265656e+02, 3.25897705e+02, 2.52637207e+02, 3.27673798e+02,
    1.43481476e+02, 3.33669342e+02, 1.61370758e+02, 3.35724274e+02,
    1.79120789e+02, 3.37711914e+02, 1.96922394e+02, 3.39642059e+02,
    2.14628632e+02, 3.41428436e+02, 2.32500473e+02, 3.43772064e+02,
    2.49983337e+02, 3.45529602e+02, 1.39679077e+02, 3.51362671e+02,
    1.57633652e+02, 3.53173279e+02, 1.75753448e+02, 3.55523071e+02,
    1.93595825e+02, 3.57407806e+02, 2.11544174e+02, 3.59314056e+02,
    2.29355789e+02, 3.61590851e+02, 2.47306549e+02, 3.63475952e+02,
    1.35637924e+02, 3.68993530e+02, 1.54127930e+02, 3.71162964e+02,
    1.72038025e+02, 3.73359558e+02, 1.90344116e+02, 3.75410156e+02,
    2.08182861e+02, 3.77344208e+02, 2.26355148e+02, 3.79727142e+02,
    2.44006943e+02, 3.81677979e+02, 1.31749054e+02, 3.87161011e+02,
    1.50217377e+02, 3.89190369e+02, 1.68367706e+02, 3.91588196e+02,
    1.86573517e+02, 3.93589813e+02, 2.04714645e+02, 3.95675293e+02,
    2.22816025e+02, 3.97971313e+02, 2.40944458e+02, 4.00302551e+02 ]
CalibrationFramePatternWorld: [ 0., 0., 0., 0., 2.70000007e-02, 0., 0.,
    5.40000014e-02, 0., 0., 8.10000002e-02, 0., 0., 1.08000003e-01, 0.,
    0., 1.35000005e-01, 0., 0., 1.62000000e-01, 0., 2.70000007e-02, 0.,
    0., 2.70000007e-02, 2.70000007e-02, 0., 2.70000007e-02,
    5.40000014e-02, 0., 2.70000007e-02, 8.10000002e-02, 0.,
    2.70000007e-02, 1.08000003e-01, 0., 2.70000007e-02, 1.35000005e-01,
    0., 2.70000007e-02, 1.62000000e-01, 0., 5.40000014e-02, 0., 0.,
    5.40000014e-02, 2.70000007e-02, 0., 5.40000014e-02, 5.40000014e-02,
    0., 5.40000014e-02, 8.10000002e-02, 0., 5.40000014e-02,
    1.08000003e-01, 0., 5.40000014e-02, 1.35000005e-01, 0.,
    5.40000014e-02, 1.62000000e-01, 0., 8.10000002e-02, 0., 0.,
    8.10000002e-02, 2.70000007e-02, 0., 8.10000002e-02, 5.40000014e-02,
    0., 8.10000002e-02, 8.10000002e-02, 0., 8.10000002e-02,
    1.08000003e-01, 0., 8.10000002e-02, 1.35000005e-01, 0.,
    8.10000002e-02, 1.62000000e-01, 0., 1.08000003e-01, 0., 0.,
    1.08000003e-01, 2.70000007e-02, 0., 1.08000003e-01, 5.40000014e-02,
    0., 1.08000003e-01, 8.10000002e-02, 0., 1.08000003e-01,
    1.08000003e-01, 0., 1.08000003e-01, 1.35000005e-01, 0.,
    1.08000003e-01, 1.62000000e-01, 0. ]
CalibrationFrameExtRotation: !!opencv-matrix
   rows: 3
   cols: 1
   dt: d
   data: [ 1.9111923221544604e+00, 2.1502802894140967e+00,
       -3.2575028379992355e-01 ]
CalibrationFrameExtTranslation: !!opencv-matrix
   rows: 3
   cols: 1
   dt: d
   data: [ -2.7204996600322917e-01, 1.2466054515680347e-01,
       8.9583025636337665e-01 ]
CalibrationFrameRMSerror: 2.6784458756446838e-01
