%YAML:1.0
---
CalibrationFramePatternImage: [ 8.79196091e+01, 1.50486191e+02,
    1.54426926e+02, 1.52102356e+02, 2.20695938e+02, 1.53005783e+02,
    2.85884613e+02, 1.54547699e+02, 3.49130096e+02, 1.56261215e+02,
    8.54842224e+01, 2.09093369e+02, 1.54771255e+02, 2.10468124e+02,
    2.23721970e+02, 2.10960205e+02, 2.91364288e+02, 2.11394241e+02,
    3.56992676e+02, 2.12385406e+02, 8.36817169e+01, 2.72431152e+02,
    1.55545624e+02, 2.72909210e+02, 2.27155350e+02, 2.72943176e+02,
    2.97146545e+02, 2.73028992e+02, 3.64853485e+02, 2.73065033e+02,
    8.24565735e+01, 3.41450043e+02, 1.56664246e+02, 3.41580902e+02,
    2.30469696e+02, 3.41077911e+02, 3.02692780e+02, 3.40055237e+02,
    3.72559326e+02, 3.38434631e+02 ]
CalibrationFramePatternWorld: [ 0., 0., 0., 0., 4.43000011e-02, 0., 0.,
    8.86000022e-02, 0., 0., 1.32900000e-01, 0., 0., 1.77200004e-01, 0.,
    4.43000011e-02, 0., 0., 4.43000011e-02, 4.43000011e-02, 0.,
    4.43000011e-02, 8.86000022e-02, 0., 4.43000011e-02, 1.32900000e-01,
    0., 4.43000011e-02, 1.77200004e-01, 0., 8.86000022e-02, 0., 0.,
    8.86000022e-02, 4.43000011e-02, 0., 8.86000022e-02, 8.86000022e-02,
    0., 8.86000022e-02, 1.32900000e-01, 0., 8.86000022e-02,
    1.77200004e-01, 0., 1.32900000e-01, 0., 0., 1.32900000e-01,
    4.43000011e-02, 0., 1.32900000e-01, 8.86000022e-02, 0.,
    1.32900000e-01, 1.32900000e-01, 0., 1.32900000e-01, 1.77200004e-01,
    0. ]
CalibrationFrameExtRotation: !!opencv-matrix
   rows: 3
   cols: 1
   dt: d
   data: [ 1.9200222398152307e+00, 1.8250329165828687e+00,
       -2.0009730125599937e-01 ]
CalibrationFrameExtTranslation: !!opencv-matrix
   rows: 3
   cols: 1
   dt: d
   data: [ -1.5775831276706340e-01, -6.6804703395759862e-02,
       5.3061095580138962e-01 ]
CalibrationFrameRMSerror: 4.6174448728561401e-01
