%YAML:1.0
---
CalibrationFramePatternImage: [ 2.43905899e+02, 2.85911346e+02,
    2.80186401e+02, 2.88286591e+02, 3.15681396e+02, 2.90398285e+02,
    3.50010162e+02, 2.92494141e+02, 3.83244232e+02, 2.94430786e+02,
    2.41992294e+02, 3.24044128e+02, 2.78276978e+02, 3.25777344e+02,
    3.13767578e+02, 3.27406616e+02, 3.48095734e+02, 3.28859406e+02,
    3.81297852e+02, 3.30120148e+02, 2.40061157e+02, 3.61558105e+02,
    2.76420715e+02, 3.62848450e+02, 3.11731537e+02, 3.63834991e+02,
    3.45913757e+02, 3.64727295e+02, 3.79058319e+02, 3.65398804e+02,
    2.38018402e+02, 3.98796509e+02, 2.74127655e+02, 3.99455200e+02,
    3.09381042e+02, 3.99884369e+02, 3.43387115e+02, 4.00334869e+02,
    3.76460754e+02, 4.00321411e+02 ]
CalibrationFramePatternWorld: [ 0., 0., 0., 0., 4.43000011e-02, 0., 0.,
    8.86000022e-02, 0., 0., 1.32900000e-01, 0., 0., 1.77200004e-01, 0.,
    4.43000011e-02, 0., 0., 4.43000011e-02, 4.43000011e-02, 0.,
    4.43000011e-02, 8.86000022e-02, 0., 4.43000011e-02, 1.32900000e-01,
    0., 4.43000011e-02, 1.77200004e-01, 0., 8.86000022e-02, 0., 0.,
    8.86000022e-02, 4.43000011e-02, 0., 8.86000022e-02, 8.86000022e-02,
    0., 8.86000022e-02, 1.32900000e-01, 0., 8.86000022e-02,
    1.77200004e-01, 0., 1.32900000e-01, 0., 0., 1.32900000e-01,
    4.43000011e-02, 0., 1.32900000e-01, 8.86000022e-02, 0.,
    1.32900000e-01, 1.32900000e-01, 0., 1.32900000e-01, 1.77200004e-01,
    0. ]
CalibrationFrameExtRotation: !!opencv-matrix
   rows: 3
   cols: 1
   dt: d
   data: [ 1.9423497996600743e+00, 2.0773727796762187e+00,
       3.2687988033271509e-01 ]
CalibrationFrameExtTranslation: !!opencv-matrix
   rows: 3
   cols: 1
   dt: d
   data: [ -9.8050093949097097e-02, 4.0125317536190849e-02,
       9.6961730858285966e-01 ]
CalibrationFrameRMSerror: 2.0479147136211395e-01
