%YAML:1.0
---
CalibrationFramePatternImage: [ 4.64951782e+02, 1.76608932e+02,
    4.91560059e+02, 1.73010605e+02, 5.18249817e+02, 1.69323517e+02,
    5.44963989e+02, 1.65803421e+02, 5.71787476e+02, 1.62069641e+02,
    4.68588593e+02, 2.03033630e+02, 4.95071442e+02, 1.99787552e+02,
    5.21896729e+02, 1.96360504e+02, 5.48846130e+02, 1.92857666e+02,
    5.75638916e+02, 1.89347824e+02, 4.71838409e+02, 2.29712585e+02,
    4.98548096e+02, 2.26386429e+02, 5.25261536e+02, 2.23223221e+02,
    5.52202637e+02, 2.19986084e+02, 5.79120605e+02, 2.16552734e+02,
    4.75042358e+02, 2.56095581e+02, 5.01816803e+02, 2.53114716e+02,
    5.28608948e+02, 2.50016068e+02, 5.55565186e+02, 2.47015015e+02,
    5.82492859e+02, 2.43875748e+02 ]
CalibrationFramePatternWorld: [ 0., 0., 0., 0., 4.43000011e-02, 0., 0.,
    8.86000022e-02, 0., 0., 1.32900000e-01, 0., 0., 1.77200004e-01, 0.,
    4.43000011e-02, 0., 0., 4.43000011e-02, 4.43000011e-02, 0.,
    4.43000011e-02, 8.86000022e-02, 0., 4.43000011e-02, 1.32900000e-01,
    0., 4.43000011e-02, 1.77200004e-01, 0., 8.86000022e-02, 0., 0.,
    8.86000022e-02, 4.43000011e-02, 0., 8.86000022e-02, 8.86000022e-02,
    0., 8.86000022e-02, 1.32900000e-01, 0., 8.86000022e-02,
    1.77200004e-01, 0., 1.32900000e-01, 0., 0., 1.32900000e-01,
    4.43000011e-02, 0., 1.32900000e-01, 8.86000022e-02, 0.,
    1.32900000e-01, 1.32900000e-01, 0., 1.32900000e-01, 1.77200004e-01,
    0. ]
CalibrationFrameExtRotation: !!opencv-matrix
   rows: 3
   cols: 1
   dt: d
   data: [ -2.1694834810892081e+00, -1.9150503689777949e+00,
       2.7491681680627378e-01 ]
CalibrationFrameExtTranslation: !!opencv-matrix
   rows: 3
   cols: 1
   dt: d
   data: [ 2.2314619627276161e-01, -1.2414182392395740e-01,
       1.3532984187214687e+00 ]
CalibrationFrameRMSerror: 1.9835847616195679e-01
