%YAML:1.0
---
CalibrationFramePatternImage: [ 3.21904297e+02, 1.89350983e+02,
    3.70639954e+02, 1.93501892e+02, 4.22393799e+02, 1.98045776e+02,
    4.77730438e+02, 2.03191986e+02, 5.36766296e+02, 2.08698929e+02,
    3.19574951e+02, 2.46636368e+02, 3.67495667e+02, 2.52976746e+02,
    4.18814240e+02, 2.59677643e+02, 4.73457825e+02, 2.67013031e+02,
    5.32039001e+02, 2.74814728e+02, 3.17330719e+02, 3.02582550e+02,
    3.64475647e+02, 3.11060852e+02, 4.15058594e+02, 3.20133392e+02,
    4.69416290e+02, 3.29464905e+02, 5.26960815e+02, 3.39176208e+02,
    3.16458923e+02, 3.57174713e+02, 3.62786987e+02, 3.67571899e+02,
    4.12580170e+02, 3.78301666e+02, 4.65705292e+02, 3.89578735e+02,
    5.21925476e+02, 4.01258362e+02 ]
CalibrationFramePatternWorld: [ 0., 0., 0., 0., 4.43000011e-02, 0., 0.,
    8.86000022e-02, 0., 0., 1.32900000e-01, 0., 0., 1.77200004e-01, 0.,
    4.43000011e-02, 0., 0., 4.43000011e-02, 4.43000011e-02, 0.,
    4.43000011e-02, 8.86000022e-02, 0., 4.43000011e-02, 1.32900000e-01,
    0., 4.43000011e-02, 1.77200004e-01, 0., 8.86000022e-02, 0., 0.,
    8.86000022e-02, 4.43000011e-02, 0., 8.86000022e-02, 8.86000022e-02,
    0., 8.86000022e-02, 1.32900000e-01, 0., 8.86000022e-02,
    1.77200004e-01, 0., 1.32900000e-01, 0., 0., 1.32900000e-01,
    4.43000011e-02, 0., 1.32900000e-01, 8.86000022e-02, 0.,
    1.32900000e-01, 1.32900000e-01, 0., 1.32900000e-01, 1.77200004e-01,
    0. ]
CalibrationFrameExtRotation: !!opencv-matrix
   rows: 3
   cols: 1
   dt: d
   data: [ -1.7388894339194356e+00, -1.8847734557171083e+00,
       4.8591048077588078e-01 ]
CalibrationFrameExtTranslation: !!opencv-matrix
   rows: 3
   cols: 1
   dt: d
   data: [ -5.0526155618234123e-03, -4.7880999898659356e-02,
       6.4210227022447075e-01 ]
CalibrationFrameRMSerror: 4.9133154749870300e-01
