%YAML:1.0
---
CalibrationFramePatternImage: [ 2.43161667e+02, 2.69910553e+02,
    2.69810913e+02, 2.71525665e+02, 2.96553467e+02, 2.73035461e+02,
    3.24418579e+02, 2.74683044e+02, 3.53062286e+02, 2.76495483e+02,
    2.43489685e+02, 2.99151215e+02, 2.69445679e+02, 3.01476044e+02,
    2.96200317e+02, 3.03716492e+02, 3.24065338e+02, 3.05918945e+02,
    3.52756622e+02, 3.08119781e+02, 2.43519485e+02, 3.28327515e+02,
    2.69347931e+02, 3.31056183e+02, 2.96064514e+02, 3.33937103e+02,
    3.23692383e+02, 3.36536041e+02, 3.52370605e+02, 3.39328369e+02,
    2.44241318e+02, 3.57102417e+02, 2.69878326e+02, 3.60148895e+02,
    2.96528564e+02, 3.63419037e+02, 3.24130219e+02, 3.66537476e+02,
    3.52296173e+02, 3.69726105e+02 ]
CalibrationFramePatternWorld: [ 0., 0., 0., 0., 4.43000011e-02, 0., 0.,
    8.86000022e-02, 0., 0., 1.32900000e-01, 0., 0., 1.77200004e-01, 0.,
    4.43000011e-02, 0., 0., 4.43000011e-02, 4.43000011e-02, 0.,
    4.43000011e-02, 8.86000022e-02, 0., 4.43000011e-02, 1.32900000e-01,
    0., 4.43000011e-02, 1.77200004e-01, 0., 8.86000022e-02, 0., 0.,
    8.86000022e-02, 4.43000011e-02, 0., 8.86000022e-02, 8.86000022e-02,
    0., 8.86000022e-02, 1.32900000e-01, 0., 8.86000022e-02,
    1.77200004e-01, 0., 1.32900000e-01, 0., 0., 1.32900000e-01,
    4.43000011e-02, 0., 1.32900000e-01, 8.86000022e-02, 0.,
    1.32900000e-01, 1.32900000e-01, 0., 1.32900000e-01, 1.77200004e-01,
    0. ]
CalibrationFrameExtRotation: !!opencv-matrix
   rows: 3
   cols: 1
   dt: d
   data: [ -1.9145070382485343e+00, -1.9656581155127688e+00,
       3.5140609714905047e-01 ]
CalibrationFrameExtTranslation: !!opencv-matrix
   rows: 3
   cols: 1
   dt: d
   data: [ -1.2598474864021053e-01, 2.6624682724114036e-02,
       1.2333471396723013e+00 ]
CalibrationFrameRMSerror: 2.2448243200778961e-01
