%YAML:1.0
---
CalibrationFramePatternImage: [ 7.16920242e+01, 2.99734222e+02,
    1.04969269e+02, 2.85578003e+02, 1.37922134e+02, 2.72126129e+02,
    1.69963852e+02, 2.58918884e+02, 2.01269394e+02, 2.46230606e+02,
    8.00395050e+01, 3.30767914e+02, 1.12762680e+02, 3.16761444e+02,
    1.44848557e+02, 3.03061340e+02, 1.76188538e+02, 2.89805603e+02,
    2.06422668e+02, 2.76651154e+02, 8.80618591e+01, 3.59679138e+02,
    1.20073013e+02, 3.45756012e+02, 1.51308456e+02, 3.32219238e+02,
    1.81665695e+02, 3.18546692e+02, 2.11306320e+02, 3.05336395e+02,
    9.55401154e+01, 3.86876312e+02, 1.26500000e+02, 373., 1.56986404e+02,
    3.59157104e+02, 1.86587845e+02, 3.45771759e+02, 2.15622253e+02,
    3.32799347e+02 ]
CalibrationFramePatternWorld: [ 0., 0., 0., 0., 4.43000011e-02, 0., 0.,
    8.86000022e-02, 0., 0., 1.32900000e-01, 0., 0., 1.77200004e-01, 0.,
    4.43000011e-02, 0., 0., 4.43000011e-02, 4.43000011e-02, 0.,
    4.43000011e-02, 8.86000022e-02, 0., 4.43000011e-02, 1.32900000e-01,
    0., 4.43000011e-02, 1.77200004e-01, 0., 8.86000022e-02, 0., 0.,
    8.86000022e-02, 4.43000011e-02, 0., 8.86000022e-02, 8.86000022e-02,
    0., 8.86000022e-02, 1.32900000e-01, 0., 8.86000022e-02,
    1.77200004e-01, 0., 1.32900000e-01, 0., 0., 1.32900000e-01,
    4.43000011e-02, 0., 1.32900000e-01, 8.86000022e-02, 0.,
    1.32900000e-01, 1.32900000e-01, 0., 1.32900000e-01, 1.77200004e-01,
    0. ]
CalibrationFrameExtRotation: !!opencv-matrix
   rows: 3
   cols: 1
   dt: d
   data: [ -2.3388808188224202e+00, -1.8284694526995457e+00,
       -1.2420431577087137e+00 ]
CalibrationFrameExtTranslation: !!opencv-matrix
   rows: 3
   cols: 1
   dt: d
   data: [ -2.9685201616487622e-01, 5.5770493752286460e-02,
       9.3329345878089265e-01 ]
CalibrationFrameRMSerror: 3.4676408767700195e-01
