%YAML:1.0
---
CalibrationFramePatternImage: [ 3.07907776e+02, 9.36269989e+01,
    3.45560028e+02, 8.86044693e+01, 3.82332977e+02, 8.40206070e+01,
    4.18196228e+02, 7.98979034e+01, 4.53133270e+02, 7.59736176e+01,
    3.12583954e+02, 1.32032883e+02, 3.50039825e+02, 1.26578506e+02,
    3.86480927e+02, 1.21521797e+02, 4.22100128e+02, 1.16576157e+02,
    4.56508606e+02, 1.12061523e+02, 3.17493225e+02, 1.69703888e+02,
    3.54460388e+02, 1.63804733e+02, 3.90542328e+02, 1.58183914e+02,
    4.25724976e+02, 1.52694962e+02, 4.59796539e+02, 1.47546265e+02,
    3.22319489e+02, 2.06486389e+02, 3.58678619e+02, 2.00050171e+02,
    3.94226288e+02, 1.93940659e+02, 4.28934845e+02, 1.88005508e+02,
    4.62793854e+02, 1.82388123e+02 ]
CalibrationFramePatternWorld: [ 0., 0., 0., 0., 4.43000011e-02, 0., 0.,
    8.86000022e-02, 0., 0., 1.32900000e-01, 0., 0., 1.77200004e-01, 0.,
    4.43000011e-02, 0., 0., 4.43000011e-02, 4.43000011e-02, 0.,
    4.43000011e-02, 8.86000022e-02, 0., 4.43000011e-02, 1.32900000e-01,
    0., 4.43000011e-02, 1.77200004e-01, 0., 8.86000022e-02, 0., 0.,
    8.86000022e-02, 4.43000011e-02, 0., 8.86000022e-02, 8.86000022e-02,
    0., 8.86000022e-02, 1.32900000e-01, 0., 8.86000022e-02,
    1.77200004e-01, 0., 1.32900000e-01, 0., 0., 1.32900000e-01,
    4.43000011e-02, 0., 1.32900000e-01, 8.86000022e-02, 0.,
    1.32900000e-01, 1.32900000e-01, 0., 1.32900000e-01, 1.77200004e-01,
    0. ]
CalibrationFrameExtRotation: !!opencv-matrix
   rows: 3
   cols: 1
   dt: d
   data: [ 2.3798670466809400e+00, 2.0447899366189515e+00,
       5.3644731269649093e-01 ]
CalibrationFrameExtTranslation: !!opencv-matrix
   rows: 3
   cols: 1
   dt: d
   data: [ -2.3215706961426462e-02, -1.8030889881140849e-01,
       9.4098154277619550e-01 ]
CalibrationFrameRMSerror: 3.4330305457115173e-01
