%YAML:1.0
---
CalibrationFramePatternImage: [ 2.61317841e+02, 1.04707123e+02,
    3.07284485e+02, 1.04521095e+02, 3.54679840e+02, 1.04074242e+02,
    4.03712311e+02, 1.03955750e+02, 4.53838898e+02, 1.04238564e+02,
    2.55572189e+02, 1.50404053e+02, 3.02092224e+02, 1.50986160e+02,
    3.50017395e+02, 1.51591507e+02, 3.99732239e+02, 1.52245880e+02,
    4.50722778e+02, 1.53298157e+02, 2.49887680e+02, 1.97016235e+02,
    2.96543060e+02, 1.98601562e+02, 3.45007202e+02, 2.00403137e+02,
    3.95300842e+02, 2.02164536e+02, 4.46904480e+02, 2.04102615e+02,
    2.44458923e+02, 2.45346619e+02, 2.91272919e+02, 2.47978607e+02,
    3.40186005e+02, 2.50836777e+02, 3.90517975e+02, 2.53745071e+02,
    4.42224976e+02, 2.56759674e+02 ]
CalibrationFramePatternWorld: [ 0., 0., 0., 0., 4.43000011e-02, 0., 0.,
    8.86000022e-02, 0., 0., 1.32900000e-01, 0., 0., 1.77200004e-01, 0.,
    4.43000011e-02, 0., 0., 4.43000011e-02, 4.43000011e-02, 0.,
    4.43000011e-02, 8.86000022e-02, 0., 4.43000011e-02, 1.32900000e-01,
    0., 4.43000011e-02, 1.77200004e-01, 0., 8.86000022e-02, 0., 0.,
    8.86000022e-02, 4.43000011e-02, 0., 8.86000022e-02, 8.86000022e-02,
    0., 8.86000022e-02, 1.32900000e-01, 0., 8.86000022e-02,
    1.77200004e-01, 0., 1.32900000e-01, 0., 0., 1.32900000e-01,
    4.43000011e-02, 0., 1.32900000e-01, 8.86000022e-02, 0.,
    1.32900000e-01, 1.32900000e-01, 0., 1.32900000e-01, 1.77200004e-01,
    0. ]
CalibrationFrameExtRotation: !!opencv-matrix
   rows: 3
   cols: 1
   dt: d
   data: [ -2.0405025691671210e+00, -2.2065369571439550e+00,
       5.0181769277764665e-01 ]
CalibrationFrameExtTranslation: !!opencv-matrix
   rows: 3
   cols: 1
   dt: d
   data: [ -6.1297241805087374e-02, -1.3606467449803070e-01,
       7.5900898440066056e-01 ]
CalibrationFrameRMSerror: 3.6507058143615723e-01
