%YAML:1.0
---
CalibrationFramePatternImage: [ 2.52530563e+02, 2.91553802e+02,
    2.86852905e+02, 2.96841553e+02, 3.21483978e+02, 3.01978760e+02,
    3.56731720e+02, 3.07033630e+02, 3.92185577e+02, 3.12202667e+02,
    2.44382233e+02, 3.23399902e+02, 2.78982666e+02, 3.28877289e+02,
    3.14084381e+02, 3.34455841e+02, 3.49915924e+02, 3.39957581e+02,
    3.85958832e+02, 3.45482147e+02, 2.36016006e+02, 3.56073425e+02,
    2.70939087e+02, 3.61978638e+02, 3.06694519e+02, 3.68016083e+02,
    3.42805145e+02, 3.73975586e+02, 3.79429535e+02, 3.79719940e+02,
    2.27804428e+02, 3.90008972e+02, 2.62997864e+02, 3.96397583e+02,
    2.99074463e+02, 4.02743103e+02, 3.35449860e+02, 4.09069092e+02,
    3.72445740e+02, 4.15162048e+02 ]
CalibrationFramePatternWorld: [ 0., 0., 0., 0., 4.43000011e-02, 0., 0.,
    8.86000022e-02, 0., 0., 1.32900000e-01, 0., 0., 1.77200004e-01, 0.,
    4.43000011e-02, 0., 0., 4.43000011e-02, 4.43000011e-02, 0.,
    4.43000011e-02, 8.86000022e-02, 0., 4.43000011e-02, 1.32900000e-01,
    0., 4.43000011e-02, 1.77200004e-01, 0., 8.86000022e-02, 0., 0.,
    8.86000022e-02, 4.43000011e-02, 0., 8.86000022e-02, 8.86000022e-02,
    0., 8.86000022e-02, 1.32900000e-01, 0., 8.86000022e-02,
    1.77200004e-01, 0., 1.32900000e-01, 0., 0., 1.32900000e-01,
    4.43000011e-02, 0., 1.32900000e-01, 8.86000022e-02, 0.,
    1.32900000e-01, 1.32900000e-01, 0., 1.32900000e-01, 1.77200004e-01,
    0. ]
CalibrationFrameExtRotation: !!opencv-matrix
   rows: 3
   cols: 1
   dt: d
   data: [ 1.8272125909138586e+00, 2.1849968798363912e+00,
       -6.1054326414269255e-01 ]
CalibrationFrameExtTranslation: !!opencv-matrix
   rows: 3
   cols: 1
   dt: d
   data: [ -9.5303006305801422e-02, 5.0015444712136099e-02,
       1.0495427546957452e+00 ]
CalibrationFrameRMSerror: 1.8511383235454559e-01
