%YAML:1.0
---
CalibrationFramePatternImage: [ 2.04901840e+02, 2.95012451e+02,
    2.34542770e+02, 2.91957214e+02, 2.64056213e+02, 2.88917145e+02,
    2.93904205e+02, 2.85928162e+02, 3.23384277e+02, 2.82882294e+02,
    2.08098373e+02, 3.24437805e+02, 2.37821686e+02, 3.21397156e+02,
    2.67330261e+02, 3.18440369e+02, 2.96939209e+02, 3.15469604e+02,
    3.26463165e+02, 3.12408356e+02, 2.11498489e+02, 3.53478790e+02,
    2.40898926e+02, 3.50554871e+02, 2.70503021e+02, 3.47666168e+02,
    3.00059082e+02, 3.44704559e+02, 3.29772034e+02, 3.41614502e+02,
    2.14938309e+02, 3.82344208e+02, 2.44235199e+02, 3.79332825e+02,
    2.73888733e+02, 3.76550781e+02, 3.03120514e+02, 3.73556915e+02,
    3.32682159e+02, 3.70557617e+02 ]
CalibrationFramePatternWorld: [ 0., 0., 0., 0., 4.43000011e-02, 0., 0.,
    8.86000022e-02, 0., 0., 1.32900000e-01, 0., 0., 1.77200004e-01, 0.,
    4.43000011e-02, 0., 0., 4.43000011e-02, 4.43000011e-02, 0.,
    4.43000011e-02, 8.86000022e-02, 0., 4.43000011e-02, 1.32900000e-01,
    0., 4.43000011e-02, 1.77200004e-01, 0., 8.86000022e-02, 0., 0.,
    8.86000022e-02, 4.43000011e-02, 0., 8.86000022e-02, 8.86000022e-02,
    0., 8.86000022e-02, 1.32900000e-01, 0., 8.86000022e-02,
    1.77200004e-01, 0., 1.32900000e-01, 0., 0., 1.32900000e-01,
    4.43000011e-02, 0., 1.32900000e-01, 8.86000022e-02, 0.,
    1.32900000e-01, 1.32900000e-01, 0., 1.32900000e-01, 1.77200004e-01,
    0. ]
CalibrationFrameExtRotation: !!opencv-matrix
   rows: 3
   cols: 1
   dt: d
   data: [ -2.3469222730293846e+00, -2.1196495573308538e+00,
       -8.0133639225889369e-02 ]
CalibrationFrameExtTranslation: !!opencv-matrix
   rows: 3
   cols: 1
   dt: d
   data: [ -1.8341498930738037e-01, 6.4299058996522135e-02,
       1.2317542524675136e+00 ]
CalibrationFrameRMSerror: 1.2730044126510620e-01
