%YAML:1.0
---
CalibrationFramePatternImage: [ 3.58250305e+02, 2.20721115e+02,
    4.06398041e+02, 2.24713837e+02, 4.57540833e+02, 2.29250916e+02,
    5.11739960e+02, 2.33774155e+02, 5.70029724e+02, 2.39284851e+02,
    3.54010345e+02, 2.77054932e+02, 4.01633606e+02, 2.83368469e+02,
    4.52418701e+02, 2.90000854e+02, 5.06709503e+02, 2.97095276e+02,
    5.64211975e+02, 3.04350830e+02, 3.49654938e+02, 3.32653564e+02,
    3.96659515e+02, 3.41036804e+02, 4.47024475e+02, 3.50000092e+02,
    5.01205902e+02, 3.59322510e+02, 5.58269775e+02, 3.68760437e+02,
    3.46263947e+02, 3.87192291e+02, 3.92705719e+02, 3.97602203e+02,
    4.42549072e+02, 4.08475952e+02, 4.95645233e+02, 4.19668365e+02,
    5.51771851e+02, 4.31194122e+02 ]
CalibrationFramePatternWorld: [ 0., 0., 0., 0., 4.43000011e-02, 0., 0.,
    8.86000022e-02, 0., 0., 1.32900000e-01, 0., 0., 1.77200004e-01, 0.,
    4.43000011e-02, 0., 0., 4.43000011e-02, 4.43000011e-02, 0.,
    4.43000011e-02, 8.86000022e-02, 0., 4.43000011e-02, 1.32900000e-01,
    0., 4.43000011e-02, 1.77200004e-01, 0., 8.86000022e-02, 0., 0.,
    8.86000022e-02, 4.43000011e-02, 0., 8.86000022e-02, 8.86000022e-02,
    0., 8.86000022e-02, 1.32900000e-01, 0., 8.86000022e-02,
    1.77200004e-01, 0., 1.32900000e-01, 0., 0., 1.32900000e-01,
    4.43000011e-02, 0., 1.32900000e-01, 8.86000022e-02, 0.,
    1.32900000e-01, 1.32900000e-01, 0., 1.32900000e-01, 1.77200004e-01,
    0. ]
CalibrationFrameExtRotation: !!opencv-matrix
   rows: 3
   cols: 1
   dt: d
   data: [ -1.7441731811606103e+00, -1.9016239057663087e+00,
       5.9919166651482803e-01 ]
CalibrationFrameExtTranslation: !!opencv-matrix
   rows: 3
   cols: 1
   dt: d
   data: [ 2.2992195328943567e-02, -2.4209739304935481e-02,
       6.5201910261957463e-01 ]
CalibrationFrameRMSerror: 4.6630272269248962e-01
