%YAML:1.0
---
CalibrationFramePatternImage: [ 4.73870544e+02, 1.27746666e+02,
    4.95409424e+02, 1.45519028e+02, 5.16503479e+02, 1.63164932e+02,
    5.37300476e+02, 1.80853867e+02, 5.57503296e+02, 1.98046082e+02,
    4.56030151e+02, 1.48735077e+02, 4.77366028e+02, 1.66334488e+02,
    4.98468536e+02, 1.83913757e+02, 5.19082581e+02, 2.01044601e+02,
    5.39266541e+02, 2.18055756e+02, 4.38199310e+02, 1.69246857e+02,
    4.59539917e+02, 1.86766785e+02, 4.80575287e+02, 2.03939072e+02,
    5.01297516e+02, 2.20812988e+02, 5.21363159e+02, 2.37519363e+02,
    4.20630402e+02, 1.89139175e+02, 4.42030304e+02, 2.06284607e+02,
    4.62801910e+02, 2.23278275e+02, 4.83413208e+02, 2.40042648e+02,
    5.03419220e+02, 2.56477112e+02 ]
CalibrationFramePatternWorld: [ 0., 0., 0., 0., 4.43000011e-02, 0., 0.,
    8.86000022e-02, 0., 0., 1.32900000e-01, 0., 0., 1.77200004e-01, 0.,
    4.43000011e-02, 0., 0., 4.43000011e-02, 4.43000011e-02, 0.,
    4.43000011e-02, 8.86000022e-02, 0., 4.43000011e-02, 1.32900000e-01,
    0., 4.43000011e-02, 1.77200004e-01, 0., 8.86000022e-02, 0., 0.,
    8.86000022e-02, 4.43000011e-02, 0., 8.86000022e-02, 8.86000022e-02,
    0., 8.86000022e-02, 1.32900000e-01, 0., 8.86000022e-02,
    1.77200004e-01, 0., 1.32900000e-01, 0., 0., 1.32900000e-01,
    4.43000011e-02, 0., 1.32900000e-01, 8.86000022e-02, 0.,
    1.32900000e-01, 1.32900000e-01, 0., 1.32900000e-01, 1.77200004e-01,
    0. ]
CalibrationFrameExtRotation: !!opencv-matrix
   rows: 3
   cols: 1
   dt: d
   data: [ -1.2092922243412370e+00, -2.5389392877072958e+00,
       -3.5771205642145315e-01 ]
CalibrationFrameExtTranslation: !!opencv-matrix
   rows: 3
   cols: 1
   dt: d
   data: [ 2.2736991291646133e-01, -1.9488872615203265e-01,
       1.2863049396769641e+00 ]
CalibrationFrameRMSerror: 1.8543946743011475e-01
