%YAML:1.0
---
CalibrationFramePatternImage: [ 1.02236000e+02, 2.87312073e+02,
    1.38301788e+02, 2.87056396e+02, 1.74415848e+02, 2.86568329e+02,
    2.10522064e+02, 2.86020020e+02, 2.46384415e+02, 2.85600189e+02,
    1.02762657e+02, 3.23162598e+02, 1.38862808e+02, 3.22816071e+02,
    1.75235260e+02, 3.22275085e+02, 2.11668518e+02, 3.21746857e+02,
    2.47868851e+02, 3.21075073e+02, 1.03145164e+02, 3.59140503e+02,
    1.39648392e+02, 3.58921906e+02, 1.76288956e+02, 3.58269867e+02,
    2.12845154e+02, 3.57726257e+02, 2.49264343e+02, 3.56912689e+02,
    1.03893044e+02, 3.95737305e+02, 1.40579620e+02, 3.95298553e+02,
    1.77312057e+02, 3.94729034e+02, 2.13995377e+02, 3.94020844e+02,
    2.50587128e+02, 3.93093201e+02 ]
CalibrationFramePatternWorld: [ 0., 0., 0., 0., 4.43000011e-02, 0., 0.,
    8.86000022e-02, 0., 0., 1.32900000e-01, 0., 0., 1.77200004e-01, 0.,
    4.43000011e-02, 0., 0., 4.43000011e-02, 4.43000011e-02, 0.,
    4.43000011e-02, 8.86000022e-02, 0., 4.43000011e-02, 1.32900000e-01,
    0., 4.43000011e-02, 1.77200004e-01, 0., 8.86000022e-02, 0., 0.,
    8.86000022e-02, 4.43000011e-02, 0., 8.86000022e-02, 8.86000022e-02,
    0., 8.86000022e-02, 1.32900000e-01, 0., 8.86000022e-02,
    1.77200004e-01, 0., 1.32900000e-01, 0., 0., 1.32900000e-01,
    4.43000011e-02, 0., 1.32900000e-01, 8.86000022e-02, 0.,
    1.32900000e-01, 1.32900000e-01, 0., 1.32900000e-01, 1.77200004e-01,
    0. ]
CalibrationFrameExtRotation: !!opencv-matrix
   rows: 3
   cols: 1
   dt: d
   data: [ 2.0373115088708413e+00, 1.9719930492631190e+00,
       -4.2884171529126922e-02 ]
CalibrationFrameExtTranslation: !!opencv-matrix
   rows: 3
   cols: 1
   dt: d
   data: [ -2.7470705439323606e-01, 4.3328427054184521e-02,
       9.9055571941156328e-01 ]
CalibrationFrameRMSerror: 1.4294233918190002e-01
