%YAML:1.0
---
CalibrationFramePatternImage: [ 2.38689713e+02, 1.84225082e+02,
    2.66742493e+02, 1.79169662e+02, 2.94436676e+02, 1.74491669e+02,
    3.21695526e+02, 1.69710815e+02, 3.48417847e+02, 1.65342651e+02,
    2.43296112e+02, 2.12449997e+02, 2.71034180e+02, 2.07324936e+02,
    2.98671234e+02, 2.02378342e+02, 3.25852875e+02, 1.97531036e+02,
    3.52231842e+02, 1.92912308e+02, 2.47559784e+02, 2.40283203e+02,
    2.75316620e+02, 2.35034607e+02, 3.02744507e+02, 2.29935989e+02,
    3.29677551e+02, 2.24971573e+02, 3.56020782e+02, 2.19996948e+02,
    2.51713806e+02, 2.67584167e+02, 2.79272247e+02, 2.62393829e+02,
    3.06452789e+02, 2.57085663e+02, 3.33121002e+02, 2.51993958e+02,
    3.59533966e+02, 2.46914642e+02 ]
CalibrationFramePatternWorld: [ 0., 0., 0., 0., 4.43000011e-02, 0., 0.,
    8.86000022e-02, 0., 0., 1.32900000e-01, 0., 0., 1.77200004e-01, 0.,
    4.43000011e-02, 0., 0., 4.43000011e-02, 4.43000011e-02, 0.,
    4.43000011e-02, 8.86000022e-02, 0., 4.43000011e-02, 1.32900000e-01,
    0., 4.43000011e-02, 1.77200004e-01, 0., 8.86000022e-02, 0., 0.,
    8.86000022e-02, 4.43000011e-02, 0., 8.86000022e-02, 8.86000022e-02,
    0., 8.86000022e-02, 1.32900000e-01, 0., 8.86000022e-02,
    1.77200004e-01, 0., 1.32900000e-01, 0., 0., 1.32900000e-01,
    4.43000011e-02, 0., 1.32900000e-01, 8.86000022e-02, 0.,
    1.32900000e-01, 1.32900000e-01, 0., 1.32900000e-01, 1.77200004e-01,
    0. ]
CalibrationFrameExtRotation: !!opencv-matrix
   rows: 3
   cols: 1
   dt: d
   data: [ 2.3263028465105258e+00, 1.9694901131365707e+00,
       4.9751765242852458e-01 ]
CalibrationFrameExtTranslation: !!opencv-matrix
   rows: 3
   cols: 1
   dt: d
   data: [ -1.3700377695962554e-01, -1.0387215985030512e-01,
       1.2698191650485484e+00 ]
CalibrationFrameRMSerror: 1.5731680393218994e-01
