%YAML:1.0
---
CalibrationFramePatternImage: [ 4.44885468e+02, 2.27570908e+02,
    4.69553314e+02, 2.33313721e+02, 4.94591034e+02, 2.39347244e+02,
    5.20219482e+02, 2.45486069e+02, 5.46407104e+02, 2.51608109e+02,
    4.38841949e+02, 2.53885910e+02, 4.63470032e+02, 2.60018738e+02,
    4.88227386e+02, 2.66403564e+02, 5.14047180e+02, 2.72795868e+02,
    5.40145325e+02, 2.79416382e+02, 4.33257050e+02, 2.79932678e+02,
    4.57449829e+02, 2.86511139e+02, 4.82319427e+02, 2.93245605e+02,
    5.07984375e+02, 2.99950745e+02, 5.33822327e+02, 3.06927521e+02,
    4.27596710e+02, 3.05967224e+02, 4.51745148e+02, 3.12735718e+02,
    4.76739380e+02, 3.19789703e+02, 5.01825043e+02, 3.26790039e+02,
    5.27603149e+02, 3.34158508e+02 ]
CalibrationFramePatternWorld: [ 0., 0., 0., 0., 4.43000011e-02, 0., 0.,
    8.86000022e-02, 0., 0., 1.32900000e-01, 0., 0., 1.77200004e-01, 0.,
    4.43000011e-02, 0., 0., 4.43000011e-02, 4.43000011e-02, 0.,
    4.43000011e-02, 8.86000022e-02, 0., 4.43000011e-02, 1.32900000e-01,
    0., 4.43000011e-02, 1.77200004e-01, 0., 8.86000022e-02, 0., 0.,
    8.86000022e-02, 4.43000011e-02, 0., 8.86000022e-02, 8.86000022e-02,
    0., 8.86000022e-02, 1.32900000e-01, 0., 8.86000022e-02,
    1.77200004e-01, 0., 1.32900000e-01, 0., 0., 1.32900000e-01,
    4.43000011e-02, 0., 1.32900000e-01, 8.86000022e-02, 0.,
    1.32900000e-01, 1.32900000e-01, 0., 1.32900000e-01, 1.77200004e-01,
    0. ]
CalibrationFrameExtRotation: !!opencv-matrix
   rows: 3
   cols: 1
   dt: d
   data: [ -1.6719897738614662e+00, -2.1049692065267820e+00,
       4.6460348929962225e-01 ]
CalibrationFrameExtTranslation: !!opencv-matrix
   rows: 3
   cols: 1
   dt: d
   data: [ 1.8890716314657244e-01, -3.9899368326288973e-02,
       1.3540499214162214e+00 ]
CalibrationFrameRMSerror: 1.8047873675823212e-01
