%YAML:1.0
---
CalibrationFramePatternImage: [ 3.13848907e+02, 1.13136139e+02,
    3.48745758e+02, 9.70418167e+01, 3.83339996e+02, 8.18717651e+01,
    4.16805389e+02, 6.71711655e+01, 4.49322296e+02, 5.30085831e+01,
    3.24922211e+02, 1.45880127e+02, 3.59261536e+02, 1.30077103e+02,
    3.92762939e+02, 1.14691216e+02, 4.25520966e+02, 9.99090881e+01,
    4.57349945e+02, 8.55486298e+01, 3.35099091e+02, 1.77008072e+02,
    3.68665497e+02, 1.61287292e+02, 4.01485321e+02, 1.46063568e+02,
    4.33308167e+02, 1.31113098e+02, 4.64376953e+02, 1.16706718e+02,
    3.44545258e+02, 2.06364624e+02, 3.77028870e+02, 1.90802979e+02,
    4.09090607e+02, 1.75546600e+02, 4.40169067e+02, 1.60723175e+02,
    4.70537354e+02, 1.46416672e+02 ]
CalibrationFramePatternWorld: [ 0., 0., 0., 0., 4.43000011e-02, 0., 0.,
    8.86000022e-02, 0., 0., 1.32900000e-01, 0., 0., 1.77200004e-01, 0.,
    4.43000011e-02, 0., 0., 4.43000011e-02, 4.43000011e-02, 0.,
    4.43000011e-02, 8.86000022e-02, 0., 4.43000011e-02, 1.32900000e-01,
    0., 4.43000011e-02, 1.77200004e-01, 0., 8.86000022e-02, 0., 0.,
    8.86000022e-02, 4.43000011e-02, 0., 8.86000022e-02, 8.86000022e-02,
    0., 8.86000022e-02, 1.32900000e-01, 0., 8.86000022e-02,
    1.77200004e-01, 0., 1.32900000e-01, 0., 0., 1.32900000e-01,
    4.43000011e-02, 0., 1.32900000e-01, 8.86000022e-02, 0.,
    1.32900000e-01, 1.32900000e-01, 0., 1.32900000e-01, 1.77200004e-01,
    0. ]
CalibrationFrameExtRotation: !!opencv-matrix
   rows: 3
   cols: 1
   dt: d
   data: [ -2.3238140574692481e+00, -1.5286434720221196e+00,
       -9.0673790556622880e-01 ]
CalibrationFrameExtTranslation: !!opencv-matrix
   rows: 3
   cols: 1
   dt: d
   data: [ -1.6406606883848450e-02, -1.5459105990681912e-01,
       9.1970089930878685e-01 ]
CalibrationFrameRMSerror: 2.9146707057952881e-01
