%YAML:1.0
---
CalibrationFramePatternImage: [ 1.37557129e+02, 2.88943726e+02,
    1.72906281e+02, 2.92036926e+02, 2.08590332e+02, 2.94751831e+02,
    2.44226089e+02, 2.97446259e+02, 2.79764404e+02, 3.00060608e+02,
    1.33894806e+02, 3.22174194e+02, 1.69934052e+02, 3.25155029e+02,
    2.06074966e+02, 3.27995667e+02, 2.42292206e+02, 3.30676147e+02,
    2.78532928e+02, 3.33454346e+02, 1.30332108e+02, 3.56178223e+02,
    1.66835297e+02, 3.59214783e+02, 2.03588760e+02, 3.62213898e+02,
    2.40264297e+02, 3.65127899e+02, 2.77128143e+02, 3.67742340e+02,
    1.26870354e+02, 3.91517761e+02, 1.63986252e+02, 3.94898315e+02,
    2.01166870e+02, 3.97887604e+02, 2.38325714e+02, 4.00602661e+02,
    2.75568146e+02, 4.03353668e+02 ]
CalibrationFramePatternWorld: [ 0., 0., 0., 0., 4.43000011e-02, 0., 0.,
    8.86000022e-02, 0., 0., 1.32900000e-01, 0., 0., 1.77200004e-01, 0.,
    4.43000011e-02, 0., 0., 4.43000011e-02, 4.43000011e-02, 0.,
    4.43000011e-02, 8.86000022e-02, 0., 4.43000011e-02, 1.32900000e-01,
    0., 4.43000011e-02, 1.77200004e-01, 0., 8.86000022e-02, 0., 0.,
    8.86000022e-02, 4.43000011e-02, 0., 8.86000022e-02, 8.86000022e-02,
    0., 8.86000022e-02, 1.32900000e-01, 0., 8.86000022e-02,
    1.77200004e-01, 0., 1.32900000e-01, 0., 0., 1.32900000e-01,
    4.43000011e-02, 0., 1.32900000e-01, 8.86000022e-02, 0.,
    1.32900000e-01, 1.32900000e-01, 0., 1.32900000e-01, 1.77200004e-01,
    0. ]
CalibrationFrameExtRotation: !!opencv-matrix
   rows: 3
   cols: 1
   dt: d
   data: [ 1.8636195498648487e+00, 1.9624280808867913e+00,
       -2.8934439200924028e-01 ]
CalibrationFrameExtTranslation: !!opencv-matrix
   rows: 3
   cols: 1
   dt: d
   data: [ -2.3553568461456498e-01, 4.5884460898168340e-02,
       1.0133439421754060e+00 ]
CalibrationFrameRMSerror: 1.8985973298549652e-01
