%YAML:1.0
---
CalibrationFramePatternImage: [ 2.39362518e+02, 1.54393707e+02,
    2.88030518e+02, 1.41853668e+02, 3.35170441e+02, 1.29857315e+02,
    3.80585022e+02, 1.18572350e+02, 4.23569946e+02, 1.08153442e+02,
    2.53769958e+02, 2.04938339e+02, 3.02365509e+02, 1.91433594e+02,
    3.49310211e+02, 1.78419846e+02, 3.94307648e+02, 1.66120575e+02,
    4.37246521e+02, 1.54633194e+02, 2.68266479e+02, 2.55126602e+02,
    3.16769745e+02, 2.40821915e+02, 3.63473785e+02, 2.26817612e+02,
    4.07962921e+02, 2.13605118e+02, 4.50454620e+02, 2.01018478e+02,
    2.82524231e+02, 3.05257233e+02, 3.30627502e+02, 2.90100098e+02,
    3.76783264e+02, 2.75406891e+02, 4.20980621e+02, 2.61071686e+02,
    4.63269531e+02, 2.47514542e+02 ]
CalibrationFramePatternWorld: [ 0., 0., 0., 0., 4.43000011e-02, 0., 0.,
    8.86000022e-02, 0., 0., 1.32900000e-01, 0., 0., 1.77200004e-01, 0.,
    4.43000011e-02, 0., 0., 4.43000011e-02, 4.43000011e-02, 0.,
    4.43000011e-02, 8.86000022e-02, 0., 4.43000011e-02, 1.32900000e-01,
    0., 4.43000011e-02, 1.77200004e-01, 0., 8.86000022e-02, 0., 0.,
    8.86000022e-02, 4.43000011e-02, 0., 8.86000022e-02, 8.86000022e-02,
    0., 8.86000022e-02, 1.32900000e-01, 0., 8.86000022e-02,
    1.77200004e-01, 0., 1.32900000e-01, 0., 0., 1.32900000e-01,
    4.43000011e-02, 0., 1.32900000e-01, 8.86000022e-02, 0.,
    1.32900000e-01, 1.32900000e-01, 0., 1.32900000e-01, 1.77200004e-01,
    0. ]
CalibrationFrameExtRotation: !!opencv-matrix
   rows: 3
   cols: 1
   dt: d
   data: [ 2.3328361290420210e+00, 1.7441063168365307e+00,
       3.3592004616882404e-01 ]
CalibrationFrameExtTranslation: !!opencv-matrix
   rows: 3
   cols: 1
   dt: d
   data: [ -7.4988933880547726e-02, -8.2248602817535599e-02,
       6.9806445325618660e-01 ]
CalibrationFrameRMSerror: 1.7383988201618195e-01
