%YAML:1.0
---
CalibrationFramePatternImage: [ 3.65080963e+02, 2.92124176e+02,
    3.97309052e+02, 2.88647034e+02, 4.28302826e+02, 2.85336029e+02,
    4.57880890e+02, 2.82130249e+02, 4.85900330e+02, 2.79249878e+02,
    3.68355072e+02, 3.30253143e+02, 4.00904541e+02, 3.25797058e+02,
    4.31793762e+02, 3.21916779e+02, 4.61046631e+02, 3.17907623e+02,
    4.88927124e+02, 3.14031982e+02, 3.71302094e+02, 3.67661987e+02,
    4.03655762e+02, 3.62781677e+02, 4.34449249e+02, 3.57959717e+02,
    4.63631775e+02, 3.53151245e+02, 4.91333801e+02, 3.48504211e+02,
    3.73561737e+02, 4.04747253e+02, 4.05494049e+02, 3.99067871e+02,
    4.36180878e+02, 3.93490021e+02, 4.65440002e+02, 3.87996002e+02,
    4.93143829e+02, 3.82617126e+02 ]
CalibrationFramePatternWorld: [ 0., 0., 0., 0., 4.43000011e-02, 0., 0.,
    8.86000022e-02, 0., 0., 1.32900000e-01, 0., 0., 1.77200004e-01, 0.,
    4.43000011e-02, 0., 0., 4.43000011e-02, 4.43000011e-02, 0.,
    4.43000011e-02, 8.86000022e-02, 0., 4.43000011e-02, 1.32900000e-01,
    0., 4.43000011e-02, 1.77200004e-01, 0., 8.86000022e-02, 0., 0.,
    8.86000022e-02, 4.43000011e-02, 0., 8.86000022e-02, 8.86000022e-02,
    0., 8.86000022e-02, 1.32900000e-01, 0., 8.86000022e-02,
    1.77200004e-01, 0., 1.32900000e-01, 0., 0., 1.32900000e-01,
    4.43000011e-02, 0., 1.32900000e-01, 8.86000022e-02, 0.,
    1.32900000e-01, 1.32900000e-01, 0., 1.32900000e-01, 1.77200004e-01,
    0. ]
CalibrationFrameExtRotation: !!opencv-matrix
   rows: 3
   cols: 1
   dt: d
   data: [ 2.0168113949573678e+00, 1.8671092582078479e+00,
       4.4073491030238415e-01 ]
CalibrationFrameExtTranslation: !!opencv-matrix
   rows: 3
   cols: 1
   dt: d
   data: [ 4.2061361093285295e-02, 4.6469639374432471e-02,
       9.6237383725917047e-01 ]
CalibrationFrameRMSerror: 3.1609117984771729e-01
