%YAML:1.0
---
CalibrationFramePatternImage: [ 2.73880829e+02, 2.85522797e+02,
    3.02627472e+02, 2.90689728e+02, 3.32197754e+02, 2.95975677e+02,
    3.63133759e+02, 3.01179993e+02, 3.95118042e+02, 3.06925873e+02,
    2.62308350e+02, 3.16378967e+02, 2.90666656e+02, 3.22256317e+02,
    3.20366150e+02, 3.28060089e+02, 3.51484192e+02, 3.34191406e+02,
    3.83692627e+02, 3.40602142e+02, 2.50828445e+02, 3.47723541e+02,
    2.79098114e+02, 3.54122314e+02, 3.08928192e+02, 3.61032806e+02,
    3.39974335e+02, 3.68086151e+02, 3.72369232e+02, 3.75222198e+02,
    2.39757660e+02, 3.79996338e+02, 2.67988434e+02, 3.87377899e+02,
    2.97579193e+02, 3.94963287e+02, 3.28652069e+02, 4.02805145e+02,
    3.60875732e+02, 4.10623810e+02 ]
CalibrationFramePatternWorld: [ 0., 0., 0., 0., 4.43000011e-02, 0., 0.,
    8.86000022e-02, 0., 0., 1.32900000e-01, 0., 0., 1.77200004e-01, 0.,
    4.43000011e-02, 0., 0., 4.43000011e-02, 4.43000011e-02, 0.,
    4.43000011e-02, 8.86000022e-02, 0., 4.43000011e-02, 1.32900000e-01,
    0., 4.43000011e-02, 1.77200004e-01, 0., 8.86000022e-02, 0., 0.,
    8.86000022e-02, 4.43000011e-02, 0., 8.86000022e-02, 8.86000022e-02,
    0., 8.86000022e-02, 1.32900000e-01, 0., 8.86000022e-02,
    1.77200004e-01, 0., 1.32900000e-01, 0., 0., 1.32900000e-01,
    4.43000011e-02, 0., 1.32900000e-01, 8.86000022e-02, 0.,
    1.32900000e-01, 1.32900000e-01, 0., 1.32900000e-01, 1.77200004e-01,
    0. ]
CalibrationFrameExtRotation: !!opencv-matrix
   rows: 3
   cols: 1
   dt: d
   data: [ -1.7916767960329987e+00, -2.2986652416854212e+00,
       9.5751144155513956e-01 ]
CalibrationFrameExtTranslation: !!opencv-matrix
   rows: 3
   cols: 1
   dt: d
   data: [ -7.1237138684373716e-02, 4.4146475540934635e-02,
       1.0910001630395212e+00 ]
CalibrationFrameRMSerror: 2.9804503917694092e-01
