%YAML:1.0
---
CalibrationFramePatternImage: [ 1.35647858e+02, 5.85165520e+01,
    2.01149750e+02, 7.10361099e+01, 2.68304596e+02, 8.40753174e+01,
    3.34577942e+02, 9.85520554e+01, 3.99434265e+02, 1.13265366e+02,
    1.22700890e+02, 1.24847061e+02, 1.87334167e+02, 1.37482040e+02,
    2.53023544e+02, 1.50417191e+02, 3.18625671e+02, 1.63780457e+02,
    3.83173645e+02, 1.77516769e+02, 1.11341362e+02, 1.89065323e+02,
    1.74932816e+02, 2.01626511e+02, 2.39773026e+02, 2.13913696e+02,
    3.04248901e+02, 2.26621597e+02, 3.67533478e+02, 2.39255905e+02,
    1.01923820e+02, 2.50547775e+02, 1.64130280e+02, 2.62843445e+02,
    2.27480927e+02, 2.74419006e+02, 2.90486267e+02, 2.86559418e+02,
    3.52521423e+02, 2.98028839e+02 ]
CalibrationFramePatternWorld: [ 0., 0., 0., 0., 4.43000011e-02, 0., 0.,
    8.86000022e-02, 0., 0., 1.32900000e-01, 0., 0., 1.77200004e-01, 0.,
    4.43000011e-02, 0., 0., 4.43000011e-02, 4.43000011e-02, 0.,
    4.43000011e-02, 8.86000022e-02, 0., 4.43000011e-02, 1.32900000e-01,
    0., 4.43000011e-02, 1.77200004e-01, 0., 8.86000022e-02, 0., 0.,
    8.86000022e-02, 4.43000011e-02, 0., 8.86000022e-02, 8.86000022e-02,
    0., 8.86000022e-02, 1.32900000e-01, 0., 8.86000022e-02,
    1.77200004e-01, 0., 1.32900000e-01, 0., 0., 1.32900000e-01,
    4.43000011e-02, 0., 1.32900000e-01, 8.86000022e-02, 0.,
    1.32900000e-01, 1.32900000e-01, 0., 1.32900000e-01, 1.77200004e-01,
    0. ]
CalibrationFrameExtRotation: !!opencv-matrix
   rows: 3
   cols: 1
   dt: d
   data: [ -1.8798831802133060e+00, -2.3315028568317246e+00,
       -4.3928902299418193e-01 ]
CalibrationFrameExtTranslation: !!opencv-matrix
   rows: 3
   cols: 1
   dt: d
   data: [ -1.2525462346151151e-01, -1.2545746027674695e-01,
       5.2082976634691747e-01 ]
CalibrationFrameRMSerror: 5.6599122285842896e-01
