%YAML:1.0
---
CalibrationFramePatternImage: [ 2.65303955e+02, 1.96436478e+02,
    2.88499664e+02, 1.97784927e+02, 3.11966980e+02, 1.99389847e+02,
    3.36367310e+02, 2.00877762e+02, 3.61424286e+02, 2.02328049e+02,
    2.63459686e+02, 2.23514343e+02, 2.86299133e+02, 2.25514130e+02,
    3.09898865e+02, 2.27406494e+02, 3.34163330e+02, 2.29466782e+02,
    3.59326355e+02, 2.31583618e+02, 2.61465027e+02, 2.50510284e+02,
    2.84127075e+02, 2.52988693e+02, 3.07854218e+02, 2.55316635e+02,
    3.32195099e+02, 2.57708252e+02, 3.57311401e+02, 2.60507111e+02,
    2.60117401e+02, 2.77427124e+02, 2.82806335e+02, 2.80333984e+02,
    3.06301941e+02, 2.83243561e+02, 3.30552338e+02, 2.86106506e+02,
    3.55522797e+02, 2.89270752e+02 ]
CalibrationFramePatternWorld: [ 0., 0., 0., 0., 4.43000011e-02, 0., 0.,
    8.86000022e-02, 0., 0., 1.32900000e-01, 0., 0., 1.77200004e-01, 0.,
    4.43000011e-02, 0., 0., 4.43000011e-02, 4.43000011e-02, 0.,
    4.43000011e-02, 8.86000022e-02, 0., 4.43000011e-02, 1.32900000e-01,
    0., 4.43000011e-02, 1.77200004e-01, 0., 8.86000022e-02, 0., 0.,
    8.86000022e-02, 4.43000011e-02, 0., 8.86000022e-02, 8.86000022e-02,
    0., 8.86000022e-02, 1.32900000e-01, 0., 8.86000022e-02,
    1.77200004e-01, 0., 1.32900000e-01, 0., 0., 1.32900000e-01,
    4.43000011e-02, 0., 1.32900000e-01, 8.86000022e-02, 0.,
    1.32900000e-01, 1.32900000e-01, 0., 1.32900000e-01, 1.77200004e-01,
    0. ]
CalibrationFrameExtRotation: !!opencv-matrix
   rows: 3
   cols: 1
   dt: d
   data: [ -1.8311108003816157e+00, -1.9895288646341340e+00,
       4.8259268055286242e-01 ]
CalibrationFrameExtTranslation: !!opencv-matrix
   rows: 3
   cols: 1
   dt: d
   data: [ -1.0261400586118599e-01, -9.0396500180786113e-02,
       1.3553920227197878e+00 ]
CalibrationFrameRMSerror: 1.9647170603275299e-01
