%YAML:1.0
---
CalibrationFramePatternImage: [ 2.30151993e+02, 8.82494812e+01,
    2.79361115e+02, 9.88085327e+01, 3.27603546e+02, 1.10093262e+02,
    3.74753906e+02, 1.21363129e+02, 4.20350739e+02, 1.32493393e+02,
    2.18912918e+02, 1.32493958e+02, 2.66819031e+02, 1.42515289e+02,
    3.14062927e+02, 1.52768295e+02, 3.60248993e+02, 1.62937576e+02,
    4.04990570e+02, 1.72856384e+02, 2.08436050e+02, 1.74243500e+02,
    2.55384567e+02, 1.83646576e+02, 3.01615417e+02, 1.93097015e+02,
    3.46540222e+02, 2.02166962e+02, 3.90466187e+02, 2.11017914e+02,
    1.98975555e+02, 2.13053772e+02, 2.44567627e+02, 2.21759125e+02,
    2.89442169e+02, 2.30267120e+02, 3.33404388e+02, 2.38600204e+02,
    3.76223053e+02, 2.46662628e+02 ]
CalibrationFramePatternWorld: [ 0., 0., 0., 0., 4.43000011e-02, 0., 0.,
    8.86000022e-02, 0., 0., 1.32900000e-01, 0., 0., 1.77200004e-01, 0.,
    4.43000011e-02, 0., 0., 4.43000011e-02, 4.43000011e-02, 0.,
    4.43000011e-02, 8.86000022e-02, 0., 4.43000011e-02, 1.32900000e-01,
    0., 4.43000011e-02, 1.77200004e-01, 0., 8.86000022e-02, 0., 0.,
    8.86000022e-02, 4.43000011e-02, 0., 8.86000022e-02, 8.86000022e-02,
    0., 8.86000022e-02, 1.32900000e-01, 0., 8.86000022e-02,
    1.77200004e-01, 0., 1.32900000e-01, 0., 0., 1.32900000e-01,
    4.43000011e-02, 0., 1.32900000e-01, 8.86000022e-02, 0.,
    1.32900000e-01, 1.32900000e-01, 0., 1.32900000e-01, 1.77200004e-01,
    0. ]
CalibrationFrameExtRotation: !!opencv-matrix
   rows: 3
   cols: 1
   dt: d
   data: [ -1.6627568174059024e+00, -2.1603164860854194e+00,
       -7.6282758375800164e-01 ]
CalibrationFrameExtTranslation: !!opencv-matrix
   rows: 3
   cols: 1
   dt: d
   data: [ -8.5665278784473303e-02, -1.4241316054181477e-01,
       7.1505521104109881e-01 ]
CalibrationFrameRMSerror: 4.4635030627250671e-01
