%YAML:1.0
---
CalibrationFramePatternImage: [ 3.24204712e+02, 6.21174583e+01,
    3.80437164e+02, 6.98935623e+01, 4.38170532e+02, 7.87671890e+01,
    4.97162598e+02, 8.81000900e+01, 5.57201782e+02, 9.86714859e+01,
    3.18884003e+02, 1.18273102e+02, 3.73916840e+02, 1.27071129e+02,
    4.30809845e+02, 1.36681564e+02, 4.88886993e+02, 1.47247391e+02,
    5.47947144e+02, 1.58219528e+02, 3.14090210e+02, 1.72584213e+02,
    3.67829773e+02, 1.82356476e+02, 4.23384338e+02, 1.93029236e+02,
    4.80462952e+02, 2.03959488e+02, 5.38286194e+02, 2.15353561e+02,
    3.10215546e+02, 2.24148758e+02, 3.62555389e+02, 2.34912399e+02,
    4.16773560e+02, 2.46122467e+02, 4.72261993e+02, 2.57771698e+02,
    5.28427734e+02, 2.69538574e+02 ]
CalibrationFramePatternWorld: [ 0., 0., 0., 0., 4.43000011e-02, 0., 0.,
    8.86000022e-02, 0., 0., 1.32900000e-01, 0., 0., 1.77200004e-01, 0.,
    4.43000011e-02, 0., 0., 4.43000011e-02, 4.43000011e-02, 0.,
    4.43000011e-02, 8.86000022e-02, 0., 4.43000011e-02, 1.32900000e-01,
    0., 4.43000011e-02, 1.77200004e-01, 0., 8.86000022e-02, 0., 0.,
    8.86000022e-02, 4.43000011e-02, 0., 8.86000022e-02, 8.86000022e-02,
    0., 8.86000022e-02, 1.32900000e-01, 0., 8.86000022e-02,
    1.77200004e-01, 0., 1.32900000e-01, 0., 0., 1.32900000e-01,
    4.43000011e-02, 0., 1.32900000e-01, 8.86000022e-02, 0.,
    1.32900000e-01, 1.32900000e-01, 0., 1.32900000e-01, 1.77200004e-01,
    0. ]
CalibrationFrameExtRotation: !!opencv-matrix
   rows: 3
   cols: 1
   dt: d
   data: [ -1.7303187561745903e+00, -2.0152761962037173e+00,
       -4.3990439109918254e-02 ]
CalibrationFrameExtTranslation: !!opencv-matrix
   rows: 3
   cols: 1
   dt: d
   data: [ -3.5040228520158592e-03, -1.4465714584801370e-01,
       6.2297844828065863e-01 ]
CalibrationFrameRMSerror: 3.8707113265991211e-01
