%YAML:1.0
---
CalibrationFramePatternImage: [ 1.80026138e+02, 4.75528831e+01,
    2.31792542e+02, 4.61424561e+01, 2.85475769e+02, 4.49475441e+01,
    3.41181915e+02, 4.41989250e+01, 3.98416199e+02, 4.40867462e+01,
    1.74068802e+02, 9.96206360e+01, 2.26247208e+02, 9.95681992e+01,
    2.80602081e+02, 9.95637665e+01, 3.37028198e+02, 1.00048325e+02,
    3.95402008e+02, 1.00715027e+02, 1.68250381e+02, 1.53399643e+02,
    2.20596207e+02, 1.54507202e+02, 2.75573547e+02, 1.55915527e+02,
    3.32668335e+02, 1.57561752e+02, 3.91452759e+02, 1.60258987e+02,
    1.63195175e+02, 2.08635559e+02, 2.15823761e+02, 2.11228027e+02,
    2.70512177e+02, 2.14330032e+02, 3.27852112e+02, 2.17544830e+02,
    3.86942261e+02, 2.21084442e+02 ]
CalibrationFramePatternWorld: [ 0., 0., 0., 0., 4.43000011e-02, 0., 0.,
    8.86000022e-02, 0., 0., 1.32900000e-01, 0., 0., 1.77200004e-01, 0.,
    4.43000011e-02, 0., 0., 4.43000011e-02, 4.43000011e-02, 0.,
    4.43000011e-02, 8.86000022e-02, 0., 4.43000011e-02, 1.32900000e-01,
    0., 4.43000011e-02, 1.77200004e-01, 0., 8.86000022e-02, 0., 0.,
    8.86000022e-02, 4.43000011e-02, 0., 8.86000022e-02, 8.86000022e-02,
    0., 8.86000022e-02, 1.32900000e-01, 0., 8.86000022e-02,
    1.77200004e-01, 0., 1.32900000e-01, 0., 0., 1.32900000e-01,
    4.43000011e-02, 0., 1.32900000e-01, 8.86000022e-02, 0.,
    1.32900000e-01, 1.32900000e-01, 0., 1.32900000e-01, 1.77200004e-01,
    0. ]
CalibrationFrameExtRotation: !!opencv-matrix
   rows: 3
   cols: 1
   dt: d
   data: [ -2.0452588976792776e+00, -2.1905773905279524e+00,
       3.2873800469771541e-01 ]
CalibrationFrameExtTranslation: !!opencv-matrix
   rows: 3
   cols: 1
   dt: d
   data: [ -1.1916306402731806e-01, -1.6581168902629645e-01,
       6.5236027067722757e-01 ]
CalibrationFrameRMSerror: 5.1374894380569458e-01
