%YAML:1.0
---
CalibrationFramePatternImage: [ 3.94742088e+01, 3.01609253e+02,
    7.10287399e+01, 3.01148041e+02, 1.01649582e+02, 3.00761932e+02,
    1.30920929e+02, 3.00418701e+02, 1.58986725e+02, 2.99928711e+02,
    4.03826637e+01, 3.38699738e+02, 7.19850922e+01, 3.37344208e+02,
    1.02309097e+02, 3.36015320e+02, 1.31491806e+02, 3.34725403e+02,
    1.59176010e+02, 3.33553589e+02, 4.13408318e+01, 3.75110260e+02,
    7.27910690e+01, 3.73092590e+02, 1.03001289e+02, 3.70916870e+02,
    1.31852631e+02, 3.68759644e+02, 1.59454147e+02, 3.66794373e+02,
    4.20062370e+01, 4.11305634e+02, 7.30933685e+01, 4.08364990e+02,
    1.03094238e+02, 4.05426697e+02, 1.31690445e+02, 4.02489990e+02,
    1.59272949e+02, 3.99598816e+02 ]
CalibrationFramePatternWorld: [ 0., 0., 0., 0., 4.43000011e-02, 0., 0.,
    8.86000022e-02, 0., 0., 1.32900000e-01, 0., 0., 1.77200004e-01, 0.,
    4.43000011e-02, 0., 0., 4.43000011e-02, 4.43000011e-02, 0.,
    4.43000011e-02, 8.86000022e-02, 0., 4.43000011e-02, 1.32900000e-01,
    0., 4.43000011e-02, 1.77200004e-01, 0., 8.86000022e-02, 0., 0.,
    8.86000022e-02, 4.43000011e-02, 0., 8.86000022e-02, 8.86000022e-02,
    0., 8.86000022e-02, 1.32900000e-01, 0., 8.86000022e-02,
    1.77200004e-01, 0., 1.32900000e-01, 0., 0., 1.32900000e-01,
    4.43000011e-02, 0., 1.32900000e-01, 8.86000022e-02, 0.,
    1.32900000e-01, 1.32900000e-01, 0., 1.32900000e-01, 1.77200004e-01,
    0. ]
CalibrationFrameExtRotation: !!opencv-matrix
   rows: 3
   cols: 1
   dt: d
   data: [ 1.7155446272041321e+00, 1.7421117939761936e+00,
       7.3253006908702356e-01 ]
CalibrationFrameExtTranslation: !!opencv-matrix
   rows: 3
   cols: 1
   dt: d
   data: [ -3.4312580397750297e-01, 5.9613979586861508e-02,
       9.5127475054169452e-01 ]
CalibrationFrameRMSerror: 3.2106673717498779e-01
