%YAML:1.0
---
CalibrationFramePatternImage: [ 4.31611115e+02, 2.26009811e+02,
    4.59181702e+02, 2.22696198e+02, 4.86450378e+02, 2.19618469e+02,
    5.12900940e+02, 2.16576920e+02, 5.38719177e+02, 2.13657822e+02,
    4.33835297e+02, 2.54286514e+02, 4.61377899e+02, 2.50730408e+02,
    4.88355377e+02, 2.47449860e+02, 5.14738342e+02, 2.43976929e+02,
    5.40224854e+02, 2.40617645e+02, 4.36000580e+02, 2.81831909e+02,
    4.63440369e+02, 2.78082611e+02, 4.89985046e+02, 2.74656494e+02,
    5.16126099e+02, 2.71009216e+02, 5.41626953e+02, 2.67415375e+02,
    4.37869446e+02, 3.08938171e+02, 4.65031342e+02, 3.05060272e+02,
    4.91269836e+02, 3.01025635e+02, 5.17295898e+02, 2.97345825e+02,
    5.42553589e+02, 2.93528595e+02 ]
CalibrationFramePatternWorld: [ 0., 0., 0., 0., 4.43000011e-02, 0., 0.,
    8.86000022e-02, 0., 0., 1.32900000e-01, 0., 0., 1.77200004e-01, 0.,
    4.43000011e-02, 0., 0., 4.43000011e-02, 4.43000011e-02, 0.,
    4.43000011e-02, 8.86000022e-02, 0., 4.43000011e-02, 1.32900000e-01,
    0., 4.43000011e-02, 1.77200004e-01, 0., 8.86000022e-02, 0., 0.,
    8.86000022e-02, 4.43000011e-02, 0., 8.86000022e-02, 8.86000022e-02,
    0., 8.86000022e-02, 1.32900000e-01, 0., 8.86000022e-02,
    1.77200004e-01, 0., 1.32900000e-01, 0., 0., 1.32900000e-01,
    4.43000011e-02, 0., 1.32900000e-01, 8.86000022e-02, 0.,
    1.32900000e-01, 1.32900000e-01, 0., 1.32900000e-01, 1.77200004e-01,
    0. ]
CalibrationFrameExtRotation: !!opencv-matrix
   rows: 3
   cols: 1
   dt: d
   data: [ 2.3713059586751535e+00, 2.1170973706243994e+00,
       3.4596490433252347e-01 ]
CalibrationFrameExtTranslation: !!opencv-matrix
   rows: 3
   cols: 1
   dt: d
   data: [ 1.5856798605819541e-01, -3.9547878416276244e-02,
       1.2799559392057076e+00 ]
CalibrationFrameRMSerror: 1.9163234531879425e-01
