%YAML:1.0
---
CalibrationFramePatternImage: [ 2.57994507e+02, 1.41994507e+02,
    2.84155029e+02, 1.45767776e+02, 3.10691650e+02, 1.49691650e+02,
    3.37294434e+02, 1.53555756e+02, 3.64137756e+02, 1.57508469e+02,
    2.53095505e+02, 1.68423218e+02, 2.79292969e+02, 1.72298477e+02,
    3.05903290e+02, 1.76257904e+02, 3.32562073e+02, 1.80429306e+02,
    3.59625946e+02, 1.84713715e+02, 2.48470657e+02, 1.94587357e+02,
    2.74581238e+02, 1.98889893e+02, 3.01105347e+02, 2.03108932e+02,
    3.27903198e+02, 2.07535080e+02, 3.55030243e+02, 2.11960861e+02,
    2.43914993e+02, 2.21159683e+02, 2.69941772e+02, 2.25637558e+02,
    2.96417389e+02, 2.30057205e+02, 3.23296600e+02, 2.34643143e+02,
    3.50327118e+02, 2.39350845e+02 ]
CalibrationFramePatternWorld: [ 0., 0., 0., 0., 4.43000011e-02, 0., 0.,
    8.86000022e-02, 0., 0., 1.32900000e-01, 0., 0., 1.77200004e-01, 0.,
    4.43000011e-02, 0., 0., 4.43000011e-02, 4.43000011e-02, 0.,
    4.43000011e-02, 8.86000022e-02, 0., 4.43000011e-02, 1.32900000e-01,
    0., 4.43000011e-02, 1.77200004e-01, 0., 8.86000022e-02, 0., 0.,
    8.86000022e-02, 4.43000011e-02, 0., 8.86000022e-02, 8.86000022e-02,
    0., 8.86000022e-02, 1.32900000e-01, 0., 8.86000022e-02,
    1.77200004e-01, 0., 1.32900000e-01, 0., 0., 1.32900000e-01,
    4.43000011e-02, 0., 1.32900000e-01, 8.86000022e-02, 0.,
    1.32900000e-01, 1.32900000e-01, 0., 1.32900000e-01, 1.77200004e-01,
    0. ]
CalibrationFrameExtRotation: !!opencv-matrix
   rows: 3
   cols: 1
   dt: d
   data: [ -1.9587397939982087e+00, -2.3241640929887755e+00,
       1.7953587224896725e-01 ]
CalibrationFrameExtTranslation: !!opencv-matrix
   rows: 3
   cols: 1
   dt: d
   data: [ -1.1547856761285999e-01, -1.8096254434428646e-01,
       1.3597592984559639e+00 ]
CalibrationFrameRMSerror: 1.3488562405109406e-01
