%YAML:1.0
---
CalibrationFramePatternImage: [ 7.81835175e+01, 2.74793640e+02,
    1.06505035e+02, 2.61704559e+02, 1.33928574e+02, 2.49252975e+02,
    1.59904373e+02, 2.37421295e+02, 1.84735107e+02, 2.26085175e+02,
    9.27311859e+01, 3.10253235e+02, 1.20893738e+02, 2.96063843e+02,
    1.47728134e+02, 2.82626404e+02, 1.73371307e+02, 2.69937653e+02,
    1.97419403e+02, 258., 1.07008141e+02, 3.44740570e+02, 1.34606018e+02,
    3.30047028e+02, 1.60975403e+02, 3.15759338e+02, 1.85896896e+02,
    3.02107330e+02, 2.09806396e+02, 2.89495422e+02, 1.20489326e+02,
    3.79029877e+02, 1.47500000e+02, 3.63384766e+02, 1.73367081e+02,
    3.48500214e+02, 1.97954147e+02, 3.34263123e+02, 2.21501541e+02,
    3.20715240e+02 ]
CalibrationFramePatternWorld: [ 0., 0., 0., 0., 4.43000011e-02, 0., 0.,
    8.86000022e-02, 0., 0., 1.32900000e-01, 0., 0., 1.77200004e-01, 0.,
    4.43000011e-02, 0., 0., 4.43000011e-02, 4.43000011e-02, 0.,
    4.43000011e-02, 8.86000022e-02, 0., 4.43000011e-02, 1.32900000e-01,
    0., 4.43000011e-02, 1.77200004e-01, 0., 8.86000022e-02, 0., 0.,
    8.86000022e-02, 4.43000011e-02, 0., 8.86000022e-02, 8.86000022e-02,
    0., 8.86000022e-02, 1.32900000e-01, 0., 8.86000022e-02,
    1.77200004e-01, 0., 1.32900000e-01, 0., 0., 1.32900000e-01,
    4.43000011e-02, 0., 1.32900000e-01, 8.86000022e-02, 0.,
    1.32900000e-01, 1.32900000e-01, 0., 1.32900000e-01, 1.77200004e-01,
    0. ]
CalibrationFrameExtRotation: !!opencv-matrix
   rows: 3
   cols: 1
   dt: d
   data: [ 2.0362337566622384e+00, 1.3258101122663297e+00,
       7.8529606874159597e-01 ]
CalibrationFrameExtTranslation: !!opencv-matrix
   rows: 3
   cols: 1
   dt: d
   data: [ -2.8798479881651751e-01, 2.6708374077814637e-02,
       9.3218128560128044e-01 ]
CalibrationFrameRMSerror: 3.8617616891860962e-01
