%YAML:1.0
---
CalibrationFramePatternImage: [ 1.72831039e+02, 8.61738739e+01,
    2.27090546e+02, 8.20359268e+01, 2.79596069e+02, 7.88093033e+01,
    3.29839508e+02, 7.60637589e+01, 3.77476532e+02, 7.36180267e+01,
    1.77258041e+02, 1.43083725e+02, 2.31314850e+02, 1.37637726e+02,
    2.83549164e+02, 1.32870972e+02, 3.33554474e+02, 1.28602051e+02,
    3.80790192e+02, 1.25033134e+02, 1.82638321e+02, 1.99404663e+02,
    2.36557724e+02, 1.92800613e+02, 2.88271179e+02, 1.86629395e+02,
    3.37451294e+02, 1.80974472e+02, 3.84290680e+02, 1.75732864e+02,
    1.88467407e+02, 2.55112732e+02, 2.41650558e+02, 2.47263046e+02,
    2.92525879e+02, 2.39763931e+02, 3.41220337e+02, 2.32637527e+02,
    3.87411072e+02, 2.26031433e+02 ]
CalibrationFramePatternWorld: [ 0., 0., 0., 0., 4.43000011e-02, 0., 0.,
    8.86000022e-02, 0., 0., 1.32900000e-01, 0., 0., 1.77200004e-01, 0.,
    4.43000011e-02, 0., 0., 4.43000011e-02, 4.43000011e-02, 0.,
    4.43000011e-02, 8.86000022e-02, 0., 4.43000011e-02, 1.32900000e-01,
    0., 4.43000011e-02, 1.77200004e-01, 0., 8.86000022e-02, 0., 0.,
    8.86000022e-02, 4.43000011e-02, 0., 8.86000022e-02, 8.86000022e-02,
    0., 8.86000022e-02, 1.32900000e-01, 0., 8.86000022e-02,
    1.77200004e-01, 0., 1.32900000e-01, 0., 0., 1.32900000e-01,
    4.43000011e-02, 0., 1.32900000e-01, 8.86000022e-02, 0.,
    1.32900000e-01, 1.32900000e-01, 0., 1.32900000e-01, 1.77200004e-01,
    0. ]
CalibrationFrameExtRotation: !!opencv-matrix
   rows: 3
   cols: 1
   dt: d
   data: [ 2.1624445511033827e+00, 1.9352889140159493e+00,
       5.9270418831625149e-01 ]
CalibrationFrameExtTranslation: !!opencv-matrix
   rows: 3
   cols: 1
   dt: d
   data: [ -1.2015827732134660e-01, -1.2820663781977251e-01,
       6.2967636112355574e-01 ]
CalibrationFrameRMSerror: 3.5452756285667419e-01
