%YAML:1.0
---
CalibrationFramePatternImage: [ 4.66919128e+02, 2.88848663e+02,
    4.93003693e+02, 2.90105774e+02, 5.19434509e+02, 2.91380524e+02,
    5.45542114e+02, 2.92582428e+02, 5.71930420e+02, 2.93661163e+02,
    4.65535065e+02, 3.14998749e+02, 4.91577698e+02, 3.16451965e+02,
    5.17874084e+02, 3.17803101e+02, 5.44194763e+02, 3.19096130e+02,
    5.70741394e+02, 3.20505737e+02, 4.64209808e+02, 3.40780884e+02,
    4.90186035e+02, 3.42492706e+02, 5.16406006e+02, 3.43939850e+02,
    5.42522034e+02, 3.45319061e+02, 5.69046631e+02, 3.46944031e+02,
    4.62897736e+02, 3.66477264e+02, 4.88619324e+02, 3.68232178e+02,
    5.14960693e+02, 3.70009369e+02, 5.41193359e+02, 3.71505341e+02,
    5.67430176e+02, 3.73073578e+02 ]
CalibrationFramePatternWorld: [ 0., 0., 0., 0., 4.43000011e-02, 0., 0.,
    8.86000022e-02, 0., 0., 1.32900000e-01, 0., 0., 1.77200004e-01, 0.,
    4.43000011e-02, 0., 0., 4.43000011e-02, 4.43000011e-02, 0.,
    4.43000011e-02, 8.86000022e-02, 0., 4.43000011e-02, 1.32900000e-01,
    0., 4.43000011e-02, 1.77200004e-01, 0., 8.86000022e-02, 0., 0.,
    8.86000022e-02, 4.43000011e-02, 0., 8.86000022e-02, 8.86000022e-02,
    0., 8.86000022e-02, 1.32900000e-01, 0., 8.86000022e-02,
    1.77200004e-01, 0., 1.32900000e-01, 0., 0., 1.32900000e-01,
    4.43000011e-02, 0., 1.32900000e-01, 8.86000022e-02, 0.,
    1.32900000e-01, 1.32900000e-01, 0., 1.32900000e-01, 1.77200004e-01,
    0. ]
CalibrationFrameExtRotation: !!opencv-matrix
   rows: 3
   cols: 1
   dt: d
   data: [ -2.0047788480821893e+00, -2.0819142200725769e+00,
       2.8290616844002175e-01 ]
CalibrationFrameExtTranslation: !!opencv-matrix
   rows: 3
   cols: 1
   dt: d
   data: [ 2.3095406561359150e-01, 6.2015610106094861e-02,
       1.3856702398215197e+00 ]
CalibrationFrameRMSerror: 1.5618905425071716e-01
