%YAML:1.0
---
CalibrationFramePatternImage: [ 2.97762817e+02, 5.81182442e+01,
    3.35054016e+02, 6.91079559e+01, 3.72170898e+02, 8.03835297e+01,
    4.09059479e+02, 9.16919327e+01, 4.45394226e+02, 1.03259888e+02,
    2.86696350e+02, 9.49627533e+01, 3.23992188e+02, 1.05814308e+02,
    3.60865234e+02, 1.16895950e+02, 3.97522522e+02, 1.28016876e+02,
    4.33732330e+02, 1.39209366e+02, 2.76209167e+02, 1.31267731e+02,
    3.12953552e+02, 1.41990005e+02, 3.49705566e+02, 1.52798569e+02,
    3.86170746e+02, 1.63716888e+02, 4.22205292e+02, 1.74672836e+02,
    2.65655060e+02, 1.66995682e+02, 3.02171143e+02, 1.77574493e+02,
    3.38645874e+02, 1.88219620e+02, 3.74714996e+02, 1.98908844e+02,
    4.10379547e+02, 2.09548523e+02 ]
CalibrationFramePatternWorld: [ 0., 0., 0., 0., 4.43000011e-02, 0., 0.,
    8.86000022e-02, 0., 0., 1.32900000e-01, 0., 0., 1.77200004e-01, 0.,
    4.43000011e-02, 0., 0., 4.43000011e-02, 4.43000011e-02, 0.,
    4.43000011e-02, 8.86000022e-02, 0., 4.43000011e-02, 1.32900000e-01,
    0., 4.43000011e-02, 1.77200004e-01, 0., 8.86000022e-02, 0., 0.,
    8.86000022e-02, 4.43000011e-02, 0., 8.86000022e-02, 8.86000022e-02,
    0., 8.86000022e-02, 1.32900000e-01, 0., 8.86000022e-02,
    1.77200004e-01, 0., 1.32900000e-01, 0., 0., 1.32900000e-01,
    4.43000011e-02, 0., 1.32900000e-01, 8.86000022e-02, 0.,
    1.32900000e-01, 1.32900000e-01, 0., 1.32900000e-01, 1.77200004e-01,
    0. ]
CalibrationFrameExtRotation: !!opencv-matrix
   rows: 3
   cols: 1
   dt: d
   data: [ -1.7549433298509094e+00, -2.3620159080524417e+00,
       -3.3301511401603351e-01 ]
CalibrationFrameExtTranslation: !!opencv-matrix
   rows: 3
   cols: 1
   dt: d
   data: [ -3.5057034174493816e-02, -2.2131125140258781e-01,
       9.3430716247722700e-01 ]
CalibrationFrameRMSerror: 1.2221215665340424e-01
