%YAML:1.0
---
CalibrationFramePatternImage: [ 2.17022934e+02, 2.20064224e+02,
    2.45460312e+02, 2.22706345e+02, 2.73567078e+02, 2.25304047e+02,
    3.01294800e+02, 2.27900116e+02, 3.28345642e+02, 2.30575500e+02,
    2.13906540e+02, 2.49109039e+02, 2.42330109e+02, 2.51504837e+02,
    2.70411285e+02, 2.53975800e+02, 2.97929962e+02, 2.56254913e+02,
    3.24978638e+02, 2.58627960e+02, 2.10908768e+02, 2.77935211e+02,
    2.39246887e+02, 2.80140472e+02, 2.67255066e+02, 2.82389709e+02,
    2.94705322e+02, 2.84318207e+02, 3.21624573e+02, 2.86505188e+02,
    2.07820877e+02, 3.06250671e+02, 2.36064377e+02, 3.08383514e+02,
    2.63818726e+02, 3.10364197e+02, 2.91077057e+02, 3.12115295e+02,
    3.17934418e+02, 3.13891479e+02 ]
CalibrationFramePatternWorld: [ 0., 0., 0., 0., 4.43000011e-02, 0., 0.,
    8.86000022e-02, 0., 0., 1.32900000e-01, 0., 0., 1.77200004e-01, 0.,
    4.43000011e-02, 0., 0., 4.43000011e-02, 4.43000011e-02, 0.,
    4.43000011e-02, 8.86000022e-02, 0., 4.43000011e-02, 1.32900000e-01,
    0., 4.43000011e-02, 1.77200004e-01, 0., 8.86000022e-02, 0., 0.,
    8.86000022e-02, 4.43000011e-02, 0., 8.86000022e-02, 8.86000022e-02,
    0., 8.86000022e-02, 1.32900000e-01, 0., 8.86000022e-02,
    1.77200004e-01, 0., 1.32900000e-01, 0., 0., 1.32900000e-01,
    4.43000011e-02, 0., 1.32900000e-01, 8.86000022e-02, 0.,
    1.32900000e-01, 1.32900000e-01, 0., 1.32900000e-01, 1.77200004e-01,
    0. ]
CalibrationFrameExtRotation: !!opencv-matrix
   rows: 3
   cols: 1
   dt: d
   data: [ 1.9744424673420886e+00, 2.1956084508372613e+00,
       4.6864600517216548e-01 ]
CalibrationFrameExtTranslation: !!opencv-matrix
   rows: 3
   cols: 1
   dt: d
   data: [ -1.6701101880480720e-01, -4.8016774299804117e-02,
       1.2463055155662814e+00 ]
CalibrationFrameRMSerror: 1.4076165854930878e-01
