%YAML:1.0
---
CalibrationFramePatternImage: [ 2.57222870e+02, 1.24665390e+02,
    2.83858582e+02, 1.25184425e+02, 3.10456696e+02, 1.25697823e+02,
    3.37161926e+02, 1.26279144e+02, 3.63894470e+02, 1.27045937e+02,
    2.56288513e+02, 1.50901520e+02, 2.82991180e+02, 1.51505981e+02,
    3.09734344e+02, 1.51941727e+02, 3.36476990e+02, 1.52558914e+02,
    3.63145508e+02, 1.53310318e+02, 2.55530411e+02, 1.77140686e+02,
    2.82071960e+02, 1.77814880e+02, 3.08882904e+02, 1.78353775e+02,
    3.35720673e+02, 1.79037445e+02, 3.62394440e+02, 1.79842590e+02,
    2.54831436e+02, 2.03592804e+02, 2.81298004e+02, 2.04087357e+02,
    3.08059448e+02, 2.04889709e+02, 3.34963776e+02, 2.05717010e+02,
    3.61804504e+02, 2.06312653e+02 ]
CalibrationFramePatternWorld: [ 0., 0., 0., 0., 4.43000011e-02, 0., 0.,
    8.86000022e-02, 0., 0., 1.32900000e-01, 0., 0., 1.77200004e-01, 0.,
    4.43000011e-02, 0., 0., 4.43000011e-02, 4.43000011e-02, 0.,
    4.43000011e-02, 8.86000022e-02, 0., 4.43000011e-02, 1.32900000e-01,
    0., 4.43000011e-02, 1.77200004e-01, 0., 8.86000022e-02, 0., 0.,
    8.86000022e-02, 4.43000011e-02, 0., 8.86000022e-02, 8.86000022e-02,
    0., 8.86000022e-02, 1.32900000e-01, 0., 8.86000022e-02,
    1.77200004e-01, 0., 1.32900000e-01, 0., 0., 1.32900000e-01,
    4.43000011e-02, 0., 1.32900000e-01, 8.86000022e-02, 0.,
    1.32900000e-01, 1.32900000e-01, 0., 1.32900000e-01, 1.77200004e-01,
    0. ]
CalibrationFrameExtRotation: !!opencv-matrix
   rows: 3
   cols: 1
   dt: d
   data: [ 2.2003503463791292e+00, 2.2614206507350394e+00,
       -9.6680141777885521e-03 ]
CalibrationFrameExtTranslation: !!opencv-matrix
   rows: 3
   cols: 1
   dt: d
   data: [ -1.1866434979757390e-01, -2.1310845836201089e-01,
       1.3811655850517908e+00 ]
CalibrationFrameRMSerror: 1.0356631129980087e-01
