%YAML:1.0
---
CalibrationFramePatternImage: [ 3.89892334e+02, 2.89842896e+02,
    4.25402008e+02, 2.87739777e+02, 4.60341614e+02, 2.85498566e+02,
    4.94191223e+02, 2.83463470e+02, 5.26957092e+02, 2.81398590e+02,
    3.92508698e+02, 3.27061371e+02, 4.28340118e+02, 3.24551208e+02,
    4.63304047e+02, 3.21943054e+02, 4.97159271e+02, 3.19391388e+02,
    5.29840515e+02, 3.16775574e+02, 3.94915985e+02, 3.64019348e+02,
    4.30832245e+02, 3.61088562e+02, 4.65742401e+02, 3.58112213e+02,
    4.99374115e+02, 3.55127686e+02, 5.32339478e+02, 3.52073212e+02,
    3.96819763e+02, 4.00765015e+02, 4.32624847e+02, 3.97524811e+02,
    4.67484283e+02, 3.94223969e+02, 5.01222626e+02, 3.90837616e+02,
    5.34011414e+02, 3.87382812e+02 ]
CalibrationFramePatternWorld: [ 0., 0., 0., 0., 4.43000011e-02, 0., 0.,
    8.86000022e-02, 0., 0., 1.32900000e-01, 0., 0., 1.77200004e-01, 0.,
    4.43000011e-02, 0., 0., 4.43000011e-02, 4.43000011e-02, 0.,
    4.43000011e-02, 8.86000022e-02, 0., 4.43000011e-02, 1.32900000e-01,
    0., 4.43000011e-02, 1.77200004e-01, 0., 8.86000022e-02, 0., 0.,
    8.86000022e-02, 4.43000011e-02, 0., 8.86000022e-02, 8.86000022e-02,
    0., 8.86000022e-02, 1.32900000e-01, 0., 8.86000022e-02,
    1.77200004e-01, 0., 1.32900000e-01, 0., 0., 1.32900000e-01,
    4.43000011e-02, 0., 1.32900000e-01, 8.86000022e-02, 0.,
    1.32900000e-01, 1.32900000e-01, 0., 1.32900000e-01, 1.77200004e-01,
    0. ]
CalibrationFrameExtRotation: !!opencv-matrix
   rows: 3
   cols: 1
   dt: d
   data: [ 2.1408844184977029e+00, 2.0262159660537011e+00,
       7.6858707934291795e-02 ]
CalibrationFrameExtTranslation: !!opencv-matrix
   rows: 3
   cols: 1
   dt: d
   data: [ 7.2616775162446440e-02, 4.5198364452941300e-02,
       9.8921729446995743e-01 ]
CalibrationFrameRMSerror: 2.1004864573478699e-01
