%YAML:1.0
---
CalibrationFramePatternImage: [ 4.05758453e+02, 2.91184387e+02,
    4.41451508e+02, 2.90849640e+02, 4.77386383e+02, 2.90254333e+02,
    5.13106079e+02, 2.89838440e+02, 5.48720947e+02, 2.89174164e+02,
    4.05820679e+02, 3.26803284e+02, 4.41613586e+02, 3.26583557e+02,
    4.77569366e+02, 3.26310944e+02, 5.13545898e+02, 3.25641541e+02,
    5.49398804e+02, 3.25323883e+02, 4.05751282e+02, 3.62349884e+02,
    4.41611267e+02, 3.62242065e+02, 4.77661072e+02, 3.61980957e+02,
    5.13650635e+02, 3.61623413e+02, 5.49384949e+02, 3.61236755e+02,
    4.05663940e+02, 3.97812347e+02, 4.41491974e+02, 3.97876465e+02,
    4.77549652e+02, 3.97723846e+02, 5.13486389e+02, 3.97524048e+02,
    5.49222717e+02, 3.97163452e+02 ]
CalibrationFramePatternWorld: [ 0., 0., 0., 0., 4.43000011e-02, 0., 0.,
    8.86000022e-02, 0., 0., 1.32900000e-01, 0., 0., 1.77200004e-01, 0.,
    4.43000011e-02, 0., 0., 4.43000011e-02, 4.43000011e-02, 0.,
    4.43000011e-02, 8.86000022e-02, 0., 4.43000011e-02, 1.32900000e-01,
    0., 4.43000011e-02, 1.77200004e-01, 0., 8.86000022e-02, 0., 0.,
    8.86000022e-02, 4.43000011e-02, 0., 8.86000022e-02, 8.86000022e-02,
    0., 8.86000022e-02, 1.32900000e-01, 0., 8.86000022e-02,
    1.77200004e-01, 0., 1.32900000e-01, 0., 0., 1.32900000e-01,
    4.43000011e-02, 0., 1.32900000e-01, 8.86000022e-02, 0.,
    1.32900000e-01, 1.32900000e-01, 0., 1.32900000e-01, 1.77200004e-01,
    0. ]
CalibrationFrameExtRotation: !!opencv-matrix
   rows: 3
   cols: 1
   dt: d
   data: [ -2.1747989280947229e+00, -2.1606778660958654e+00,
       3.2236489115144762e-01 ]
CalibrationFrameExtTranslation: !!opencv-matrix
   rows: 3
   cols: 1
   dt: d
   data: [ 9.5536654934652854e-02, 4.8918947680664453e-02,
       1.0322077941925405e+00 ]
CalibrationFrameRMSerror: 1.0834155976772308e-01
