%YAML:1.0
---
CalibrationFramePatternImage: [ 2.13377914e+02, 6.38811035e+01,
    2.51364548e+02, 6.97436829e+01, 2.90358673e+02, 7.59827881e+01,
    3.31004456e+02, 8.26190338e+01, 3.72909790e+02, 9.00538254e+01,
    2.05222229e+02, 1.04050018e+02, 2.42881302e+02, 1.10926849e+02,
    2.81993103e+02, 1.17989120e+02, 3.22296417e+02, 1.25617188e+02,
    3.64153442e+02, 1.33773956e+02, 1.97045883e+02, 1.44470718e+02,
    2.34363724e+02, 1.52050934e+02, 2.73291687e+02, 1.60029327e+02,
    3.13773499e+02, 1.68519348e+02, 3.55292053e+02, 1.77595551e+02,
    1.89514313e+02, 1.84935272e+02, 2.26704025e+02, 1.93374802e+02,
    2.65349640e+02, 2.02233582e+02, 3.05331421e+02, 2.11520355e+02,
    3.46470612e+02, 2.21415146e+02 ]
CalibrationFramePatternWorld: [ 0., 0., 0., 0., 4.43000011e-02, 0., 0.,
    8.86000022e-02, 0., 0., 1.32900000e-01, 0., 0., 1.77200004e-01, 0.,
    4.43000011e-02, 0., 0., 4.43000011e-02, 4.43000011e-02, 0.,
    4.43000011e-02, 8.86000022e-02, 0., 4.43000011e-02, 1.32900000e-01,
    0., 4.43000011e-02, 1.77200004e-01, 0., 8.86000022e-02, 0., 0.,
    8.86000022e-02, 4.43000011e-02, 0., 8.86000022e-02, 8.86000022e-02,
    0., 8.86000022e-02, 1.32900000e-01, 0., 8.86000022e-02,
    1.77200004e-01, 0., 1.32900000e-01, 0., 0., 1.32900000e-01,
    4.43000011e-02, 0., 1.32900000e-01, 8.86000022e-02, 0.,
    1.32900000e-01, 1.32900000e-01, 0., 1.32900000e-01, 1.77200004e-01,
    0. ]
CalibrationFrameExtRotation: !!opencv-matrix
   rows: 3
   cols: 1
   dt: d
   data: [ -1.7879020984419780e+00, -2.2285208333824902e+00,
       1.9310190824736814e-01 ]
CalibrationFrameExtTranslation: !!opencv-matrix
   rows: 3
   cols: 1
   dt: d
   data: [ -1.2170698104537861e-01, -2.0029645668336482e-01,
       8.6360118924779161e-01 ]
CalibrationFrameRMSerror: 3.0040708184242249e-01
