%YAML:1.0
---
CalibrationFramePatternImage: [ 3.22052399e+02, 6.79019852e+01,
    3.51809723e+02, 6.82234802e+01, 3.82673798e+02, 6.86186371e+01,
    4.15304016e+02, 6.93497772e+01, 4.49531982e+02, 7.02105942e+01,
    3.20502625e+02, 1.03994766e+02, 3.49977112e+02, 1.05251373e+02,
    3.80887787e+02, 1.06655777e+02, 4.13503143e+02, 1.08420090e+02,
    4.47756653e+02, 1.10210487e+02, 3.19463531e+02, 1.39899292e+02,
    3.48780670e+02, 1.42026550e+02, 3.79480927e+02, 1.44531937e+02,
    4.12005493e+02, 1.47202011e+02, 4.46009460e+02, 1.50097168e+02,
    3.18862030e+02, 1.75403625e+02, 3.48029205e+02, 1.78615448e+02,
    3.78715057e+02, 1.82120316e+02, 4.10823120e+02, 1.85756393e+02,
    4.44451935e+02, 1.89759094e+02 ]
CalibrationFramePatternWorld: [ 0., 0., 0., 0., 4.43000011e-02, 0., 0.,
    8.86000022e-02, 0., 0., 1.32900000e-01, 0., 0., 1.77200004e-01, 0.,
    4.43000011e-02, 0., 0., 4.43000011e-02, 4.43000011e-02, 0.,
    4.43000011e-02, 8.86000022e-02, 0., 4.43000011e-02, 1.32900000e-01,
    0., 4.43000011e-02, 1.77200004e-01, 0., 8.86000022e-02, 0., 0.,
    8.86000022e-02, 4.43000011e-02, 0., 8.86000022e-02, 8.86000022e-02,
    0., 8.86000022e-02, 1.32900000e-01, 0., 8.86000022e-02,
    1.77200004e-01, 0., 1.32900000e-01, 0., 0., 1.32900000e-01,
    4.43000011e-02, 0., 1.32900000e-01, 8.86000022e-02, 0.,
    1.32900000e-01, 1.32900000e-01, 0., 1.32900000e-01, 1.77200004e-01,
    0. ]
CalibrationFrameExtRotation: !!opencv-matrix
   rows: 3
   cols: 1
   dt: d
   data: [ -1.6949455732634171e+00, -1.8658814295100474e+00,
       4.4035882155456740e-01 ]
CalibrationFrameExtTranslation: !!opencv-matrix
   rows: 3
   cols: 1
   dt: d
   data: [ -8.1240189903832097e-03, -2.2447046237129462e-01,
       9.9945497736367961e-01 ]
CalibrationFrameRMSerror: 2.5820598006248474e-01
