%YAML:1.0
---
CalibrationFramePatternImage: [ 1.94140778e+02, 2.72770233e+02,
    2.19651382e+02, 2.69597046e+02, 2.45002380e+02, 2.66180939e+02,
    2.69107788e+02, 2.63369476e+02, 2.92485901e+02, 2.60463715e+02,
    1.96222229e+02, 3.03272095e+02, 2.21855179e+02, 2.99270691e+02,
    2.46958878e+02, 2.95562927e+02, 2.71212189e+02, 2.92120544e+02,
    2.94283630e+02, 2.88516235e+02, 1.98481293e+02, 3.33220001e+02,
    2.24333328e+02, 3.28875793e+02, 2.49273315e+02, 3.24635162e+02, 273.,
    3.20454590e+02, 2.96018066e+02, 3.16510040e+02, 2.00314087e+02,
    3.62625427e+02, 2.25842545e+02, 3.57827698e+02, 2.50640564e+02,
    3.53072266e+02, 2.74341125e+02, 3.48459137e+02, 2.97555328e+02,
    3.43924011e+02 ]
CalibrationFramePatternWorld: [ 0., 0., 0., 0., 4.43000011e-02, 0., 0.,
    8.86000022e-02, 0., 0., 1.32900000e-01, 0., 0., 1.77200004e-01, 0.,
    4.43000011e-02, 0., 0., 4.43000011e-02, 4.43000011e-02, 0.,
    4.43000011e-02, 8.86000022e-02, 0., 4.43000011e-02, 1.32900000e-01,
    0., 4.43000011e-02, 1.77200004e-01, 0., 8.86000022e-02, 0., 0.,
    8.86000022e-02, 4.43000011e-02, 0., 8.86000022e-02, 8.86000022e-02,
    0., 8.86000022e-02, 1.32900000e-01, 0., 8.86000022e-02,
    1.77200004e-01, 0., 1.32900000e-01, 0., 0., 1.32900000e-01,
    4.43000011e-02, 0., 1.32900000e-01, 8.86000022e-02, 0.,
    1.32900000e-01, 1.32900000e-01, 0., 1.32900000e-01, 1.77200004e-01,
    0. ]
CalibrationFrameExtRotation: !!opencv-matrix
   rows: 3
   cols: 1
   dt: d
   data: [ 1.9240755642541876e+00, 1.7722171923298220e+00,
       7.1694543673746969e-01 ]
CalibrationFrameExtTranslation: !!opencv-matrix
   rows: 3
   cols: 1
   dt: d
   data: [ -1.9311750630647129e-01, 3.0177198449203468e-02,
       1.1897922314452627e+00 ]
CalibrationFrameRMSerror: 2.4076144397258759e-01
