%YAML:1.0
---
CalibrationFramePatternImage: [ 2.09668045e+02, 5.53983078e+01,
    2.57282562e+02, 6.74028397e+01, 3.05894958e+02, 8.03714752e+01,
    3.55960510e+02, 9.42758942e+01, 4.06855377e+02, 1.08758003e+02,
    2.00272736e+02, 1.03322624e+02, 2.46762955e+02, 1.15907890e+02,
    2.94566101e+02, 1.29461761e+02, 3.43652863e+02, 1.43559738e+02,
    3.93695923e+02, 1.58227905e+02, 1.91369095e+02, 1.49628799e+02,
    2.36819992e+02, 1.62928085e+02, 2.83764771e+02, 1.76816711e+02,
    3.32045776e+02, 1.90940033e+02, 3.81046692e+02, 2.05569260e+02,
    1.83834793e+02, 1.93942825e+02, 2.28289917e+02, 2.07506790e+02,
    2.74158142e+02, 2.21574448e+02, 3.21335114e+02, 2.35933014e+02,
    3.68890900e+02, 2.50702911e+02 ]
CalibrationFramePatternWorld: [ 0., 0., 0., 0., 4.43000011e-02, 0., 0.,
    8.86000022e-02, 0., 0., 1.32900000e-01, 0., 0., 1.77200004e-01, 0.,
    4.43000011e-02, 0., 0., 4.43000011e-02, 4.43000011e-02, 0.,
    4.43000011e-02, 8.86000022e-02, 0., 4.43000011e-02, 1.32900000e-01,
    0., 4.43000011e-02, 1.77200004e-01, 0., 8.86000022e-02, 0., 0.,
    8.86000022e-02, 4.43000011e-02, 0., 8.86000022e-02, 8.86000022e-02,
    0., 8.86000022e-02, 1.32900000e-01, 0., 8.86000022e-02,
    1.77200004e-01, 0., 1.32900000e-01, 0., 0., 1.32900000e-01,
    4.43000011e-02, 0., 1.32900000e-01, 8.86000022e-02, 0.,
    1.32900000e-01, 1.32900000e-01, 0., 1.32900000e-01, 1.77200004e-01,
    0. ]
CalibrationFrameExtRotation: !!opencv-matrix
   rows: 3
   cols: 1
   dt: d
   data: [ -1.6435841736470327e+00, -2.1712983584590018e+00,
       -2.1056634469951671e-01 ]
CalibrationFrameExtTranslation: !!opencv-matrix
   rows: 3
   cols: 1
   dt: d
   data: [ -1.0311308559743085e-01, -1.7092221116610876e-01,
       7.0499351676642374e-01 ]
CalibrationFrameRMSerror: 3.1300839781761169e-01
