%YAML:1.0
---
CalibrationFramePatternImage: [ 4.09303040e+02, 1.25115662e+02,
    4.05172791e+02, 1.39997498e+02, 4.01309937e+02, 1.54688705e+02,
    3.97601379e+02, 1.69363815e+02, 4.00194427e+02, 1.30491119e+02,
    3.96271454e+02, 1.45342270e+02, 3.92230682e+02, 1.60097534e+02,
    3.88284180e+02, 1.74779251e+02, 3.95051514e+02, 1.21246391e+02,
    3.91064636e+02, 1.35874557e+02, 3.86971527e+02, 1.50476410e+02,
    3.83236053e+02, 1.65511169e+02, 3.85873566e+02, 1.26254951e+02,
    3.81899170e+02, 1.41141129e+02, 3.77835663e+02, 1.56107880e+02,
    3.74115509e+02, 1.70955368e+02, 3.80800751e+02, 1.16694641e+02,
    3.76769257e+02, 1.31777573e+02, 3.72758545e+02, 1.46571182e+02,
    3.69011292e+02, 1.61582703e+02, 3.71370331e+02, 1.22116600e+02,
    3.67460327e+02, 1.37170319e+02, 3.63608307e+02, 1.52148331e+02,
    3.59676941e+02, 1.67153854e+02, 3.66266602e+02, 1.12501350e+02,
    3.62084686e+02, 1.27679314e+02, 3.58323517e+02, 1.42631317e+02,
    3.54314789e+02, 1.57650543e+02, 3.56856659e+02, 1.17811523e+02,
    3.52903748e+02, 1.33028137e+02, 3.48990753e+02, 1.48380234e+02,
    3.45286469e+02, 1.63448166e+02, 3.51708282e+02, 1.08165268e+02,
    3.47529724e+02, 1.23317291e+02, 3.43543213e+02, 1.38470871e+02,
    3.39778229e+02, 1.53796219e+02, 3.42297180e+02, 1.13528839e+02,
    3.38254059e+02, 1.28603485e+02, 3.34389252e+02, 1.44032501e+02,
    3.30559723e+02, 1.59374313e+02, 3.37153656e+02, 1.03703255e+02,
    3.32907532e+02, 1.18915138e+02, 3.28923401e+02, 1.34380814e+02,
    3.25108582e+02, 1.49672714e+02 ]
CalibrationFramePatternWorld: [ 0., 0., 0., 0., 7.00000003e-02, 0., 0.,
    1.40000001e-01, 0., 0., 2.10000008e-01, 0., 3.50000001e-02,
    3.50000001e-02, 0., 3.50000001e-02, 1.05000004e-01, 0.,
    3.50000001e-02, 1.74999997e-01, 0., 3.50000001e-02, 2.45000005e-01,
    0., 7.00000003e-02, 0., 0., 7.00000003e-02, 7.00000003e-02, 0.,
    7.00000003e-02, 1.40000001e-01, 0., 7.00000003e-02, 2.10000008e-01,
    0., 1.05000004e-01, 3.50000001e-02, 0., 1.05000004e-01,
    1.05000004e-01, 0., 1.05000004e-01, 1.74999997e-01, 0.,
    1.05000004e-01, 2.45000005e-01, 0., 1.40000001e-01, 0., 0.,
    1.40000001e-01, 7.00000003e-02, 0., 1.40000001e-01, 1.40000001e-01,
    0., 1.40000001e-01, 2.10000008e-01, 0., 1.74999997e-01,
    3.50000001e-02, 0., 1.74999997e-01, 1.05000004e-01, 0.,
    1.74999997e-01, 1.74999997e-01, 0., 1.74999997e-01, 2.45000005e-01,
    0., 2.10000008e-01, 0., 0., 2.10000008e-01, 7.00000003e-02, 0.,
    2.10000008e-01, 1.40000001e-01, 0., 2.10000008e-01, 2.10000008e-01,
    0., 2.45000005e-01, 3.50000001e-02, 0., 2.45000005e-01,
    1.05000004e-01, 0., 2.45000005e-01, 1.74999997e-01, 0.,
    2.45000005e-01, 2.45000005e-01, 0., 2.80000001e-01, 0., 0.,
    2.80000001e-01, 7.00000003e-02, 0., 2.80000001e-01, 1.40000001e-01,
    0., 2.80000001e-01, 2.10000008e-01, 0., 3.14999998e-01,
    3.50000001e-02, 0., 3.14999998e-01, 1.05000004e-01, 0.,
    3.14999998e-01, 1.74999997e-01, 0., 3.14999998e-01, 2.45000005e-01,
    0., 3.49999994e-01, 0., 0., 3.49999994e-01, 7.00000003e-02, 0.,
    3.49999994e-01, 1.40000001e-01, 0., 3.49999994e-01, 2.10000008e-01,
    0. ]
CalibrationFrameExtRotation: !!opencv-matrix
   rows: 3
   cols: 1
   dt: d
   data: [ -3.4578936143104116e-01, 2.8133413941149348e+00,
       1.0769008262074971e-01 ]
CalibrationFrameExtTranslation: !!opencv-matrix
   rows: 3
   cols: 1
   dt: d
   data: [ 1.5641504383789301e-01, -5.2663428612680729e-01,
       3.0456085129680428e+00 ]
CalibrationFrameRMSerror: 1.5817247331142426e-01
