%YAML:1.0
---
CalibrationFramePatternImage: [ 6.13744507e+02, 1.04449608e+02,
    6.08968445e+02, 1.62334335e+02, 6.03963440e+02, 2.19738144e+02,
    5.98641418e+02, 2.77619720e+02, 5.80700806e+02, 1.31692963e+02,
    5.75901123e+02, 1.88863098e+02, 5.70662476e+02, 2.46197800e+02,
    5.65442322e+02, 3.03516022e+02, 5.53054260e+02, 1.01864517e+02,
    5.48326782e+02, 1.58613251e+02, 5.43192078e+02, 2.15213623e+02,
    5.38152161e+02, 2.72271240e+02, 5.21041260e+02, 1.28668381e+02,
    5.16135071e+02, 1.84877670e+02, 5.11217407e+02, 2.41339188e+02,
    5.06269287e+02, 2.97734100e+02, 4.94112701e+02, 9.90319824e+01,
    4.89457031e+02, 1.55257492e+02, 4.84500244e+02, 2.10886017e+02,
    4.80033691e+02, 2.66987793e+02, 4.63048340e+02, 1.25628746e+02,
    4.58497803e+02, 1.81060135e+02, 4.53686218e+02, 2.36569244e+02,
    4.48845459e+02, 2.92114899e+02, 4.36976776e+02, 9.65440903e+01,
    4.32385437e+02, 1.51880341e+02, 4.27886353e+02, 2.06889648e+02,
    4.23172516e+02, 2.61883118e+02, 4.06751678e+02, 1.22854851e+02,
    4.02417633e+02, 1.77379044e+02, 3.97814484e+02, 2.32186920e+02,
    3.93219330e+02, 2.86932922e+02, 3.81363678e+02, 9.42978287e+01,
    3.77129913e+02, 1.48526596e+02, 3.72672089e+02, 2.02701920e+02,
    3.68305908e+02, 2.57004181e+02, 3.52118256e+02, 1.19840294e+02,
    3.47802155e+02, 1.73627579e+02, 3.43515259e+02, 2.27713226e+02,
    3.38972076e+02, 2.81655975e+02, 3.27303589e+02, 9.13183746e+01,
    3.22973389e+02, 1.45150955e+02, 3.18869720e+02, 1.98729218e+02,
    3.14527100e+02, 2.52441757e+02 ]
CalibrationFramePatternWorld: [ 0., 0., 0., 0., 7.00000003e-02, 0., 0.,
    1.40000001e-01, 0., 0., 2.10000008e-01, 0., 3.50000001e-02,
    3.50000001e-02, 0., 3.50000001e-02, 1.05000004e-01, 0.,
    3.50000001e-02, 1.74999997e-01, 0., 3.50000001e-02, 2.45000005e-01,
    0., 7.00000003e-02, 0., 0., 7.00000003e-02, 7.00000003e-02, 0.,
    7.00000003e-02, 1.40000001e-01, 0., 7.00000003e-02, 2.10000008e-01,
    0., 1.05000004e-01, 3.50000001e-02, 0., 1.05000004e-01,
    1.05000004e-01, 0., 1.05000004e-01, 1.74999997e-01, 0.,
    1.05000004e-01, 2.45000005e-01, 0., 1.40000001e-01, 0., 0.,
    1.40000001e-01, 7.00000003e-02, 0., 1.40000001e-01, 1.40000001e-01,
    0., 1.40000001e-01, 2.10000008e-01, 0., 1.74999997e-01,
    3.50000001e-02, 0., 1.74999997e-01, 1.05000004e-01, 0.,
    1.74999997e-01, 1.74999997e-01, 0., 1.74999997e-01, 2.45000005e-01,
    0., 2.10000008e-01, 0., 0., 2.10000008e-01, 7.00000003e-02, 0.,
    2.10000008e-01, 1.40000001e-01, 0., 2.10000008e-01, 2.10000008e-01,
    0., 2.45000005e-01, 3.50000001e-02, 0., 2.45000005e-01,
    1.05000004e-01, 0., 2.45000005e-01, 1.74999997e-01, 0.,
    2.45000005e-01, 2.45000005e-01, 0., 2.80000001e-01, 0., 0.,
    2.80000001e-01, 7.00000003e-02, 0., 2.80000001e-01, 1.40000001e-01,
    0., 2.80000001e-01, 2.10000008e-01, 0., 3.14999998e-01,
    3.50000001e-02, 0., 3.14999998e-01, 1.05000004e-01, 0.,
    3.14999998e-01, 1.74999997e-01, 0., 3.14999998e-01, 2.45000005e-01,
    0., 3.49999994e-01, 0., 0., 3.49999994e-01, 7.00000003e-02, 0.,
    3.49999994e-01, 1.40000001e-01, 0., 3.49999994e-01, 2.10000008e-01,
    0. ]
CalibrationFrameExtRotation: !!opencv-matrix
   rows: 3
   cols: 1
   dt: d
   data: [ 1.1963513098675227e-01, -3.0192179408785700e+00,
       -4.7275615383124081e-02 ]
CalibrationFrameExtTranslation: !!opencv-matrix
   rows: 3
   cols: 1
   dt: d
   data: [ 2.8541482095919735e-01, -1.6431965085392577e-01,
       8.1499243617362105e-01 ]
CalibrationFrameRMSerror: 3.7154081463813782e-01
