%YAML:1.0
---
CalibrationFramePatternImage: [ 2.28658035e+02, 2.02759399e+02,
    2.24264465e+02, 2.21054977e+02, 2.20102692e+02, 2.39138779e+02,
    2.15588013e+02, 2.57498169e+02, 2.18681015e+02, 2.09492355e+02,
    2.14438721e+02, 2.27777542e+02, 2.10133499e+02, 2.45917938e+02,
    2.05569458e+02, 2.64068604e+02, 2.12921402e+02, 1.98718002e+02,
    2.08801834e+02, 2.16654907e+02, 2.04726196e+02, 2.34505005e+02,
    2.00185333e+02, 2.52812180e+02, 2.03246552e+02, 2.05436096e+02,
    1.99118454e+02, 2.23390411e+02, 1.94673126e+02, 2.41489212e+02,
    1.90237015e+02, 2.59301361e+02, 1.97484482e+02, 1.94500702e+02,
    1.93509140e+02, 2.12400330e+02, 1.89234985e+02, 2.30115082e+02,
    1.85060410e+02, 2.47901932e+02, 1.87938156e+02, 2.01244049e+02,
    1.83975967e+02, 2.18910919e+02, 1.79669662e+02, 2.36743134e+02,
    1.75160278e+02, 2.54530945e+02, 1.82268448e+02, 1.90672943e+02,
    1.78417664e+02, 2.08355164e+02, 1.74285019e+02, 2.25789688e+02,
    1.69921219e+02, 2.43168503e+02, 1.72940033e+02, 1.97311935e+02,
    1.69091003e+02, 2.14795029e+02, 1.64651077e+02, 2.32456100e+02,
    1.60398834e+02, 2.49970779e+02, 1.67427383e+02, 1.86791641e+02,
    1.63646301e+02, 2.04111130e+02, 1.59536331e+02, 2.21314835e+02,
    1.55274643e+02, 2.38883911e+02, 1.58028717e+02, 1.93611908e+02,
    1.54106308e+02, 2.10556061e+02, 1.49954803e+02, 2.27906250e+02,
    1.45833618e+02, 2.45243118e+02, 1.52697693e+02, 1.82917801e+02,
    1.48662552e+02, 2.00198044e+02, 1.44874100e+02, 2.17434906e+02,
    1.40501328e+02, 2.34474457e+02 ]
CalibrationFramePatternWorld: [ 0., 0., 0., 0., 7.00000003e-02, 0., 0.,
    1.40000001e-01, 0., 0., 2.10000008e-01, 0., 3.50000001e-02,
    3.50000001e-02, 0., 3.50000001e-02, 1.05000004e-01, 0.,
    3.50000001e-02, 1.74999997e-01, 0., 3.50000001e-02, 2.45000005e-01,
    0., 7.00000003e-02, 0., 0., 7.00000003e-02, 7.00000003e-02, 0.,
    7.00000003e-02, 1.40000001e-01, 0., 7.00000003e-02, 2.10000008e-01,
    0., 1.05000004e-01, 3.50000001e-02, 0., 1.05000004e-01,
    1.05000004e-01, 0., 1.05000004e-01, 1.74999997e-01, 0.,
    1.05000004e-01, 2.45000005e-01, 0., 1.40000001e-01, 0., 0.,
    1.40000001e-01, 7.00000003e-02, 0., 1.40000001e-01, 1.40000001e-01,
    0., 1.40000001e-01, 2.10000008e-01, 0., 1.74999997e-01,
    3.50000001e-02, 0., 1.74999997e-01, 1.05000004e-01, 0.,
    1.74999997e-01, 1.74999997e-01, 0., 1.74999997e-01, 2.45000005e-01,
    0., 2.10000008e-01, 0., 0., 2.10000008e-01, 7.00000003e-02, 0.,
    2.10000008e-01, 1.40000001e-01, 0., 2.10000008e-01, 2.10000008e-01,
    0., 2.45000005e-01, 3.50000001e-02, 0., 2.45000005e-01,
    1.05000004e-01, 0., 2.45000005e-01, 1.74999997e-01, 0.,
    2.45000005e-01, 2.45000005e-01, 0., 2.80000001e-01, 0., 0.,
    2.80000001e-01, 7.00000003e-02, 0., 2.80000001e-01, 1.40000001e-01,
    0., 2.80000001e-01, 2.10000008e-01, 0., 3.14999998e-01,
    3.50000001e-02, 0., 3.14999998e-01, 1.05000004e-01, 0.,
    3.14999998e-01, 1.74999997e-01, 0., 3.14999998e-01, 2.45000005e-01,
    0., 3.49999994e-01, 0., 0., 3.49999994e-01, 7.00000003e-02, 0.,
    3.49999994e-01, 1.40000001e-01, 0., 3.49999994e-01, 2.10000008e-01,
    0. ]
CalibrationFrameExtRotation: !!opencv-matrix
   rows: 3
   cols: 1
   dt: d
   data: [ 3.6073557130239903e-01, -2.8069495517734362e+00,
       -3.5218015850966324e-02 ]
CalibrationFrameExtTranslation: !!opencv-matrix
   rows: 3
   cols: 1
   dt: d
   data: [ -5.4138390473709086e-01, -1.3877559961029598e-01,
       2.4670900796996937e+00 ]
CalibrationFrameRMSerror: 2.3157915472984314e-01
