%YAML:1.0
---
CalibrationFramePatternImage: [ 5.79973572e+02, 3.82936211e+01,
    5.74121460e+02, 7.19620361e+01, 5.68317810e+02, 1.04955055e+02,
    5.62595093e+02, 1.37426804e+02, 5.63398621e+02, 5.31664848e+01,
    5.57967834e+02, 8.69272003e+01, 5.52039917e+02, 1.20073555e+02,
    5.46631042e+02, 1.52620224e+02, 5.52678833e+02, 3.40211487e+01,
    5.47244507e+02, 6.84301147e+01, 5.41372559e+02, 1.02165939e+02,
    5.36057373e+02, 1.35543762e+02, 5.35966492e+02, 4.93031464e+01,
    5.30506287e+02, 8.37382431e+01, 5.25190063e+02, 1.17744415e+02,
    5.20098267e+02, 1.51031845e+02, 5.24510925e+02, 2.93875027e+01,
    5.19362305e+02, 6.48920288e+01, 5.13822510e+02, 9.92769852e+01,
    5.08989685e+02, 1.33392456e+02, 5.07451782e+02, 4.51561966e+01,
    5.02242523e+02, 8.04335098e+01, 4.97339752e+02, 1.15180428e+02,
    4.92563324e+02, 1.49254028e+02, 4.95392700e+02, 2.48344364e+01,
    4.90240906e+02, 6.10909081e+01, 4.85254547e+02, 9.64428253e+01,
    4.80463989e+02, 1.31265564e+02, 4.77737671e+02, 4.08951454e+01,
    4.72889069e+02, 7.68744278e+01, 4.68292969e+02, 1.12712852e+02,
    4.64093933e+02, 1.47493195e+02, 4.65045807e+02, 2.02105350e+01,
    4.60134674e+02, 5.69912643e+01, 4.55546082e+02, 9.32999954e+01,
    4.51398346e+02, 1.28990250e+02, 4.47441376e+02, 3.63655777e+01,
    4.42502380e+02, 7.33343811e+01, 4.38300934e+02, 1.09878082e+02,
    4.34400848e+02, 1.45522659e+02, 4.34022461e+02, 1.49287481e+01,
    4.29441803e+02, 5.29487686e+01, 4.25125824e+02, 9.00784149e+01,
    4.21196716e+02, 1.26747597e+02 ]
CalibrationFramePatternWorld: [ 0., 0., 0., 0., 7.00000003e-02, 0., 0.,
    1.40000001e-01, 0., 0., 2.10000008e-01, 0., 3.50000001e-02,
    3.50000001e-02, 0., 3.50000001e-02, 1.05000004e-01, 0.,
    3.50000001e-02, 1.74999997e-01, 0., 3.50000001e-02, 2.45000005e-01,
    0., 7.00000003e-02, 0., 0., 7.00000003e-02, 7.00000003e-02, 0.,
    7.00000003e-02, 1.40000001e-01, 0., 7.00000003e-02, 2.10000008e-01,
    0., 1.05000004e-01, 3.50000001e-02, 0., 1.05000004e-01,
    1.05000004e-01, 0., 1.05000004e-01, 1.74999997e-01, 0.,
    1.05000004e-01, 2.45000005e-01, 0., 1.40000001e-01, 0., 0.,
    1.40000001e-01, 7.00000003e-02, 0., 1.40000001e-01, 1.40000001e-01,
    0., 1.40000001e-01, 2.10000008e-01, 0., 1.74999997e-01,
    3.50000001e-02, 0., 1.74999997e-01, 1.05000004e-01, 0.,
    1.74999997e-01, 1.74999997e-01, 0., 1.74999997e-01, 2.45000005e-01,
    0., 2.10000008e-01, 0., 0., 2.10000008e-01, 7.00000003e-02, 0.,
    2.10000008e-01, 1.40000001e-01, 0., 2.10000008e-01, 2.10000008e-01,
    0., 2.45000005e-01, 3.50000001e-02, 0., 2.45000005e-01,
    1.05000004e-01, 0., 2.45000005e-01, 1.74999997e-01, 0.,
    2.45000005e-01, 2.45000005e-01, 0., 2.80000001e-01, 0., 0.,
    2.80000001e-01, 7.00000003e-02, 0., 2.80000001e-01, 1.40000001e-01,
    0., 2.80000001e-01, 2.10000008e-01, 0., 3.14999998e-01,
    3.50000001e-02, 0., 3.14999998e-01, 1.05000004e-01, 0.,
    3.14999998e-01, 1.74999997e-01, 0., 3.14999998e-01, 2.45000005e-01,
    0., 3.49999994e-01, 0., 0., 3.49999994e-01, 7.00000003e-02, 0.,
    3.49999994e-01, 1.40000001e-01, 0., 3.49999994e-01, 2.10000008e-01,
    0. ]
CalibrationFrameExtRotation: !!opencv-matrix
   rows: 3
   cols: 1
   dt: d
   data: [ -6.8169785225636645e-02, 2.6650718737192389e+00,
       3.0794026310898270e-01 ]
CalibrationFrameExtTranslation: !!opencv-matrix
   rows: 3
   cols: 1
   dt: d
   data: [ 4.2251821638645126e-01, -4.2727541876991715e-01,
       1.4118380592316815e+00 ]
CalibrationFrameRMSerror: 3.6028838157653809e-01
