%YAML:1.0
---
CalibrationFramePatternImage: [ 5.95845337e+02, 3.41965729e+02,
    5.98366638e+02, 3.58085510e+02, 6.00444885e+02, 3.73686066e+02,
    6.02868225e+02, 3.89586273e+02, 5.89216248e+02, 3.50647400e+02,
    5.91126587e+02, 3.66696381e+02, 5.93553467e+02, 3.82478790e+02,
    5.95949524e+02, 3.98686340e+02, 5.80256653e+02, 3.43745941e+02,
    5.82251831e+02, 3.59560272e+02, 5.84483215e+02, 3.75522308e+02,
    5.86930908e+02, 3.91805542e+02, 5.73162659e+02, 3.52537384e+02,
    5.75386841e+02, 3.68482178e+02, 5.77749817e+02, 3.84485840e+02,
    5.80426025e+02, 4.00628876e+02, 5.64076233e+02, 3.45406982e+02,
    5.66403076e+02, 3.61491180e+02, 5.68473633e+02, 3.77406952e+02,
    5.71179504e+02, 3.93748291e+02, 5.57435120e+02, 3.54467529e+02,
    5.59594116e+02, 3.70506439e+02, 5.62175293e+02, 3.86379211e+02,
    5.64535522e+02, 4.02998108e+02, 5.48528687e+02, 3.47394562e+02,
    5.50496338e+02, 3.63389740e+02, 5.52746460e+02, 3.79502289e+02,
    5.55161743e+02, 3.95665039e+02, 5.41685913e+02, 3.56346039e+02,
    5.43930908e+02, 3.72225250e+02, 5.46107178e+02, 3.88578827e+02,
    5.48627808e+02, 4.04815979e+02, 5.32512146e+02, 3.49423767e+02,
    5.34870972e+02, 3.65221954e+02, 5.36779907e+02, 3.81458527e+02,
    5.39479919e+02, 3.97914276e+02, 5.26063782e+02, 3.58350739e+02,
    5.27870544e+02, 3.74138641e+02, 5.30377625e+02, 3.90515289e+02,
    5.32906433e+02, 4.06941956e+02, 5.17178284e+02, 3.50915161e+02,
    5.18974731e+02, 3.67272552e+02, 5.21272522e+02, 3.83359558e+02,
    5.23752014e+02, 4.00101685e+02 ]
CalibrationFramePatternWorld: [ 0., 0., 0., 0., 7.00000003e-02, 0., 0.,
    1.40000001e-01, 0., 0., 2.10000008e-01, 0., 3.50000001e-02,
    3.50000001e-02, 0., 3.50000001e-02, 1.05000004e-01, 0.,
    3.50000001e-02, 1.74999997e-01, 0., 3.50000001e-02, 2.45000005e-01,
    0., 7.00000003e-02, 0., 0., 7.00000003e-02, 7.00000003e-02, 0.,
    7.00000003e-02, 1.40000001e-01, 0., 7.00000003e-02, 2.10000008e-01,
    0., 1.05000004e-01, 3.50000001e-02, 0., 1.05000004e-01,
    1.05000004e-01, 0., 1.05000004e-01, 1.74999997e-01, 0.,
    1.05000004e-01, 2.45000005e-01, 0., 1.40000001e-01, 0., 0.,
    1.40000001e-01, 7.00000003e-02, 0., 1.40000001e-01, 1.40000001e-01,
    0., 1.40000001e-01, 2.10000008e-01, 0., 1.74999997e-01,
    3.50000001e-02, 0., 1.74999997e-01, 1.05000004e-01, 0.,
    1.74999997e-01, 1.74999997e-01, 0., 1.74999997e-01, 2.45000005e-01,
    0., 2.10000008e-01, 0., 0., 2.10000008e-01, 7.00000003e-02, 0.,
    2.10000008e-01, 1.40000001e-01, 0., 2.10000008e-01, 2.10000008e-01,
    0., 2.45000005e-01, 3.50000001e-02, 0., 2.45000005e-01,
    1.05000004e-01, 0., 2.45000005e-01, 1.74999997e-01, 0.,
    2.45000005e-01, 2.45000005e-01, 0., 2.80000001e-01, 0., 0.,
    2.80000001e-01, 7.00000003e-02, 0., 2.80000001e-01, 1.40000001e-01,
    0., 2.80000001e-01, 2.10000008e-01, 0., 3.14999998e-01,
    3.50000001e-02, 0., 3.14999998e-01, 1.05000004e-01, 0.,
    3.14999998e-01, 1.74999997e-01, 0., 3.14999998e-01, 2.45000005e-01,
    0., 3.49999994e-01, 0., 0., 3.49999994e-01, 7.00000003e-02, 0.,
    3.49999994e-01, 1.40000001e-01, 0., 3.49999994e-01, 2.10000008e-01,
    0. ]
CalibrationFrameExtRotation: !!opencv-matrix
   rows: 3
   cols: 1
   dt: d
   data: [ 1.7918062770505586e-01, 3.0388671420683457e+00,
       -4.1020358959927769e-02 ]
CalibrationFrameExtTranslation: !!opencv-matrix
   rows: 3
   cols: 1
   dt: d
   data: [ 9.6094466082836782e-01, 4.4649650518398520e-01,
       2.9889314639336209e+00 ]
CalibrationFrameRMSerror: 2.3404507339000702e-01
