%YAML:1.0
---
CalibrationFramePatternImage: [ 4.07086060e+02, 1.56437729e+02,
    4.16859161e+02, 1.91290329e+02, 4.27149200e+02, 2.25424179e+02,
    4.37617401e+02, 2.60332825e+02, 3.95400604e+02, 1.77635834e+02,
    4.05618591e+02, 2.12559265e+02, 4.15919891e+02, 2.47619873e+02,
    4.26865753e+02, 2.83346558e+02, 3.73895416e+02, 1.64106384e+02,
    3.83941956e+02, 1.99462326e+02, 3.94232849e+02, 2.34709671e+02,
    4.05004608e+02, 2.70592743e+02, 3.61927765e+02, 1.85951035e+02,
    3.72102448e+02, 2.21558670e+02, 3.82724243e+02, 2.57614929e+02,
    3.94012878e+02, 2.93814148e+02, 3.39411041e+02, 1.72016281e+02,
    3.49859375e+02, 2.08322372e+02, 3.60156525e+02, 2.44357773e+02,
    3.71402863e+02, 2.80954620e+02, 3.26884949e+02, 1.94487717e+02,
    3.37340576e+02, 2.30991669e+02, 3.48372894e+02, 2.67821228e+02,
    3.59754211e+02, 3.05094116e+02, 3.03724762e+02, 1.80412277e+02,
    3.14199127e+02, 2.17540512e+02, 3.25116638e+02, 2.54462814e+02,
    3.36161682e+02, 2.92080170e+02, 2.90541962e+02, 2.03522888e+02,
    3.01248932e+02, 2.40800354e+02, 3.12476593e+02, 2.78839172e+02,
    3.24244934e+02, 3.16773987e+02, 2.66470154e+02, 1.89303329e+02,
    2.77107513e+02, 2.27057877e+02, 2.88278656e+02, 2.65112030e+02,
    2.99902557e+02, 3.03471680e+02, 2.52804474e+02, 2.12839813e+02,
    2.63652679e+02, 2.51293243e+02, 2.75120880e+02, 2.90023193e+02,
    2.87259644e+02, 3.28838257e+02, 2.27779953e+02, 1.98209229e+02,
    2.38859573e+02, 2.37192413e+02, 2.50128311e+02, 2.76223907e+02,
    2.61940338e+02, 3.15573242e+02 ]
CalibrationFramePatternWorld: [ 0., 0., 0., 0., 7.00000003e-02, 0., 0.,
    1.40000001e-01, 0., 0., 2.10000008e-01, 0., 3.50000001e-02,
    3.50000001e-02, 0., 3.50000001e-02, 1.05000004e-01, 0.,
    3.50000001e-02, 1.74999997e-01, 0., 3.50000001e-02, 2.45000005e-01,
    0., 7.00000003e-02, 0., 0., 7.00000003e-02, 7.00000003e-02, 0.,
    7.00000003e-02, 1.40000001e-01, 0., 7.00000003e-02, 2.10000008e-01,
    0., 1.05000004e-01, 3.50000001e-02, 0., 1.05000004e-01,
    1.05000004e-01, 0., 1.05000004e-01, 1.74999997e-01, 0.,
    1.05000004e-01, 2.45000005e-01, 0., 1.40000001e-01, 0., 0.,
    1.40000001e-01, 7.00000003e-02, 0., 1.40000001e-01, 1.40000001e-01,
    0., 1.40000001e-01, 2.10000008e-01, 0., 1.74999997e-01,
    3.50000001e-02, 0., 1.74999997e-01, 1.05000004e-01, 0.,
    1.74999997e-01, 1.74999997e-01, 0., 1.74999997e-01, 2.45000005e-01,
    0., 2.10000008e-01, 0., 0., 2.10000008e-01, 7.00000003e-02, 0.,
    2.10000008e-01, 1.40000001e-01, 0., 2.10000008e-01, 2.10000008e-01,
    0., 2.45000005e-01, 3.50000001e-02, 0., 2.45000005e-01,
    1.05000004e-01, 0., 2.45000005e-01, 1.74999997e-01, 0.,
    2.45000005e-01, 2.45000005e-01, 0., 2.80000001e-01, 0., 0.,
    2.80000001e-01, 7.00000003e-02, 0., 2.80000001e-01, 1.40000001e-01,
    0., 2.80000001e-01, 2.10000008e-01, 0., 3.14999998e-01,
    3.50000001e-02, 0., 3.14999998e-01, 1.05000004e-01, 0.,
    3.14999998e-01, 1.74999997e-01, 0., 3.14999998e-01, 2.45000005e-01,
    0., 3.49999994e-01, 0., 0., 3.49999994e-01, 7.00000003e-02, 0.,
    3.49999994e-01, 1.40000001e-01, 0., 3.49999994e-01, 2.10000008e-01,
    0. ]
CalibrationFrameExtRotation: !!opencv-matrix
   rows: 3
   cols: 1
   dt: d
   data: [ 3.8955809657463392e-01, 2.7395593885841074e+00,
       -1.0357851017719592e-01 ]
CalibrationFrameExtTranslation: !!opencv-matrix
   rows: 3
   cols: 1
   dt: d
   data: [ 6.0311141253891504e-02, -1.6102436107942092e-01,
       1.2743464317478144e+00 ]
CalibrationFrameRMSerror: 4.0560370683670044e-01
