%YAML:1.0
---
CalibrationFramePatternImage: [ 5.86983887e+02, 1.54599640e+02,
    5.96967285e+02, 1.71893036e+02, 6.06434387e+02, 1.88786057e+02,
    6.16289734e+02, 2.06047226e+02, 5.82835205e+02, 1.67765015e+02,
    5.92729370e+02, 1.85179611e+02, 6.02427734e+02, 2.02437241e+02,
    6.12299194e+02, 2.19753815e+02, 5.69313599e+02, 1.64509506e+02,
    5.78889343e+02, 1.81568649e+02, 5.88410217e+02, 1.98625137e+02,
    5.98498352e+02, 2.15843765e+02, 5.65213440e+02, 1.77944717e+02,
    5.74652893e+02, 1.94853897e+02, 5.84460999e+02, 2.12173477e+02,
    5.94429871e+02, 2.29336990e+02, 5.51316040e+02, 1.74214401e+02,
    5.61239990e+02, 1.91392212e+02, 5.70686646e+02, 2.08244873e+02,
    5.80679016e+02, 2.25428268e+02, 5.47423157e+02, 1.87580704e+02,
    5.56982971e+02, 2.04408066e+02, 5.66828491e+02, 2.21649323e+02,
    5.76883606e+02, 2.39063065e+02, 5.33887573e+02, 1.83868210e+02,
    5.43534302e+02, 2.01025604e+02, 5.53304077e+02, 2.17918762e+02,
    5.62812988e+02, 2.35207458e+02, 530., 1.97397934e+02, 5.39415039e+02,
    2.14081741e+02, 5.49238220e+02, 2.31482803e+02, 5.59326355e+02,
    2.48569336e+02, 5.16575623e+02, 1.93739502e+02, 5.26021606e+02,
    2.10469238e+02, 5.35677795e+02, 2.27388901e+02, 5.45440613e+02,
    2.44718033e+02, 5.12591614e+02, 2.06806564e+02, 5.22057556e+02,
    2.23582672e+02, 5.31936462e+02, 2.40651657e+02, 5.41697144e+02,
    2.57932739e+02, 4.99446320e+02, 2.03095184e+02, 5.08932861e+02,
    2.20043396e+02, 5.18400269e+02, 2.36821320e+02, 5.28124146e+02,
    2.54118805e+02 ]
CalibrationFramePatternWorld: [ 0., 0., 0., 0., 7.00000003e-02, 0., 0.,
    1.40000001e-01, 0., 0., 2.10000008e-01, 0., 3.50000001e-02,
    3.50000001e-02, 0., 3.50000001e-02, 1.05000004e-01, 0.,
    3.50000001e-02, 1.74999997e-01, 0., 3.50000001e-02, 2.45000005e-01,
    0., 7.00000003e-02, 0., 0., 7.00000003e-02, 7.00000003e-02, 0.,
    7.00000003e-02, 1.40000001e-01, 0., 7.00000003e-02, 2.10000008e-01,
    0., 1.05000004e-01, 3.50000001e-02, 0., 1.05000004e-01,
    1.05000004e-01, 0., 1.05000004e-01, 1.74999997e-01, 0.,
    1.05000004e-01, 2.45000005e-01, 0., 1.40000001e-01, 0., 0.,
    1.40000001e-01, 7.00000003e-02, 0., 1.40000001e-01, 1.40000001e-01,
    0., 1.40000001e-01, 2.10000008e-01, 0., 1.74999997e-01,
    3.50000001e-02, 0., 1.74999997e-01, 1.05000004e-01, 0.,
    1.74999997e-01, 1.74999997e-01, 0., 1.74999997e-01, 2.45000005e-01,
    0., 2.10000008e-01, 0., 0., 2.10000008e-01, 7.00000003e-02, 0.,
    2.10000008e-01, 1.40000001e-01, 0., 2.10000008e-01, 2.10000008e-01,
    0., 2.45000005e-01, 3.50000001e-02, 0., 2.45000005e-01,
    1.05000004e-01, 0., 2.45000005e-01, 1.74999997e-01, 0.,
    2.45000005e-01, 2.45000005e-01, 0., 2.80000001e-01, 0., 0.,
    2.80000001e-01, 7.00000003e-02, 0., 2.80000001e-01, 1.40000001e-01,
    0., 2.80000001e-01, 2.10000008e-01, 0., 3.14999998e-01,
    3.50000001e-02, 0., 3.14999998e-01, 1.05000004e-01, 0.,
    3.14999998e-01, 1.74999997e-01, 0., 3.14999998e-01, 2.45000005e-01,
    0., 3.49999994e-01, 0., 0., 3.49999994e-01, 7.00000003e-02, 0.,
    3.49999994e-01, 1.40000001e-01, 0., 3.49999994e-01, 2.10000008e-01,
    0. ]
CalibrationFrameExtRotation: !!opencv-matrix
   rows: 3
   cols: 1
   dt: d
   data: [ -8.0676277252397921e-01, -3.0485350077500488e+00,
       -9.8632220636510379e-02 ]
CalibrationFrameExtTranslation: !!opencv-matrix
   rows: 3
   cols: 1
   dt: d
   data: [ 7.4350810400188216e-01, -3.0453885978813522e-01,
       2.3903385488050559e+00 ]
CalibrationFrameRMSerror: 2.5089550018310547e-01
