%YAML:1.0
---
CalibrationFramePatternImage: [ 1.32774948e+02, 2.49191803e+02,
    1.34532700e+02, 2.67542877e+02, 1.36551331e+02, 2.85994324e+02,
    1.38531464e+02, 3.04728424e+02, 1.23746147e+02, 2.59420807e+02,
    1.25513977e+02, 2.77871613e+02, 1.27446976e+02, 2.96595673e+02,
    1.29299255e+02, 3.15817261e+02, 1.12844833e+02, 2.51344330e+02,
    1.14499084e+02, 2.69703461e+02, 1.16294884e+02, 2.88474487e+02,
    1.18281555e+02, 3.07719574e+02, 1.03543648e+02, 2.61655060e+02,
    1.05039757e+02, 2.80373596e+02, 1.06961349e+02, 2.99332062e+02,
    1.08821877e+02, 3.18699371e+02, 9.23773651e+01, 2.53441544e+02,
    9.40523376e+01, 2.72200226e+02, 9.57285538e+01, 2.91087891e+02,
    9.75172195e+01, 3.10433990e+02, 8.28630447e+01, 2.63808960e+02,
    8.44792862e+01, 2.82803528e+02, 8.60999756e+01, 3.02035828e+02,
    8.77609024e+01, 3.21738525e+02, 7.17082214e+01, 2.55582123e+02,
    7.31760788e+01, 2.74604309e+02, 7.48053589e+01, 2.93814331e+02,
    7.62618942e+01, 3.13338043e+02, 6.19352493e+01, 2.66227722e+02,
    6.33699455e+01, 2.85370026e+02, 6.49235840e+01, 3.05005615e+02,
    6.64818268e+01, 3.24852783e+02, 5.07460594e+01, 2.57864105e+02,
    5.19995842e+01, 2.77080109e+02, 5.33436546e+01, 2.96457428e+02,
    5.48321457e+01, 3.16243439e+02, 4.04920158e+01, 2.68502228e+02,
    4.18890038e+01, 2.87875061e+02, 4.32210045e+01, 3.07722595e+02,
    4.45886650e+01, 3.27867859e+02, 2.91209564e+01, 2.59951172e+02,
    3.02718945e+01, 2.79456848e+02, 3.16356201e+01, 2.99112610e+02,
    3.27315865e+01, 3.19212158e+02 ]
CalibrationFramePatternWorld: [ 0., 0., 0., 0., 7.00000003e-02, 0., 0.,
    1.40000001e-01, 0., 0., 2.10000008e-01, 0., 3.50000001e-02,
    3.50000001e-02, 0., 3.50000001e-02, 1.05000004e-01, 0.,
    3.50000001e-02, 1.74999997e-01, 0., 3.50000001e-02, 2.45000005e-01,
    0., 7.00000003e-02, 0., 0., 7.00000003e-02, 7.00000003e-02, 0.,
    7.00000003e-02, 1.40000001e-01, 0., 7.00000003e-02, 2.10000008e-01,
    0., 1.05000004e-01, 3.50000001e-02, 0., 1.05000004e-01,
    1.05000004e-01, 0., 1.05000004e-01, 1.74999997e-01, 0.,
    1.05000004e-01, 2.45000005e-01, 0., 1.40000001e-01, 0., 0.,
    1.40000001e-01, 7.00000003e-02, 0., 1.40000001e-01, 1.40000001e-01,
    0., 1.40000001e-01, 2.10000008e-01, 0., 1.74999997e-01,
    3.50000001e-02, 0., 1.74999997e-01, 1.05000004e-01, 0.,
    1.74999997e-01, 1.74999997e-01, 0., 1.74999997e-01, 2.45000005e-01,
    0., 2.10000008e-01, 0., 0., 2.10000008e-01, 7.00000003e-02, 0.,
    2.10000008e-01, 1.40000001e-01, 0., 2.10000008e-01, 2.10000008e-01,
    0., 2.45000005e-01, 3.50000001e-02, 0., 2.45000005e-01,
    1.05000004e-01, 0., 2.45000005e-01, 1.74999997e-01, 0.,
    2.45000005e-01, 2.45000005e-01, 0., 2.80000001e-01, 0., 0.,
    2.80000001e-01, 7.00000003e-02, 0., 2.80000001e-01, 1.40000001e-01,
    0., 2.80000001e-01, 2.10000008e-01, 0., 3.14999998e-01,
    3.50000001e-02, 0., 3.14999998e-01, 1.05000004e-01, 0.,
    3.14999998e-01, 1.74999997e-01, 0., 3.14999998e-01, 2.45000005e-01,
    0., 3.49999994e-01, 0., 0., 3.49999994e-01, 7.00000003e-02, 0.,
    3.49999994e-01, 1.40000001e-01, 0., 3.49999994e-01, 2.10000008e-01,
    0. ]
CalibrationFrameExtRotation: !!opencv-matrix
   rows: 3
   cols: 1
   dt: d
   data: [ 2.0082298359607176e-01, 2.7471977228297568e+00,
       -3.3242948372667108e-01 ]
CalibrationFrameExtTranslation: !!opencv-matrix
   rows: 3
   cols: 1
   dt: d
   data: [ -8.9291434743874476e-01, 3.1608792287685018e-02,
       2.4405411097233762e+00 ]
CalibrationFrameRMSerror: 1.1327052116394043e-01
