%YAML:1.0
---
CalibrationFramePatternImage: [ 1.35482712e+02, 7.68920212e+01,
    1.37713867e+02, 9.96401749e+01, 1.39877655e+02, 1.21749199e+02,
    1.42193115e+02, 1.43591797e+02, 1.25002426e+02, 8.84411163e+01,
    1.27319168e+02, 1.10797646e+02, 1.29738510e+02, 1.33032257e+02,
    1.31919388e+02, 1.54781601e+02, 1.12131508e+02, 7.72789764e+01,
    1.14412529e+02, 9.99384308e+01, 1.17110687e+02, 1.22189247e+02,
    1.19490570e+02, 1.44311676e+02, 1.01718697e+02, 8.86920166e+01,
    1.04147354e+02, 1.11236458e+02, 1.06751984e+02, 1.33592026e+02,
    1.09399643e+02, 1.55407028e+02, 8.84895859e+01, 7.73845596e+01,
    9.11107788e+01, 1.00431099e+02, 9.37827835e+01, 1.22734085e+02,
    9.66028442e+01, 1.44859634e+02, 7.80455627e+01, 8.90327682e+01,
    8.09233170e+01, 1.11812988e+02, 8.38483505e+01, 1.34141769e+02,
    8.64277573e+01, 1.56281479e+02, 6.46623154e+01, 7.76728058e+01,
    6.75590363e+01, 1.00777222e+02, 7.05286560e+01, 1.23344528e+02,
    7.33502579e+01, 1.45624435e+02, 5.42920303e+01, 8.94708786e+01,
    5.73323784e+01, 1.12233284e+02, 6.03208923e+01, 1.34976761e+02,
    6.32774277e+01, 1.57030716e+02, 4.07996712e+01, 7.82077408e+01,
    4.38726540e+01, 1.01122490e+02, 4.69381027e+01, 1.23954971e+02,
    5.02072906e+01, 1.46389160e+02, 3.03080196e+01, 8.98108139e+01,
    3.34440536e+01, 1.12764191e+02, 3.67521591e+01, 1.35489273e+02,
    3.99915199e+01, 1.57773819e+02, 1.63516388e+01, 7.84162979e+01,
    1.96725807e+01, 1.01736305e+02, 2.31821156e+01, 1.24528008e+02,
    2.64268246e+01, 1.47133163e+02 ]
CalibrationFramePatternWorld: [ 0., 0., 0., 0., 7.00000003e-02, 0., 0.,
    1.40000001e-01, 0., 0., 2.10000008e-01, 0., 3.50000001e-02,
    3.50000001e-02, 0., 3.50000001e-02, 1.05000004e-01, 0.,
    3.50000001e-02, 1.74999997e-01, 0., 3.50000001e-02, 2.45000005e-01,
    0., 7.00000003e-02, 0., 0., 7.00000003e-02, 7.00000003e-02, 0.,
    7.00000003e-02, 1.40000001e-01, 0., 7.00000003e-02, 2.10000008e-01,
    0., 1.05000004e-01, 3.50000001e-02, 0., 1.05000004e-01,
    1.05000004e-01, 0., 1.05000004e-01, 1.74999997e-01, 0.,
    1.05000004e-01, 2.45000005e-01, 0., 1.40000001e-01, 0., 0.,
    1.40000001e-01, 7.00000003e-02, 0., 1.40000001e-01, 1.40000001e-01,
    0., 1.40000001e-01, 2.10000008e-01, 0., 1.74999997e-01,
    3.50000001e-02, 0., 1.74999997e-01, 1.05000004e-01, 0.,
    1.74999997e-01, 1.74999997e-01, 0., 1.74999997e-01, 2.45000005e-01,
    0., 2.10000008e-01, 0., 0., 2.10000008e-01, 7.00000003e-02, 0.,
    2.10000008e-01, 1.40000001e-01, 0., 2.10000008e-01, 2.10000008e-01,
    0., 2.45000005e-01, 3.50000001e-02, 0., 2.45000005e-01,
    1.05000004e-01, 0., 2.45000005e-01, 1.74999997e-01, 0.,
    2.45000005e-01, 2.45000005e-01, 0., 2.80000001e-01, 0., 0.,
    2.80000001e-01, 7.00000003e-02, 0., 2.80000001e-01, 1.40000001e-01,
    0., 2.80000001e-01, 2.10000008e-01, 0., 3.14999998e-01,
    3.50000001e-02, 0., 3.14999998e-01, 1.05000004e-01, 0.,
    3.14999998e-01, 1.74999997e-01, 0., 3.14999998e-01, 2.45000005e-01,
    0., 3.49999994e-01, 0., 0., 3.49999994e-01, 7.00000003e-02, 0.,
    3.49999994e-01, 1.40000001e-01, 0., 3.49999994e-01, 2.10000008e-01,
    0. ]
CalibrationFrameExtRotation: !!opencv-matrix
   rows: 3
   cols: 1
   dt: d
   data: [ 1.5326267055254717e-02, 2.9452009215623969e+00,
       5.2879436753696030e-01 ]
CalibrationFrameExtTranslation: !!opencv-matrix
   rows: 3
   cols: 1
   dt: d
   data: [ -7.3243364121876409e-01, -5.0497463867102232e-01,
       2.0106916057926840e+00 ]
CalibrationFrameRMSerror: 2.0522558689117432e-01
