%YAML:1.0
---
CalibrationFramePatternImage: [ 5.36392822e+02, 4.19338341e+01,
    5.52572876e+02, 8.71713715e+01, 5.68980286e+02, 1.33417007e+02,
    5.85459534e+02, 1.80924835e+02, 5.23857910e+02, 6.81183624e+01,
    5.40425415e+02, 1.14342972e+02, 5.56499207e+02, 1.62147171e+02,
    5.73406128e+02, 2.10961914e+02, 4.95179565e+02, 4.88652458e+01,
    5.11650909e+02, 9.51551208e+01, 5.27522766e+02, 1.42883286e+02,
    5.44303101e+02, 1.91997894e+02, 4.81938599e+02, 7.57190933e+01,
    4.98033234e+02, 1.23401878e+02, 5.14614258e+02, 1.72521606e+02,
    5.31719299e+02, 2.22503677e+02, 4.51877502e+02, 5.57737923e+01,
    4.68406586e+02, 1.03734436e+02, 4.84325897e+02, 1.52718445e+02,
    5.01498199e+02, 2.02909958e+02, 4.37450531e+02, 8.35265503e+01,
    4.53590576e+02, 1.32804596e+02, 4.70410248e+02, 1.83133835e+02,
    4.87673828e+02, 2.34837936e+02, 4.06415375e+02, 6.30976830e+01,
    4.22523468e+02, 1.12654327e+02, 4.39044464e+02, 1.63128128e+02,
    4.55857910e+02, 2.14879669e+02, 3.90585236e+02, 9.19645767e+01,
    4.06864807e+02, 1.42649597e+02, 4.23746979e+02, 1.94673279e+02,
    4.41087708e+02, 2.47790100e+02, 3.58152405e+02, 7.10584717e+01,
    3.74257751e+02, 1.21981133e+02, 3.90818756e+02, 1.73877213e+02,
    4.07802338e+02, 2.27380905e+02, 3.41270081e+02, 1.00389557e+02,
    3.57379242e+02, 1.52743530e+02, 3.74204803e+02, 2.06500626e+02,
    3.91409790e+02, 2.61504456e+02, 3.07425415e+02, 7.83552017e+01,
    3.23775421e+02, 1.30987335e+02, 3.40116272e+02, 1.85062012e+02,
    3.57118958e+02, 2.40472549e+02 ]
CalibrationFramePatternWorld: [ 0., 0., 0., 0., 7.00000003e-02, 0., 0.,
    1.40000001e-01, 0., 0., 2.10000008e-01, 0., 3.50000001e-02,
    3.50000001e-02, 0., 3.50000001e-02, 1.05000004e-01, 0.,
    3.50000001e-02, 1.74999997e-01, 0., 3.50000001e-02, 2.45000005e-01,
    0., 7.00000003e-02, 0., 0., 7.00000003e-02, 7.00000003e-02, 0.,
    7.00000003e-02, 1.40000001e-01, 0., 7.00000003e-02, 2.10000008e-01,
    0., 1.05000004e-01, 3.50000001e-02, 0., 1.05000004e-01,
    1.05000004e-01, 0., 1.05000004e-01, 1.74999997e-01, 0.,
    1.05000004e-01, 2.45000005e-01, 0., 1.40000001e-01, 0., 0.,
    1.40000001e-01, 7.00000003e-02, 0., 1.40000001e-01, 1.40000001e-01,
    0., 1.40000001e-01, 2.10000008e-01, 0., 1.74999997e-01,
    3.50000001e-02, 0., 1.74999997e-01, 1.05000004e-01, 0.,
    1.74999997e-01, 1.74999997e-01, 0., 1.74999997e-01, 2.45000005e-01,
    0., 2.10000008e-01, 0., 0., 2.10000008e-01, 7.00000003e-02, 0.,
    2.10000008e-01, 1.40000001e-01, 0., 2.10000008e-01, 2.10000008e-01,
    0., 2.45000005e-01, 3.50000001e-02, 0., 2.45000005e-01,
    1.05000004e-01, 0., 2.45000005e-01, 1.74999997e-01, 0.,
    2.45000005e-01, 2.45000005e-01, 0., 2.80000001e-01, 0., 0.,
    2.80000001e-01, 7.00000003e-02, 0., 2.80000001e-01, 1.40000001e-01,
    0., 2.80000001e-01, 2.10000008e-01, 0., 3.14999998e-01,
    3.50000001e-02, 0., 3.14999998e-01, 1.05000004e-01, 0.,
    3.14999998e-01, 1.74999997e-01, 0., 3.14999998e-01, 2.45000005e-01,
    0., 3.49999994e-01, 0., 0., 3.49999994e-01, 7.00000003e-02, 0.,
    3.49999994e-01, 1.40000001e-01, 0., 3.49999994e-01, 2.10000008e-01,
    0. ]
CalibrationFrameExtRotation: !!opencv-matrix
   rows: 3
   cols: 1
   dt: d
   data: [ 3.8732408489433173e-01, 2.7067376598955382e+00,
       -1.9737232131415783e-01 ]
CalibrationFrameExtTranslation: !!opencv-matrix
   rows: 3
   cols: 1
   dt: d
   data: [ 2.2602292592555920e-01, -2.8229330562771809e-01,
       9.5170416718699391e-01 ]
CalibrationFrameRMSerror: 4.2351815104484558e-01
