%YAML:1.0
---
CalibrationFramePatternImage: [ 2.91584686e+02, 2.41109985e+02,
    2.92557983e+02, 2.55935059e+02, 2.93565582e+02, 2.70047760e+02,
    2.94774261e+02, 2.84221466e+02, 2.83898743e+02, 2.49520798e+02,
    2.85023224e+02, 2.63917175e+02, 2.86390778e+02, 2.78064697e+02,
    2.87465607e+02, 2.92082184e+02, 2.75296356e+02, 2.42805405e+02,
    2.76510040e+02, 2.57410858e+02, 2.77723694e+02, 2.71789093e+02,
    2.78778809e+02, 2.86150513e+02, 2.67725677e+02, 2.51206757e+02,
    2.68896881e+02, 2.65746246e+02, 2.70253754e+02, 2.80049011e+02,
    2.71748718e+02, 2.94275604e+02, 2.58959564e+02, 2.44607834e+02,
    2.60317902e+02, 2.59503265e+02, 2.61663605e+02, 2.73748779e+02,
    2.63119385e+02, 2.88149414e+02, 2.51366364e+02, 2.53143234e+02,
    2.52716232e+02, 2.67683533e+02, 2.54263992e+02, 2.81945068e+02,
    2.55807022e+02, 2.96339905e+02, 2.42419693e+02, 2.46477386e+02,
    2.43945236e+02, 2.61173950e+02, 2.45438553e+02, 2.75750366e+02,
    2.47259918e+02, 2.90344757e+02, 2.34852417e+02, 2.54897537e+02,
    2.36503815e+02, 2.69476379e+02, 2.38314087e+02, 2.84164703e+02,
    2.39762558e+02, 2.98614380e+02, 2.25715424e+02, 2.48262177e+02,
    2.27301315e+02, 2.63171295e+02, 2.29256424e+02, 2.77850800e+02,
    2.31009140e+02, 2.92465179e+02, 2.18375107e+02, 2.56986084e+02,
    2.20087891e+02, 2.71850037e+02, 2.21755539e+02, 2.86430542e+02,
    2.23776657e+02, 3.00639160e+02, 2.08881516e+02, 2.50426086e+02,
    2.10793304e+02, 2.65614655e+02, 2.12675919e+02, 2.80269073e+02,
    2.14667435e+02, 2.94722656e+02 ]
CalibrationFramePatternWorld: [ 0., 0., 0., 0., 7.00000003e-02, 0., 0.,
    1.40000001e-01, 0., 0., 2.10000008e-01, 0., 3.50000001e-02,
    3.50000001e-02, 0., 3.50000001e-02, 1.05000004e-01, 0.,
    3.50000001e-02, 1.74999997e-01, 0., 3.50000001e-02, 2.45000005e-01,
    0., 7.00000003e-02, 0., 0., 7.00000003e-02, 7.00000003e-02, 0.,
    7.00000003e-02, 1.40000001e-01, 0., 7.00000003e-02, 2.10000008e-01,
    0., 1.05000004e-01, 3.50000001e-02, 0., 1.05000004e-01,
    1.05000004e-01, 0., 1.05000004e-01, 1.74999997e-01, 0.,
    1.05000004e-01, 2.45000005e-01, 0., 1.40000001e-01, 0., 0.,
    1.40000001e-01, 7.00000003e-02, 0., 1.40000001e-01, 1.40000001e-01,
    0., 1.40000001e-01, 2.10000008e-01, 0., 1.74999997e-01,
    3.50000001e-02, 0., 1.74999997e-01, 1.05000004e-01, 0.,
    1.74999997e-01, 1.74999997e-01, 0., 1.74999997e-01, 2.45000005e-01,
    0., 2.10000008e-01, 0., 0., 2.10000008e-01, 7.00000003e-02, 0.,
    2.10000008e-01, 1.40000001e-01, 0., 2.10000008e-01, 2.10000008e-01,
    0., 2.45000005e-01, 3.50000001e-02, 0., 2.45000005e-01,
    1.05000004e-01, 0., 2.45000005e-01, 1.74999997e-01, 0.,
    2.45000005e-01, 2.45000005e-01, 0., 2.80000001e-01, 0., 0.,
    2.80000001e-01, 7.00000003e-02, 0., 2.80000001e-01, 1.40000001e-01,
    0., 2.80000001e-01, 2.10000008e-01, 0., 3.14999998e-01,
    3.50000001e-02, 0., 3.14999998e-01, 1.05000004e-01, 0.,
    3.14999998e-01, 1.74999997e-01, 0., 3.14999998e-01, 2.45000005e-01,
    0., 3.49999994e-01, 0., 0., 3.49999994e-01, 7.00000003e-02, 0.,
    3.49999994e-01, 1.40000001e-01, 0., 3.49999994e-01, 2.10000008e-01,
    0. ]
CalibrationFrameExtRotation: !!opencv-matrix
   rows: 3
   cols: 1
   dt: d
   data: [ 1.0137631677937216e-01, 2.8582878083243757e+00,
       5.8404852339773494e-01 ]
CalibrationFrameExtTranslation: !!opencv-matrix
   rows: 3
   cols: 1
   dt: d
   data: [ -3.5660205395244693e-01, 5.0851027927194016e-03,
       2.8678695206481262e+00 ]
CalibrationFrameRMSerror: 1.7839549481868744e-01
