%YAML:1.0
---
CalibrationFramePatternImage: [ 3.61987366e+02, 2.20910461e+02,
    3.61915985e+02, 2.35700119e+02, 3.61831726e+02, 2.50384750e+02,
    3.61816559e+02, 2.65365631e+02, 3.54522949e+02, 2.27990891e+02,
    3.54368317e+02, 2.42811707e+02, 3.54325287e+02, 2.57641632e+02,
    3.54101654e+02, 2.72704102e+02, 3.47105194e+02, 2.20806290e+02,
    3.46955170e+02, 2.35559982e+02, 3.46864899e+02, 2.50283875e+02,
    3.46851288e+02, 2.65317017e+02, 3.39616577e+02, 2.27860733e+02,
    3.39406799e+02, 2.42606674e+02, 3.39368195e+02, 2.57559998e+02,
    3.39245758e+02, 2.72580261e+02, 3.32201660e+02, 2.20556732e+02,
    3.32106232e+02, 2.35446884e+02, 3.31962891e+02, 2.50132309e+02,
    3.31908905e+02, 2.65108246e+02, 3.24751984e+02, 2.27775940e+02,
    3.24569397e+02, 2.42541061e+02, 3.23427185e+02, 2.56407471e+02,
    3.24319092e+02, 2.72478821e+02, 3.17375702e+02, 2.20521408e+02,
    3.17197845e+02, 2.35307343e+02, 3.17121948e+02, 2.50096588e+02,
    3.16896820e+02, 2.65069672e+02, 3.09931732e+02, 2.27708405e+02,
    3.09744934e+02, 2.42468979e+02, 3.09563995e+02, 2.57463623e+02,
    3.09403076e+02, 2.72454712e+02, 3.02432770e+02, 2.20411789e+02,
    3.02372284e+02, 2.35158798e+02, 3.02153046e+02, 2.49958603e+02,
    3.02026672e+02, 2.64937683e+02, 2.95049408e+02, 2.27569305e+02,
    2.94727295e+02, 2.42346848e+02, 2.94568115e+02, 2.57335968e+02,
    2.94457764e+02, 2.72367340e+02, 2.87558685e+02, 2.20206085e+02,
    2.87329681e+02, 2.34995651e+02, 2.87238525e+02, 2.49858017e+02,
    2.87033661e+02, 2.64865265e+02 ]
CalibrationFramePatternWorld: [ 0., 0., 0., 0., 7.00000003e-02, 0., 0.,
    1.40000001e-01, 0., 0., 2.10000008e-01, 0., 3.50000001e-02,
    3.50000001e-02, 0., 3.50000001e-02, 1.05000004e-01, 0.,
    3.50000001e-02, 1.74999997e-01, 0., 3.50000001e-02, 2.45000005e-01,
    0., 7.00000003e-02, 0., 0., 7.00000003e-02, 7.00000003e-02, 0.,
    7.00000003e-02, 1.40000001e-01, 0., 7.00000003e-02, 2.10000008e-01,
    0., 1.05000004e-01, 3.50000001e-02, 0., 1.05000004e-01,
    1.05000004e-01, 0., 1.05000004e-01, 1.74999997e-01, 0.,
    1.05000004e-01, 2.45000005e-01, 0., 1.40000001e-01, 0., 0.,
    1.40000001e-01, 7.00000003e-02, 0., 1.40000001e-01, 1.40000001e-01,
    0., 1.40000001e-01, 2.10000008e-01, 0., 1.74999997e-01,
    3.50000001e-02, 0., 1.74999997e-01, 1.05000004e-01, 0.,
    1.74999997e-01, 1.74999997e-01, 0., 1.74999997e-01, 2.45000005e-01,
    0., 2.10000008e-01, 0., 0., 2.10000008e-01, 7.00000003e-02, 0.,
    2.10000008e-01, 1.40000001e-01, 0., 2.10000008e-01, 2.10000008e-01,
    0., 2.45000005e-01, 3.50000001e-02, 0., 2.45000005e-01,
    1.05000004e-01, 0., 2.45000005e-01, 1.74999997e-01, 0.,
    2.45000005e-01, 2.45000005e-01, 0., 2.80000001e-01, 0., 0.,
    2.80000001e-01, 7.00000003e-02, 0., 2.80000001e-01, 1.40000001e-01,
    0., 2.80000001e-01, 2.10000008e-01, 0., 3.14999998e-01,
    3.50000001e-02, 0., 3.14999998e-01, 1.05000004e-01, 0.,
    3.14999998e-01, 1.74999997e-01, 0., 3.14999998e-01, 2.45000005e-01,
    0., 3.49999994e-01, 0., 0., 3.49999994e-01, 7.00000003e-02, 0.,
    3.49999994e-01, 1.40000001e-01, 0., 3.49999994e-01, 2.10000008e-01,
    0. ]
CalibrationFrameExtRotation: !!opencv-matrix
   rows: 3
   cols: 1
   dt: d
   data: [ 1.2642136103280154e-02, -3.1693090585777361e+00,
       4.5713712579401544e-02 ]
CalibrationFrameExtTranslation: !!opencv-matrix
   rows: 3
   cols: 1
   dt: d
   data: [ -5.7262667805077071e-02, -8.9196892372865710e-02,
       3.1371745298941982e+00 ]
CalibrationFrameRMSerror: 2.5459825992584229e-01
