%YAML:1.0
---
CalibrationFramePatternImage: [ 6.05795654e+02, 5.17197876e+01,
    6.13882385e+02, 6.85350113e+01, 622., 8.53203735e+01, 6.30205383e+02,
    1.02151924e+02, 6.01321289e+02, 6.29882355e+01, 6.09354614e+02,
    7.99321442e+01, 6.17440613e+02, 9.71099396e+01, 6.25880859e+02,
    1.14101814e+02, 5.89199890e+02, 5.78220711e+01, 5.96833252e+02,
    7.45395737e+01, 6.04839355e+02, 9.16728973e+01, 6.13227478e+02,
    1.08836601e+02, 5.84405273e+02, 6.92378006e+01, 5.92455383e+02,
    8.61638870e+01, 6.00514587e+02, 1.03465889e+02, 6.08916199e+02,
    1.20528221e+02, 5.72192261e+02, 6.37554741e+01, 5.80225098e+02,
    8.08867264e+01, 5.87800354e+02, 9.79513931e+01, 5.96295532e+02,
    1.15208847e+02, 5.67590942e+02, 7.54616928e+01, 5.75324707e+02,
    9.24987411e+01, 5.83559814e+02, 1.09629478e+02, 5.91961548e+02,
    1.27068474e+02, 5.55235779e+02, 7.00641937e+01, 5.63025879e+02,
    8.72169800e+01, 5.70924377e+02, 1.04351898e+02, 5.79013550e+02,
    1.21605820e+02, 5.50629639e+02, 8.17852402e+01, 5.58308044e+02,
    9.88146896e+01, 5.66433289e+02, 1.16161613e+02, 5.74775757e+02,
    1.33484741e+02, 5.38383179e+02, 7.62963791e+01, 5.45709717e+02,
    9.33510742e+01, 5.53779419e+02, 1.10562263e+02, 5.62084167e+02,
    1.28015503e+02, 5.33542419e+02, 8.77964630e+01, 5.41336670e+02,
    1.05059341e+02, 5.49167236e+02, 1.22399277e+02, 5.57515015e+02,
    1.39965363e+02, 5.21285034e+02, 8.22891846e+01, 5.29066406e+02,
    9.94865189e+01, 5.36594482e+02, 1.16978828e+02, 5.44904968e+02,
    1.34333511e+02 ]
CalibrationFramePatternWorld: [ 0., 0., 0., 0., 7.00000003e-02, 0., 0.,
    1.40000001e-01, 0., 0., 2.10000008e-01, 0., 3.50000001e-02,
    3.50000001e-02, 0., 3.50000001e-02, 1.05000004e-01, 0.,
    3.50000001e-02, 1.74999997e-01, 0., 3.50000001e-02, 2.45000005e-01,
    0., 7.00000003e-02, 0., 0., 7.00000003e-02, 7.00000003e-02, 0.,
    7.00000003e-02, 1.40000001e-01, 0., 7.00000003e-02, 2.10000008e-01,
    0., 1.05000004e-01, 3.50000001e-02, 0., 1.05000004e-01,
    1.05000004e-01, 0., 1.05000004e-01, 1.74999997e-01, 0.,
    1.05000004e-01, 2.45000005e-01, 0., 1.40000001e-01, 0., 0.,
    1.40000001e-01, 7.00000003e-02, 0., 1.40000001e-01, 1.40000001e-01,
    0., 1.40000001e-01, 2.10000008e-01, 0., 1.74999997e-01,
    3.50000001e-02, 0., 1.74999997e-01, 1.05000004e-01, 0.,
    1.74999997e-01, 1.74999997e-01, 0., 1.74999997e-01, 2.45000005e-01,
    0., 2.10000008e-01, 0., 0., 2.10000008e-01, 7.00000003e-02, 0.,
    2.10000008e-01, 1.40000001e-01, 0., 2.10000008e-01, 2.10000008e-01,
    0., 2.45000005e-01, 3.50000001e-02, 0., 2.45000005e-01,
    1.05000004e-01, 0., 2.45000005e-01, 1.74999997e-01, 0.,
    2.45000005e-01, 2.45000005e-01, 0., 2.80000001e-01, 0., 0.,
    2.80000001e-01, 7.00000003e-02, 0., 2.80000001e-01, 1.40000001e-01,
    0., 2.80000001e-01, 2.10000008e-01, 0., 3.14999998e-01,
    3.50000001e-02, 0., 3.14999998e-01, 1.05000004e-01, 0.,
    3.14999998e-01, 1.74999997e-01, 0., 3.14999998e-01, 2.45000005e-01,
    0., 3.49999994e-01, 0., 0., 3.49999994e-01, 7.00000003e-02, 0.,
    3.49999994e-01, 1.40000001e-01, 0., 3.49999994e-01, 2.10000008e-01,
    0. ]
CalibrationFrameExtRotation: !!opencv-matrix
   rows: 3
   cols: 1
   dt: d
   data: [ 5.7586103508824571e-01, 2.9136533273386185e+00,
       -1.6232644933166873e-01 ]
CalibrationFrameExtTranslation: !!opencv-matrix
   rows: 3
   cols: 1
   dt: d
   data: [ 8.4210445871695394e-01, -7.0277093755941711e-01,
       2.4944335103447113e+00 ]
CalibrationFrameRMSerror: 2.1292752027511597e-01
