%YAML:1.0
---
CalibrationFramePatternImage: [ 5.02089111e+02, 1.10960434e+02,
    5.10866974e+02, 1.71755844e+02, 5.19288879e+02, 2.31096436e+02,
    5.27752075e+02, 2.90507355e+02, 4.80024811e+02, 1.45065704e+02,
    4.89063049e+02, 2.06091660e+02, 4.97343842e+02, 2.66497803e+02,
    5.06219116e+02, 3.26935364e+02, 4.48436249e+02, 1.17986923e+02,
    4.57874481e+02, 1.80522217e+02, 4.66413513e+02, 2.41780991e+02,
    4.75514771e+02, 3.03368134e+02, 4.25037231e+02, 1.53480148e+02,
    4.34278992e+02, 2.16292358e+02, 4.43628052e+02, 2.78708374e+02,
    4.53192596e+02, 3.41004089e+02, 3.90962677e+02, 1.25402275e+02,
    4.01246277e+02, 1.90245087e+02, 4.10424316e+02, 2.53394180e+02,
    4.20538727e+02, 3.16877380e+02, 3.66007843e+02, 1.62260788e+02,
    3.75957977e+02, 2.27232697e+02, 3.86129242e+02, 2.91747131e+02,
    3.96432617e+02, 3.56401855e+02, 3.29554840e+02, 1.33489716e+02,
    3.40290649e+02, 2.00365692e+02, 3.50549469e+02, 2.65797516e+02,
    3.61020233e+02, 3.31614807e+02, 3.02481049e+02, 1.71845764e+02,
    3.13314545e+02, 2.38884369e+02, 3.24271667e+02, 3.06027435e+02,
    3.35226654e+02, 3.72827972e+02, 2.62900024e+02, 1.42167877e+02,
    2.74520691e+02, 2.11192719e+02, 2.85833313e+02, 2.79198608e+02,
    2.96949310e+02, 3.47288025e+02, 2.33952133e+02, 1.81927536e+02,
    2.45557388e+02, 2.51432343e+02, 2.57223999e+02, 3.21110291e+02,
    2.68634369e+02, 3.90310730e+02, 1.90922852e+02, 1.50864914e+02,
    2.03700790e+02, 2.23139908e+02, 2.15754517e+02, 2.93730438e+02,
    2.27703766e+02, 3.64824280e+02 ]
CalibrationFramePatternWorld: [ 0., 0., 0., 0., 7.00000003e-02, 0., 0.,
    1.40000001e-01, 0., 0., 2.10000008e-01, 0., 3.50000001e-02,
    3.50000001e-02, 0., 3.50000001e-02, 1.05000004e-01, 0.,
    3.50000001e-02, 1.74999997e-01, 0., 3.50000001e-02, 2.45000005e-01,
    0., 7.00000003e-02, 0., 0., 7.00000003e-02, 7.00000003e-02, 0.,
    7.00000003e-02, 1.40000001e-01, 0., 7.00000003e-02, 2.10000008e-01,
    0., 1.05000004e-01, 3.50000001e-02, 0., 1.05000004e-01,
    1.05000004e-01, 0., 1.05000004e-01, 1.74999997e-01, 0.,
    1.05000004e-01, 2.45000005e-01, 0., 1.40000001e-01, 0., 0.,
    1.40000001e-01, 7.00000003e-02, 0., 1.40000001e-01, 1.40000001e-01,
    0., 1.40000001e-01, 2.10000008e-01, 0., 1.74999997e-01,
    3.50000001e-02, 0., 1.74999997e-01, 1.05000004e-01, 0.,
    1.74999997e-01, 1.74999997e-01, 0., 1.74999997e-01, 2.45000005e-01,
    0., 2.10000008e-01, 0., 0., 2.10000008e-01, 7.00000003e-02, 0.,
    2.10000008e-01, 1.40000001e-01, 0., 2.10000008e-01, 2.10000008e-01,
    0., 2.45000005e-01, 3.50000001e-02, 0., 2.45000005e-01,
    1.05000004e-01, 0., 2.45000005e-01, 1.74999997e-01, 0.,
    2.45000005e-01, 2.45000005e-01, 0., 2.80000001e-01, 0., 0.,
    2.80000001e-01, 7.00000003e-02, 0., 2.80000001e-01, 1.40000001e-01,
    0., 2.80000001e-01, 2.10000008e-01, 0., 3.14999998e-01,
    3.50000001e-02, 0., 3.14999998e-01, 1.05000004e-01, 0.,
    3.14999998e-01, 1.74999997e-01, 0., 3.14999998e-01, 2.45000005e-01,
    0., 3.49999994e-01, 0., 0., 3.49999994e-01, 7.00000003e-02, 0.,
    3.49999994e-01, 1.40000001e-01, 0., 3.49999994e-01, 2.10000008e-01,
    0. ]
CalibrationFrameExtRotation: !!opencv-matrix
   rows: 3
   cols: 1
   dt: d
   data: [ 2.3632788614492076e-01, 2.7285348489740500e+00,
       8.8776626047591650e-02 ]
CalibrationFrameExtTranslation: !!opencv-matrix
   rows: 3
   cols: 1
   dt: d
   data: [ 1.4392175325398596e-01, -1.4738074031165399e-01,
       7.6071705822923819e-01 ]
CalibrationFrameRMSerror: 5.6568187475204468e-01
