%YAML:1.0
---
CalibrationFramePatternImage: [ 5.87865417e+02, 7.51537476e+01,
    5.97471680e+02, 1.16117493e+02, 6.06945679e+02, 1.56954239e+02,
    6.16377197e+02, 1.98413361e+02, 5.70582458e+02, 1.00843262e+02,
    5.80185791e+02, 1.41625381e+02, 5.89345703e+02, 1.82679413e+02,
    5.98877869e+02, 2.24377640e+02, 5.44453003e+02, 8.61110840e+01,
    5.53809814e+02, 1.26550919e+02, 5.62740417e+02, 1.67174957e+02,
    5.72164062e+02, 2.08331802e+02, 5.27607239e+02, 1.11525360e+02,
    5.36600647e+02, 1.51877975e+02, 5.45764282e+02, 1.92656082e+02,
    5.55427124e+02, 2.33710052e+02, 5.01750916e+02, 9.65919647e+01,
    5.10814453e+02, 1.36904190e+02, 5.19596924e+02, 1.77098297e+02,
    5.29025635e+02, 2.17894760e+02, 4.85192108e+02, 1.21850037e+02,
    4.94062225e+02, 1.61863846e+02, 5.03017090e+02, 2.02154892e+02,
    5.12472900e+02, 2.43220581e+02, 4.59781921e+02, 1.07080154e+02,
    4.68626312e+02, 1.47021851e+02, 4.77496918e+02, 1.86948853e+02,
    4.86444275e+02, 2.27412033e+02, 4.43488586e+02, 1.32093903e+02,
    4.52134735e+02, 1.71618668e+02, 4.61086914e+02, 2.11918304e+02,
    4.70202850e+02, 2.52323547e+02, 4.18551575e+02, 1.17477020e+02,
    4.27247009e+02, 1.56818420e+02, 4.35839447e+02, 1.96417358e+02,
    4.44993225e+02, 2.36728806e+02, 4.02638428e+02, 1.41892868e+02,
    4.11002625e+02, 1.81280960e+02, 4.19887756e+02, 2.21238220e+02,
    4.28726898e+02, 2.61230164e+02, 3.78077393e+02, 1.27153183e+02,
    3.86590393e+02, 1.66428223e+02, 3.95194214e+02, 2.05881760e+02,
    4.03999207e+02, 2.45806259e+02 ]
CalibrationFramePatternWorld: [ 0., 0., 0., 0., 7.00000003e-02, 0., 0.,
    1.40000001e-01, 0., 0., 2.10000008e-01, 0., 3.50000001e-02,
    3.50000001e-02, 0., 3.50000001e-02, 1.05000004e-01, 0.,
    3.50000001e-02, 1.74999997e-01, 0., 3.50000001e-02, 2.45000005e-01,
    0., 7.00000003e-02, 0., 0., 7.00000003e-02, 7.00000003e-02, 0.,
    7.00000003e-02, 1.40000001e-01, 0., 7.00000003e-02, 2.10000008e-01,
    0., 1.05000004e-01, 3.50000001e-02, 0., 1.05000004e-01,
    1.05000004e-01, 0., 1.05000004e-01, 1.74999997e-01, 0.,
    1.05000004e-01, 2.45000005e-01, 0., 1.40000001e-01, 0., 0.,
    1.40000001e-01, 7.00000003e-02, 0., 1.40000001e-01, 1.40000001e-01,
    0., 1.40000001e-01, 2.10000008e-01, 0., 1.74999997e-01,
    3.50000001e-02, 0., 1.74999997e-01, 1.05000004e-01, 0.,
    1.74999997e-01, 1.74999997e-01, 0., 1.74999997e-01, 2.45000005e-01,
    0., 2.10000008e-01, 0., 0., 2.10000008e-01, 7.00000003e-02, 0.,
    2.10000008e-01, 1.40000001e-01, 0., 2.10000008e-01, 2.10000008e-01,
    0., 2.45000005e-01, 3.50000001e-02, 0., 2.45000005e-01,
    1.05000004e-01, 0., 2.45000005e-01, 1.74999997e-01, 0.,
    2.45000005e-01, 2.45000005e-01, 0., 2.80000001e-01, 0., 0.,
    2.80000001e-01, 7.00000003e-02, 0., 2.80000001e-01, 1.40000001e-01,
    0., 2.80000001e-01, 2.10000008e-01, 0., 3.14999998e-01,
    3.50000001e-02, 0., 3.14999998e-01, 1.05000004e-01, 0.,
    3.14999998e-01, 1.74999997e-01, 0., 3.14999998e-01, 2.45000005e-01,
    0., 3.49999994e-01, 0., 0., 3.49999994e-01, 7.00000003e-02, 0.,
    3.49999994e-01, 1.40000001e-01, 0., 3.49999994e-01, 2.10000008e-01,
    0. ]
CalibrationFrameExtRotation: !!opencv-matrix
   rows: 3
   cols: 1
   dt: d
   data: [ -3.4042538986590437e-01, -3.0093427488346407e+00,
       -5.0639100535762746e-02 ]
CalibrationFrameExtTranslation: !!opencv-matrix
   rows: 3
   cols: 1
   dt: d
   data: [ 3.4420944552857513e-01, -2.7221525197937652e-01,
       1.1028304404624090e+00 ]
CalibrationFrameRMSerror: 5.9532433748245239e-01
