%YAML:1.0
---
CalibrationFramePatternImage: [ 2.56124786e+02, 1.41844284e+02,
    2.48221130e+02, 1.76747330e+02, 2.39836517e+02, 2.12827194e+02,
    2.30990753e+02, 2.50862656e+02, 2.33358978e+02, 1.53302002e+02,
    2.24787704e+02, 1.88965027e+02, 2.15522614e+02, 2.26451126e+02,
    2.05995819e+02, 2.65506195e+02, 2.18619034e+02, 1.30060013e+02,
    2.09706451e+02, 1.65087692e+02, 2.00344467e+02, 2.01962448e+02,
    1.90452225e+02, 2.40643402e+02, 1.94671066e+02, 1.41338104e+02,
    1.84979919e+02, 1.77500351e+02, 1.74869812e+02, 2.15586853e+02,
    1.64354813e+02, 2.55175476e+02, 1.79530914e+02, 1.17532310e+02,
    1.69547226e+02, 1.53212769e+02, 1.59231155e+02, 1.90452744e+02,
    1.48527603e+02, 2.29625656e+02, 1.54189560e+02, 1.28858459e+02,
    1.43602341e+02, 1.65606445e+02, 1.32512787e+02, 2.03978531e+02,
    1.20816696e+02, 2.44365295e+02, 1.38855957e+02, 1.04462814e+02,
    1.27875038e+02, 1.40733566e+02, 1.16449165e+02, 1.78649948e+02,
    1.04417313e+02, 2.18187363e+02, 1.12241058e+02, 1.15861786e+02,
    1.00533913e+02, 1.53159256e+02, 8.81307526e+01, 1.92255798e+02,
    7.51694260e+01, 2.33060501e+02, 9.64414902e+01, 9.10710220e+01,
    8.44084549e+01, 1.27664047e+02, 7.18054733e+01, 1.65957047e+02,
    5.85841751e+01, 2.06378036e+02, 6.84361420e+01, 1.02055351e+02,
    5.55040550e+01, 1.39738693e+02, 4.18146553e+01, 1.79476318e+02,
    2.76354065e+01, 2.21055099e+02, 5.24477959e+01, 7.64291458e+01,
    3.90496216e+01, 1.13545158e+02, 2.51429653e+01, 1.52635788e+02,
    1.05369530e+01, 1.93491928e+02 ]
CalibrationFramePatternWorld: [ 0., 0., 0., 0., 7.00000003e-02, 0., 0.,
    1.40000001e-01, 0., 0., 2.10000008e-01, 0., 3.50000001e-02,
    3.50000001e-02, 0., 3.50000001e-02, 1.05000004e-01, 0.,
    3.50000001e-02, 1.74999997e-01, 0., 3.50000001e-02, 2.45000005e-01,
    0., 7.00000003e-02, 0., 0., 7.00000003e-02, 7.00000003e-02, 0.,
    7.00000003e-02, 1.40000001e-01, 0., 7.00000003e-02, 2.10000008e-01,
    0., 1.05000004e-01, 3.50000001e-02, 0., 1.05000004e-01,
    1.05000004e-01, 0., 1.05000004e-01, 1.74999997e-01, 0.,
    1.05000004e-01, 2.45000005e-01, 0., 1.40000001e-01, 0., 0.,
    1.40000001e-01, 7.00000003e-02, 0., 1.40000001e-01, 1.40000001e-01,
    0., 1.40000001e-01, 2.10000008e-01, 0., 1.74999997e-01,
    3.50000001e-02, 0., 1.74999997e-01, 1.05000004e-01, 0.,
    1.74999997e-01, 1.74999997e-01, 0., 1.74999997e-01, 2.45000005e-01,
    0., 2.10000008e-01, 0., 0., 2.10000008e-01, 7.00000003e-02, 0.,
    2.10000008e-01, 1.40000001e-01, 0., 2.10000008e-01, 2.10000008e-01,
    0., 2.45000005e-01, 3.50000001e-02, 0., 2.45000005e-01,
    1.05000004e-01, 0., 2.45000005e-01, 1.74999997e-01, 0.,
    2.45000005e-01, 2.45000005e-01, 0., 2.80000001e-01, 0., 0.,
    2.80000001e-01, 7.00000003e-02, 0., 2.80000001e-01, 1.40000001e-01,
    0., 2.80000001e-01, 2.10000008e-01, 0., 3.14999998e-01,
    3.50000001e-02, 0., 3.14999998e-01, 1.05000004e-01, 0.,
    3.14999998e-01, 1.74999997e-01, 0., 3.14999998e-01, 2.45000005e-01,
    0., 3.49999994e-01, 0., 0., 3.49999994e-01, 7.00000003e-02, 0.,
    3.49999994e-01, 1.40000001e-01, 0., 3.49999994e-01, 2.10000008e-01,
    0. ]
CalibrationFrameExtRotation: !!opencv-matrix
   rows: 3
   cols: 1
   dt: d
   data: [ -2.9025801975614179e-01, 2.6715312903135620e+00,
       -4.0968686474056332e-01 ]
CalibrationFrameExtTranslation: !!opencv-matrix
   rows: 3
   cols: 1
   dt: d
   data: [ -2.1347981774816843e-01, -1.7747522795996462e-01,
       1.1944956994760527e+00 ]
CalibrationFrameRMSerror: 2.3366042971611023e-01
