%YAML:1.0
---
CalibrationFramePatternImage: [ 2.30210541e+02, 1.53354813e+02,
    2.31599258e+02, 1.80130585e+02, 2.32962997e+02, 2.06981049e+02,
    2.34442001e+02, 2.34470856e+02, 2.17780884e+02, 1.68208267e+02,
    2.19037796e+02, 1.94944534e+02, 2.20311859e+02, 2.22246918e+02,
    2.21421753e+02, 2.49961075e+02, 2.03957153e+02, 1.56961578e+02,
    2.05000259e+02, 1.83466446e+02, 2.06437714e+02, 2.10218353e+02,
    2.07562271e+02, 2.37638306e+02, 1.91613556e+02, 1.71817886e+02,
    1.92572876e+02, 1.98327057e+02, 1.93664383e+02, 2.25397354e+02,
    1.94583710e+02, 2.52801331e+02, 1.77870132e+02, 1.60547104e+02,
    1.78909760e+02, 1.86879013e+02, 1.79993713e+02, 2.13376221e+02,
    1.80864929e+02, 2.40454346e+02, 1.65540649e+02, 1.75253983e+02,
    1.66452820e+02, 2.01479553e+02, 1.67272461e+02, 2.28336136e+02,
    1.67860168e+02, 2.55664429e+02, 1.52182938e+02, 1.64195618e+02,
    1.53058731e+02, 1.90073792e+02, 1.53899734e+02, 2.16582581e+02,
    1.54308777e+02, 2.43369354e+02, 1.39846451e+02, 1.78687134e+02,
    1.40716797e+02, 2.04711899e+02, 1.41127335e+02, 2.31477997e+02,
    1.41468246e+02, 2.58612244e+02, 1.26784599e+02, 1.67744827e+02,
    1.27391663e+02, 1.93247864e+02, 1.27879150e+02, 2.19451675e+02,
    1.28399689e+02, 2.46276398e+02, 1.14373123e+02, 1.81836273e+02,
    1.14668411e+02, 2.07668365e+02, 1.15110535e+02, 2.34319458e+02,
    1.15232857e+02, 2.61245728e+02, 1.01395119e+02, 1.70801346e+02,
    1.01633797e+02, 1.96346817e+02, 1.02079262e+02, 2.22457550e+02,
    1.02069427e+02, 2.49073212e+02 ]
CalibrationFramePatternWorld: [ 0., 0., 0., 0., 7.00000003e-02, 0., 0.,
    1.40000001e-01, 0., 0., 2.10000008e-01, 0., 3.50000001e-02,
    3.50000001e-02, 0., 3.50000001e-02, 1.05000004e-01, 0.,
    3.50000001e-02, 1.74999997e-01, 0., 3.50000001e-02, 2.45000005e-01,
    0., 7.00000003e-02, 0., 0., 7.00000003e-02, 7.00000003e-02, 0.,
    7.00000003e-02, 1.40000001e-01, 0., 7.00000003e-02, 2.10000008e-01,
    0., 1.05000004e-01, 3.50000001e-02, 0., 1.05000004e-01,
    1.05000004e-01, 0., 1.05000004e-01, 1.74999997e-01, 0.,
    1.05000004e-01, 2.45000005e-01, 0., 1.40000001e-01, 0., 0.,
    1.40000001e-01, 7.00000003e-02, 0., 1.40000001e-01, 1.40000001e-01,
    0., 1.40000001e-01, 2.10000008e-01, 0., 1.74999997e-01,
    3.50000001e-02, 0., 1.74999997e-01, 1.05000004e-01, 0.,
    1.74999997e-01, 1.74999997e-01, 0., 1.74999997e-01, 2.45000005e-01,
    0., 2.10000008e-01, 0., 0., 2.10000008e-01, 7.00000003e-02, 0.,
    2.10000008e-01, 1.40000001e-01, 0., 2.10000008e-01, 2.10000008e-01,
    0., 2.45000005e-01, 3.50000001e-02, 0., 2.45000005e-01,
    1.05000004e-01, 0., 2.45000005e-01, 1.74999997e-01, 0.,
    2.45000005e-01, 2.45000005e-01, 0., 2.80000001e-01, 0., 0.,
    2.80000001e-01, 7.00000003e-02, 0., 2.80000001e-01, 1.40000001e-01,
    0., 2.80000001e-01, 2.10000008e-01, 0., 3.14999998e-01,
    3.50000001e-02, 0., 3.14999998e-01, 1.05000004e-01, 0.,
    3.14999998e-01, 1.74999997e-01, 0., 3.14999998e-01, 2.45000005e-01,
    0., 3.49999994e-01, 0., 0., 3.49999994e-01, 7.00000003e-02, 0.,
    3.49999994e-01, 1.40000001e-01, 0., 3.49999994e-01, 2.10000008e-01,
    0. ]
CalibrationFrameExtRotation: !!opencv-matrix
   rows: 3
   cols: 1
   dt: d
   data: [ -1.4600737305029654e-01, -3.0278917430082797e+00,
       2.3482944750140577e-01 ]
CalibrationFrameExtTranslation: !!opencv-matrix
   rows: 3
   cols: 1
   dt: d
   data: [ -3.6617046801072761e-01, -2.2064018975249308e-01,
       1.6838897781819029e+00 ]
CalibrationFrameRMSerror: 2.6722604036331177e-01
