%YAML:1.0
---
CalibrationFramePatternImage: [ 5.66799561e+02, 2.98194550e+02,
    5.71383667e+02, 3.24714111e+02, 5.76087219e+02, 3.50855286e+02,
    5.80815735e+02, 3.77327881e+02, 5.55818726e+02, 3.14028870e+02,
    5.60809204e+02, 3.40371368e+02, 5.65341309e+02, 3.66853210e+02,
    5.70271912e+02, 3.93546875e+02, 5.40649414e+02, 3.03566986e+02,
    5.45478516e+02, 3.30086243e+02, 5.50000061e+02, 3.56309570e+02,
    5.55003418e+02, 3.83097015e+02, 5.30012817e+02, 3.19530060e+02,
    5.34662537e+02, 3.45804352e+02, 5.39615051e+02, 3.72495422e+02,
    5.44482910e+02, 3.99289551e+02, 5.14605408e+02, 3.08916687e+02,
    5.19492310e+02, 3.35683319e+02, 5.24034485e+02, 3.61967438e+02,
    5.28952637e+02, 3.88673706e+02, 5.03855042e+02, 3.24892731e+02,
    5.08593903e+02, 3.51561157e+02, 5.13511292e+02, 3.78144318e+02,
    5.18557556e+02, 4.05287354e+02, 4.88495300e+02, 3.14421906e+02,
    4.93158936e+02, 3.41171021e+02, 4.98144073e+02, 3.67528717e+02,
    5.02959839e+02, 3.94575836e+02, 4.77716766e+02, 3.30541382e+02,
    4.82489197e+02, 3.57016022e+02, 4.87448425e+02, 3.83892334e+02,
    4.92558929e+02, 4.10933624e+02, 4.62158142e+02, 3.19993256e+02,
    4.66855896e+02, 3.46657654e+02, 4.71728058e+02, 3.73312866e+02,
    4.77012177e+02, 4.00262451e+02, 4.51472839e+02, 3.36173828e+02,
    4.56352600e+02, 3.62830017e+02, 4.61154205e+02, 3.89680359e+02,
    4.66303589e+02, 4.16899200e+02, 4.35798828e+02, 3.25631439e+02,
    4.40811157e+02, 3.52614594e+02, 4.45720795e+02, 3.79102539e+02,
    4.50669861e+02, 4.06330414e+02 ]
CalibrationFramePatternWorld: [ 0., 0., 0., 0., 7.00000003e-02, 0., 0.,
    1.40000001e-01, 0., 0., 2.10000008e-01, 0., 3.50000001e-02,
    3.50000001e-02, 0., 3.50000001e-02, 1.05000004e-01, 0.,
    3.50000001e-02, 1.74999997e-01, 0., 3.50000001e-02, 2.45000005e-01,
    0., 7.00000003e-02, 0., 0., 7.00000003e-02, 7.00000003e-02, 0.,
    7.00000003e-02, 1.40000001e-01, 0., 7.00000003e-02, 2.10000008e-01,
    0., 1.05000004e-01, 3.50000001e-02, 0., 1.05000004e-01,
    1.05000004e-01, 0., 1.05000004e-01, 1.74999997e-01, 0.,
    1.05000004e-01, 2.45000005e-01, 0., 1.40000001e-01, 0., 0.,
    1.40000001e-01, 7.00000003e-02, 0., 1.40000001e-01, 1.40000001e-01,
    0., 1.40000001e-01, 2.10000008e-01, 0., 1.74999997e-01,
    3.50000001e-02, 0., 1.74999997e-01, 1.05000004e-01, 0.,
    1.74999997e-01, 1.74999997e-01, 0., 1.74999997e-01, 2.45000005e-01,
    0., 2.10000008e-01, 0., 0., 2.10000008e-01, 7.00000003e-02, 0.,
    2.10000008e-01, 1.40000001e-01, 0., 2.10000008e-01, 2.10000008e-01,
    0., 2.45000005e-01, 3.50000001e-02, 0., 2.45000005e-01,
    1.05000004e-01, 0., 2.45000005e-01, 1.74999997e-01, 0.,
    2.45000005e-01, 2.45000005e-01, 0., 2.80000001e-01, 0., 0.,
    2.80000001e-01, 7.00000003e-02, 0., 2.80000001e-01, 1.40000001e-01,
    0., 2.80000001e-01, 2.10000008e-01, 0., 3.14999998e-01,
    3.50000001e-02, 0., 3.14999998e-01, 1.05000004e-01, 0.,
    3.14999998e-01, 1.74999997e-01, 0., 3.14999998e-01, 2.45000005e-01,
    0., 3.49999994e-01, 0., 0., 3.49999994e-01, 7.00000003e-02, 0.,
    3.49999994e-01, 1.40000001e-01, 0., 3.49999994e-01, 2.10000008e-01,
    0. ]
CalibrationFrameExtRotation: !!opencv-matrix
   rows: 3
   cols: 1
   dt: d
   data: [ 2.7514635040524432e-01, 2.9571217267058607e+00,
       9.5263032024511557e-02 ]
CalibrationFrameExtTranslation: !!opencv-matrix
   rows: 3
   cols: 1
   dt: d
   data: [ 4.9142156658590525e-01, 1.5076864990613467e-01,
       1.7513612583255627e+00 ]
CalibrationFrameRMSerror: 2.6050847768783569e-01
