%YAML:1.0
---
CalibrationFramePatternImage: [ 4.38484375e+02, 2.42712383e+01,
    4.34217651e+02, 4.23876381e+01, 4.30046814e+02, 5.99238129e+01,
    4.25624084e+02, 7.75409470e+01, 4.27784546e+02, 3.13111916e+01,
    4.23385620e+02, 4.94068489e+01, 4.19075714e+02, 6.72604446e+01,
    4.14872070e+02, 8.47436295e+01, 4.21232697e+02, 2.05463715e+01,
    4.16856995e+02, 3.85978432e+01, 4.12816376e+02, 5.62170029e+01,
    4.08603455e+02, 7.40029755e+01, 4.10543793e+02, 2.77595825e+01,
    4.06449921e+02, 4.56218033e+01, 4.02091522e+02, 6.34832306e+01,
    3.98139923e+02, 8.07733459e+01, 4.03876282e+02, 1.69343510e+01,
    3.99882233e+02, 3.50169830e+01, 3.95612183e+02, 5.27098999e+01,
    3.91822418e+02, 7.02860489e+01, 3.93303497e+02, 2.41343784e+01,
    3.89493225e+02, 4.19187737e+01, 3.85460388e+02, 5.96648560e+01,
    3.81299561e+02, 7.73522263e+01, 3.86626862e+02, 1.33904142e+01,
    3.82786377e+02, 3.14377441e+01, 3.78967224e+02, 4.92044296e+01,
    3.74734375e+02, 6.67238770e+01, 3.76250488e+02, 2.05083294e+01,
    3.72299286e+02, 3.84700966e+01, 3.68329163e+02, 5.61379738e+01,
    3.64559998e+02, 7.37235260e+01, 3.69599274e+02, 9.89078522e+00,
    3.65652832e+02, 2.77735939e+01, 3.61868011e+02, 4.52775993e+01,
    3.58077576e+02, 6.29563026e+01, 3.59139923e+02, 1.69058418e+01,
    3.55291656e+02, 3.47571220e+01, 3.51482452e+02, 5.24106712e+01,
    3.47787689e+02, 6.99968491e+01, 3.52455139e+02, 6.11922884e+00,
    3.48693420e+02, 2.39921894e+01, 3.44803345e+02, 4.17595940e+01,
    3.41121246e+02, 5.94627571e+01 ]
CalibrationFramePatternWorld: [ 0., 0., 0., 0., 7.00000003e-02, 0., 0.,
    1.40000001e-01, 0., 0., 2.10000008e-01, 0., 3.50000001e-02,
    3.50000001e-02, 0., 3.50000001e-02, 1.05000004e-01, 0.,
    3.50000001e-02, 1.74999997e-01, 0., 3.50000001e-02, 2.45000005e-01,
    0., 7.00000003e-02, 0., 0., 7.00000003e-02, 7.00000003e-02, 0.,
    7.00000003e-02, 1.40000001e-01, 0., 7.00000003e-02, 2.10000008e-01,
    0., 1.05000004e-01, 3.50000001e-02, 0., 1.05000004e-01,
    1.05000004e-01, 0., 1.05000004e-01, 1.74999997e-01, 0.,
    1.05000004e-01, 2.45000005e-01, 0., 1.40000001e-01, 0., 0.,
    1.40000001e-01, 7.00000003e-02, 0., 1.40000001e-01, 1.40000001e-01,
    0., 1.40000001e-01, 2.10000008e-01, 0., 1.74999997e-01,
    3.50000001e-02, 0., 1.74999997e-01, 1.05000004e-01, 0.,
    1.74999997e-01, 1.74999997e-01, 0., 1.74999997e-01, 2.45000005e-01,
    0., 2.10000008e-01, 0., 0., 2.10000008e-01, 7.00000003e-02, 0.,
    2.10000008e-01, 1.40000001e-01, 0., 2.10000008e-01, 2.10000008e-01,
    0., 2.45000005e-01, 3.50000001e-02, 0., 2.45000005e-01,
    1.05000004e-01, 0., 2.45000005e-01, 1.74999997e-01, 0.,
    2.45000005e-01, 2.45000005e-01, 0., 2.80000001e-01, 0., 0.,
    2.80000001e-01, 7.00000003e-02, 0., 2.80000001e-01, 1.40000001e-01,
    0., 2.80000001e-01, 2.10000008e-01, 0., 3.14999998e-01,
    3.50000001e-02, 0., 3.14999998e-01, 1.05000004e-01, 0.,
    3.14999998e-01, 1.74999997e-01, 0., 3.14999998e-01, 2.45000005e-01,
    0., 3.49999994e-01, 0., 0., 3.49999994e-01, 7.00000003e-02, 0.,
    3.49999994e-01, 1.40000001e-01, 0., 3.49999994e-01, 2.10000008e-01,
    0. ]
CalibrationFrameExtRotation: !!opencv-matrix
   rows: 3
   cols: 1
   dt: d
   data: [ 3.5297589112348066e-01, -2.9619487043880910e+00,
       -4.2627409743779004e-01 ]
CalibrationFrameExtTranslation: !!opencv-matrix
   rows: 3
   cols: 1
   dt: d
   data: [ 2.4529305784736491e-01, -8.4704531191909915e-01,
       2.6014203294257392e+00 ]
CalibrationFrameRMSerror: 2.1799479424953461e-01
