%YAML:1.0
---
CalibrationFramePatternImage: [ 5.89380798e+02, 1.04572426e+02,
    5.89078491e+02, 1.20225906e+02, 5.89050659e+02, 1.35290527e+02,
    5.89066956e+02, 1.50875336e+02, 5.81547119e+02, 1.12507988e+02,
    5.80244385e+02, 1.26606842e+02, 5.81461975e+02, 1.43506012e+02,
    5.81545349e+02, 1.58936371e+02, 5.74550232e+02, 1.05196930e+02,
    5.74345032e+02, 1.20781906e+02, 5.74156616e+02, 1.36275772e+02,
    5.74265198e+02, 1.51697937e+02, 5.66808594e+02, 1.13182289e+02,
    5.65278137e+02, 1.27416649e+02, 5.66704651e+02, 1.44345108e+02,
    5.66837097e+02, 1.59835144e+02, 5.59496155e+02, 1.05810349e+02,
    5.59436340e+02, 1.21591232e+02, 5.59270874e+02, 1.37093384e+02,
    5.59531860e+02, 1.52543625e+02, 5.51929443e+02, 1.14013252e+02,
    5.51818054e+02, 1.29740677e+02, 5.51901550e+02, 1.45284317e+02,
    5.52189148e+02, 1.60818878e+02, 5.44449341e+02, 1.06541542e+02,
    5.44451721e+02, 1.22359894e+02, 5.44524475e+02, 1.37788208e+02,
    5.44669312e+02, 1.53506378e+02, 5.36860657e+02, 1.14994286e+02,
    5.37016968e+02, 1.30548157e+02, 5.37237122e+02, 1.46317413e+02,
    5.37516174e+02, 1.61802948e+02, 5.29528809e+02, 1.07397072e+02,
    5.29523804e+02, 1.22945572e+02, 5.29607666e+02, 1.38945953e+02,
    5.29874756e+02, 1.54443069e+02, 5.22110718e+02, 1.15664680e+02,
    5.22100769e+02, 1.31334671e+02, 5.22430420e+02, 1.46913422e+02,
    5.22744629e+02, 1.62917984e+02, 5.14643372e+02, 1.08012764e+02,
    5.14667969e+02, 1.24028519e+02, 5.14703857e+02, 1.39565475e+02,
    5.15143677e+02, 1.55338043e+02 ]
CalibrationFramePatternWorld: [ 0., 0., 0., 0., 7.00000003e-02, 0., 0.,
    1.40000001e-01, 0., 0., 2.10000008e-01, 0., 3.50000001e-02,
    3.50000001e-02, 0., 3.50000001e-02, 1.05000004e-01, 0.,
    3.50000001e-02, 1.74999997e-01, 0., 3.50000001e-02, 2.45000005e-01,
    0., 7.00000003e-02, 0., 0., 7.00000003e-02, 7.00000003e-02, 0.,
    7.00000003e-02, 1.40000001e-01, 0., 7.00000003e-02, 2.10000008e-01,
    0., 1.05000004e-01, 3.50000001e-02, 0., 1.05000004e-01,
    1.05000004e-01, 0., 1.05000004e-01, 1.74999997e-01, 0.,
    1.05000004e-01, 2.45000005e-01, 0., 1.40000001e-01, 0., 0.,
    1.40000001e-01, 7.00000003e-02, 0., 1.40000001e-01, 1.40000001e-01,
    0., 1.40000001e-01, 2.10000008e-01, 0., 1.74999997e-01,
    3.50000001e-02, 0., 1.74999997e-01, 1.05000004e-01, 0.,
    1.74999997e-01, 1.74999997e-01, 0., 1.74999997e-01, 2.45000005e-01,
    0., 2.10000008e-01, 0., 0., 2.10000008e-01, 7.00000003e-02, 0.,
    2.10000008e-01, 1.40000001e-01, 0., 2.10000008e-01, 2.10000008e-01,
    0., 2.45000005e-01, 3.50000001e-02, 0., 2.45000005e-01,
    1.05000004e-01, 0., 2.45000005e-01, 1.74999997e-01, 0.,
    2.45000005e-01, 2.45000005e-01, 0., 2.80000001e-01, 0., 0.,
    2.80000001e-01, 7.00000003e-02, 0., 2.80000001e-01, 1.40000001e-01,
    0., 2.80000001e-01, 2.10000008e-01, 0., 3.14999998e-01,
    3.50000001e-02, 0., 3.14999998e-01, 1.05000004e-01, 0.,
    3.14999998e-01, 1.74999997e-01, 0., 3.14999998e-01, 2.45000005e-01,
    0., 3.49999994e-01, 0., 0., 3.49999994e-01, 7.00000003e-02, 0.,
    3.49999994e-01, 1.40000001e-01, 0., 3.49999994e-01, 2.10000008e-01,
    0. ]
CalibrationFrameExtRotation: !!opencv-matrix
   rows: 3
   cols: 1
   dt: d
   data: [ 1.0239329789186753e-01, 2.9220292954861518e+00,
       2.4717504762236356e-01 ]
CalibrationFrameExtTranslation: !!opencv-matrix
   rows: 3
   cols: 1
   dt: d
   data: [ 9.5352286804384501e-01, -6.1720707838150324e-01,
       3.0396241193143765e+00 ]
CalibrationFrameRMSerror: 4.6813905239105225e-01
