%YAML:1.0
---
CalibrationFramePatternImage: [ 1.45147537e+02, 3.29738342e+02,
    1.50550537e+02, 3.54685638e+02, 1.56062607e+02, 3.79220581e+02,
    1.61447708e+02, 4.04264343e+02, 1.34888031e+02, 3.45050262e+02,
    1.40458282e+02, 3.69861298e+02, 1.45921692e+02, 3.94698547e+02,
    1.51280853e+02, 4.19980316e+02, 1.19196404e+02, 3.35871063e+02,
    1.24633263e+02, 3.60645691e+02, 1.30186661e+02, 3.85299255e+02,
    1.35758301e+02, 4.10622711e+02, 1.08872742e+02, 3.51205933e+02,
    1.14316551e+02, 3.75900330e+02, 1.19962128e+02, 4.01122070e+02,
    1.25414490e+02, 4.26340302e+02, 9.29870453e+01, 3.41704987e+02,
    9.85154953e+01, 3.66731659e+02, 1.04058952e+02, 3.91591919e+02,
    1.09670586e+02, 4.16912170e+02, 8.24758453e+01, 3.57217712e+02,
    8.81082458e+01, 3.82162567e+02, 9.36205521e+01, 4.07385254e+02,
    9.92700577e+01, 4.32816986e+02, 6.65509186e+01, 3.47877106e+02,
    7.20975571e+01, 3.72766022e+02, 7.77894745e+01, 3.97883545e+02,
    8.33501816e+01, 4.23295776e+02, 5.60295753e+01, 3.63403015e+02,
    6.16776314e+01, 3.88280243e+02, 6.72414093e+01, 4.13939972e+02,
    7.28157501e+01, 4.39287506e+02, 3.98709946e+01, 3.53949005e+02,
    4.55275879e+01, 3.78959686e+02, 5.10621490e+01, 4.04322601e+02,
    5.67831421e+01, 4.29571411e+02, 2.91330795e+01, 3.69614838e+02,
    3.46495094e+01, 3.94724792e+02, 4.04106941e+01, 4.20220032e+02,
    4.60459099e+01, 4.45597839e+02, 1.26727371e+01, 3.60046844e+02,
    1.82492924e+01, 3.85548401e+02, 2.40513363e+01, 4.10995148e+02,
    2.96397915e+01, 4.36363525e+02 ]
CalibrationFramePatternWorld: [ 0., 0., 0., 0., 7.00000003e-02, 0., 0.,
    1.40000001e-01, 0., 0., 2.10000008e-01, 0., 3.50000001e-02,
    3.50000001e-02, 0., 3.50000001e-02, 1.05000004e-01, 0.,
    3.50000001e-02, 1.74999997e-01, 0., 3.50000001e-02, 2.45000005e-01,
    0., 7.00000003e-02, 0., 0., 7.00000003e-02, 7.00000003e-02, 0.,
    7.00000003e-02, 1.40000001e-01, 0., 7.00000003e-02, 2.10000008e-01,
    0., 1.05000004e-01, 3.50000001e-02, 0., 1.05000004e-01,
    1.05000004e-01, 0., 1.05000004e-01, 1.74999997e-01, 0.,
    1.05000004e-01, 2.45000005e-01, 0., 1.40000001e-01, 0., 0.,
    1.40000001e-01, 7.00000003e-02, 0., 1.40000001e-01, 1.40000001e-01,
    0., 1.40000001e-01, 2.10000008e-01, 0., 1.74999997e-01,
    3.50000001e-02, 0., 1.74999997e-01, 1.05000004e-01, 0.,
    1.74999997e-01, 1.74999997e-01, 0., 1.74999997e-01, 2.45000005e-01,
    0., 2.10000008e-01, 0., 0., 2.10000008e-01, 7.00000003e-02, 0.,
    2.10000008e-01, 1.40000001e-01, 0., 2.10000008e-01, 2.10000008e-01,
    0., 2.45000005e-01, 3.50000001e-02, 0., 2.45000005e-01,
    1.05000004e-01, 0., 2.45000005e-01, 1.74999997e-01, 0.,
    2.45000005e-01, 2.45000005e-01, 0., 2.80000001e-01, 0., 0.,
    2.80000001e-01, 7.00000003e-02, 0., 2.80000001e-01, 1.40000001e-01,
    0., 2.80000001e-01, 2.10000008e-01, 0., 3.14999998e-01,
    3.50000001e-02, 0., 3.14999998e-01, 1.05000004e-01, 0.,
    3.14999998e-01, 1.74999997e-01, 0., 3.14999998e-01, 2.45000005e-01,
    0., 3.49999994e-01, 0., 0., 3.49999994e-01, 7.00000003e-02, 0.,
    3.49999994e-01, 1.40000001e-01, 0., 3.49999994e-01, 2.10000008e-01,
    0. ]
CalibrationFrameExtRotation: !!opencv-matrix
   rows: 3
   cols: 1
   dt: d
   data: [ 2.9265403315625610e-01, 2.9620273444805103e+00,
       9.5732074512527826e-02 ]
CalibrationFrameExtTranslation: !!opencv-matrix
   rows: 3
   cols: 1
   dt: d
   data: [ -6.2445188508478200e-01, 2.4342589989336080e-01,
       1.8053102107840875e+00 ]
CalibrationFrameRMSerror: 1.9309125840663910e-01
