%YAML:1.0
---
CalibrationFramePatternImage: [ 4.05620026e+02, 2.32253220e+02,
    4.12779968e+02, 2.76675110e+02, 4.20497070e+02, 3.22256683e+02,
    4.28634399e+02, 3.69592529e+02, 3.88164307e+02, 2.58120026e+02,
    3.95218719e+02, 3.02587646e+02, 4.02921509e+02, 3.48494232e+02,
    4.10570496e+02, 3.95996033e+02, 3.64565857e+02, 2.41005035e+02,
    3.70837463e+02, 2.84054596e+02, 3.78182251e+02, 3.28453217e+02,
    3.85328003e+02, 3.74595764e+02, 3.47988281e+02, 2.66080383e+02,
    3.54350342e+02, 3.09338654e+02, 3.61140259e+02, 3.54046356e+02,
    3.67984161e+02, 4.00087128e+02, 3.25742737e+02, 2.48988144e+02,
    3.31512573e+02, 2.91255035e+02, 3.38038177e+02, 3.34471649e+02,
    3.44330017e+02, 3.79258911e+02, 3.09774902e+02, 2.73388062e+02,
    3.15767090e+02, 3.15558990e+02, 3.21705658e+02, 3.59195587e+02,
    3.27669098e+02, 4.04165771e+02, 2.88966370e+02, 2.56656067e+02,
    2.94201721e+02, 2.97976044e+02, 3.00175537e+02, 3.40279846e+02,
    3.05507385e+02, 3.83675720e+02, 2.73833160e+02, 2.80608307e+02,
    2.79291626e+02, 3.21649811e+02, 2.84603851e+02, 3.64304535e+02,
    2.89964813e+02, 4.08160065e+02, 2.54136703e+02, 2.64170349e+02,
    2.59031189e+02, 3.04266388e+02, 2.64044006e+02, 3.45420197e+02,
    2.69195435e+02, 3.88036194e+02, 2.39413284e+02, 2.87337067e+02,
    2.44097122e+02, 3.27430023e+02, 2.49031036e+02, 3.69017914e+02,
    2.53857147e+02, 4.11607239e+02, 2.20479477e+02, 2.70952209e+02,
    2.24595535e+02, 3.10336456e+02, 2.29689499e+02, 3.50785126e+02,
    2.33759842e+02, 3.92307129e+02 ]
CalibrationFramePatternWorld: [ 0., 0., 0., 0., 7.00000003e-02, 0., 0.,
    1.40000001e-01, 0., 0., 2.10000008e-01, 0., 3.50000001e-02,
    3.50000001e-02, 0., 3.50000001e-02, 1.05000004e-01, 0.,
    3.50000001e-02, 1.74999997e-01, 0., 3.50000001e-02, 2.45000005e-01,
    0., 7.00000003e-02, 0., 0., 7.00000003e-02, 7.00000003e-02, 0.,
    7.00000003e-02, 1.40000001e-01, 0., 7.00000003e-02, 2.10000008e-01,
    0., 1.05000004e-01, 3.50000001e-02, 0., 1.05000004e-01,
    1.05000004e-01, 0., 1.05000004e-01, 1.74999997e-01, 0.,
    1.05000004e-01, 2.45000005e-01, 0., 1.40000001e-01, 0., 0.,
    1.40000001e-01, 7.00000003e-02, 0., 1.40000001e-01, 1.40000001e-01,
    0., 1.40000001e-01, 2.10000008e-01, 0., 1.74999997e-01,
    3.50000001e-02, 0., 1.74999997e-01, 1.05000004e-01, 0.,
    1.74999997e-01, 1.74999997e-01, 0., 1.74999997e-01, 2.45000005e-01,
    0., 2.10000008e-01, 0., 0., 2.10000008e-01, 7.00000003e-02, 0.,
    2.10000008e-01, 1.40000001e-01, 0., 2.10000008e-01, 2.10000008e-01,
    0., 2.45000005e-01, 3.50000001e-02, 0., 2.45000005e-01,
    1.05000004e-01, 0., 2.45000005e-01, 1.74999997e-01, 0.,
    2.45000005e-01, 2.45000005e-01, 0., 2.80000001e-01, 0., 0.,
    2.80000001e-01, 7.00000003e-02, 0., 2.80000001e-01, 1.40000001e-01,
    0., 2.80000001e-01, 2.10000008e-01, 0., 3.14999998e-01,
    3.50000001e-02, 0., 3.14999998e-01, 1.05000004e-01, 0.,
    3.14999998e-01, 1.74999997e-01, 0., 3.14999998e-01, 2.45000005e-01,
    0., 3.49999994e-01, 0., 0., 3.49999994e-01, 7.00000003e-02, 0.,
    3.49999994e-01, 1.40000001e-01, 0., 3.49999994e-01, 2.10000008e-01,
    0. ]
CalibrationFrameExtRotation: !!opencv-matrix
   rows: 3
   cols: 1
   dt: d
   data: [ -2.4033504144469309e-01, -2.7333946729240237e+00,
       1.4625874172966263e-01 ]
CalibrationFrameExtTranslation: !!opencv-matrix
   rows: 3
   cols: 1
   dt: d
   data: [ 4.8477714176201371e-02, -1.1534469281046650e-02,
       1.0336093915254305e+00 ]
CalibrationFrameRMSerror: 3.0855041742324829e-01
