%YAML:1.0
---
CalibrationFramePatternImage: [ 4.41788330e+02, 3.00255554e+02,
    4.36964691e+02, 3.15226562e+02, 4.32047180e+02, 3.29829987e+02,
    4.27175262e+02, 3.44616974e+02, 4.31784424e+02, 3.05211395e+02,
    4.27107788e+02, 3.19881287e+02, 4.22263275e+02, 3.34642578e+02,
    4.17255615e+02, 3.49463409e+02, 4.26853699e+02, 2.95450989e+02,
    4.22099884e+02, 3.10060486e+02, 4.17344177e+02, 3.24666534e+02,
    4.12420715e+02, 3.39234314e+02, 4.17132294e+02, 3.00162598e+02,
    4.12559052e+02, 3.14536774e+02, 4.07633362e+02, 3.29252228e+02,
    4.02807037e+02, 3.44005096e+02, 4.12249878e+02, 2.90392365e+02,
    4.07504456e+02, 3.04964844e+02, 4.02869598e+02, 3.19431854e+02,
    3.98015930e+02, 3.33999939e+02, 4.02643738e+02, 2.95394012e+02,
    3.98021118e+02, 3.09601105e+02, 3.93134094e+02, 3.23981201e+02,
    3.88273407e+02, 3.38563873e+02, 3.97781555e+02, 2.85687897e+02,
    3.93109009e+02, 2.99918579e+02, 3.88679382e+02, 3.14346497e+02,
    3.83631409e+02, 3.28771332e+02, 3.88428253e+02, 2.90435150e+02,
    3.83704346e+02, 3.04693634e+02, 3.79034119e+02, 3.19010040e+02,
    3.74159576e+02, 3.33393311e+02, 3.83486420e+02, 2.80942749e+02,
    3.79041260e+02, 2.95072327e+02, 3.74251404e+02, 3.09316925e+02,
    3.69567749e+02, 3.23649384e+02, 3.74206116e+02, 2.85714966e+02,
    3.69711029e+02, 2.99721313e+02, 3.65015564e+02, 3.13991821e+02,
    3.60185913e+02, 3.28320892e+02, 3.69443726e+02, 2.76236908e+02,
    3.64896149e+02, 2.90316193e+02, 3.60296783e+02, 3.04533752e+02,
    3.55628632e+02, 3.18761536e+02 ]
CalibrationFramePatternWorld: [ 0., 0., 0., 0., 7.00000003e-02, 0., 0.,
    1.40000001e-01, 0., 0., 2.10000008e-01, 0., 3.50000001e-02,
    3.50000001e-02, 0., 3.50000001e-02, 1.05000004e-01, 0.,
    3.50000001e-02, 1.74999997e-01, 0., 3.50000001e-02, 2.45000005e-01,
    0., 7.00000003e-02, 0., 0., 7.00000003e-02, 7.00000003e-02, 0.,
    7.00000003e-02, 1.40000001e-01, 0., 7.00000003e-02, 2.10000008e-01,
    0., 1.05000004e-01, 3.50000001e-02, 0., 1.05000004e-01,
    1.05000004e-01, 0., 1.05000004e-01, 1.74999997e-01, 0.,
    1.05000004e-01, 2.45000005e-01, 0., 1.40000001e-01, 0., 0.,
    1.40000001e-01, 7.00000003e-02, 0., 1.40000001e-01, 1.40000001e-01,
    0., 1.40000001e-01, 2.10000008e-01, 0., 1.74999997e-01,
    3.50000001e-02, 0., 1.74999997e-01, 1.05000004e-01, 0.,
    1.74999997e-01, 1.74999997e-01, 0., 1.74999997e-01, 2.45000005e-01,
    0., 2.10000008e-01, 0., 0., 2.10000008e-01, 7.00000003e-02, 0.,
    2.10000008e-01, 1.40000001e-01, 0., 2.10000008e-01, 2.10000008e-01,
    0., 2.45000005e-01, 3.50000001e-02, 0., 2.45000005e-01,
    1.05000004e-01, 0., 2.45000005e-01, 1.74999997e-01, 0.,
    2.45000005e-01, 2.45000005e-01, 0., 2.80000001e-01, 0., 0.,
    2.80000001e-01, 7.00000003e-02, 0., 2.80000001e-01, 1.40000001e-01,
    0., 2.80000001e-01, 2.10000008e-01, 0., 3.14999998e-01,
    3.50000001e-02, 0., 3.14999998e-01, 1.05000004e-01, 0.,
    3.14999998e-01, 1.74999997e-01, 0., 3.14999998e-01, 2.45000005e-01,
    0., 3.49999994e-01, 0., 0., 3.49999994e-01, 7.00000003e-02, 0.,
    3.49999994e-01, 1.40000001e-01, 0., 3.49999994e-01, 2.10000008e-01,
    0. ]
CalibrationFrameExtRotation: !!opencv-matrix
   rows: 3
   cols: 1
   dt: d
   data: [ 4.6312205162049991e-01, -2.8883533484813571e+00,
       8.9672469475307257e-02 ]
CalibrationFrameExtTranslation: !!opencv-matrix
   rows: 3
   cols: 1
   dt: d
   data: [ 3.0304080401448874e-01, 2.7702838247122130e-01,
       3.0492118499172718e+00 ]
CalibrationFrameRMSerror: 1.4691531658172607e-01
