%YAML:1.0
---
CalibrationFramePatternImage: [ 3.13548126e+02, 1.00102608e+02,
    3.09058807e+02, 1.41089096e+02, 3.04389435e+02, 1.81270905e+02,
    2.99528198e+02, 2.21287979e+02, 2.91607178e+02, 1.18567932e+02,
    2.87009674e+02, 1.58946671e+02, 2.82455261e+02, 1.98849518e+02,
    2.77329041e+02, 2.38658371e+02, 2.73700592e+02, 9.66685333e+01,
    2.69582367e+02, 1.36831268e+02, 2.65187469e+02, 1.76709061e+02,
    2.60475708e+02, 2.16507141e+02, 2.52178909e+02, 1.14904358e+02,
    2.47829285e+02, 1.54527527e+02, 2.43547745e+02, 1.94299332e+02,
    2.38732590e+02, 2.33570984e+02, 2.34305023e+02, 9.31043167e+01,
    2.30470459e+02, 1.32933350e+02, 2.26281067e+02, 1.72201157e+02,
    2.22009811e+02, 2.11501450e+02, 2.13002823e+02, 1.11129570e+02,
    2.09229294e+02, 1.50456665e+02, 2.04922134e+02, 1.89598190e+02,
    2.00353088e+02, 2.28693481e+02, 1.95346176e+02, 8.96085968e+01,
    1.91827316e+02, 1.29055862e+02, 1.88159164e+02, 1.68066025e+02,
    1.83633713e+02, 2.06830322e+02, 1.74359085e+02, 1.07581276e+02,
    1.71001572e+02, 1.46361343e+02, 1.66865433e+02, 1.85319824e+02,
    1.62573517e+02, 2.23956116e+02, 1.56819458e+02, 8.61958847e+01,
    1.53618866e+02, 1.25131783e+02, 1.49907181e+02, 1.63677170e+02,
    1.46029114e+02, 2.02257416e+02, 1.35936646e+02, 1.03939003e+02,
    1.32691925e+02, 1.42275269e+02, 1.29077362e+02, 1.80711945e+02,
    1.25026215e+02, 2.19119492e+02, 1.18198212e+02, 8.26511612e+01,
    1.15140945e+02, 1.21406357e+02, 1.11981316e+02, 1.59546967e+02,
    1.08129066e+02, 1.97795929e+02 ]
CalibrationFramePatternWorld: [ 0., 0., 0., 0., 7.00000003e-02, 0., 0.,
    1.40000001e-01, 0., 0., 2.10000008e-01, 0., 3.50000001e-02,
    3.50000001e-02, 0., 3.50000001e-02, 1.05000004e-01, 0.,
    3.50000001e-02, 1.74999997e-01, 0., 3.50000001e-02, 2.45000005e-01,
    0., 7.00000003e-02, 0., 0., 7.00000003e-02, 7.00000003e-02, 0.,
    7.00000003e-02, 1.40000001e-01, 0., 7.00000003e-02, 2.10000008e-01,
    0., 1.05000004e-01, 3.50000001e-02, 0., 1.05000004e-01,
    1.05000004e-01, 0., 1.05000004e-01, 1.74999997e-01, 0.,
    1.05000004e-01, 2.45000005e-01, 0., 1.40000001e-01, 0., 0.,
    1.40000001e-01, 7.00000003e-02, 0., 1.40000001e-01, 1.40000001e-01,
    0., 1.40000001e-01, 2.10000008e-01, 0., 1.74999997e-01,
    3.50000001e-02, 0., 1.74999997e-01, 1.05000004e-01, 0.,
    1.74999997e-01, 1.74999997e-01, 0., 1.74999997e-01, 2.45000005e-01,
    0., 2.10000008e-01, 0., 0., 2.10000008e-01, 7.00000003e-02, 0.,
    2.10000008e-01, 1.40000001e-01, 0., 2.10000008e-01, 2.10000008e-01,
    0., 2.45000005e-01, 3.50000001e-02, 0., 2.45000005e-01,
    1.05000004e-01, 0., 2.45000005e-01, 1.74999997e-01, 0.,
    2.45000005e-01, 2.45000005e-01, 0., 2.80000001e-01, 0., 0.,
    2.80000001e-01, 7.00000003e-02, 0., 2.80000001e-01, 1.40000001e-01,
    0., 2.80000001e-01, 2.10000008e-01, 0., 3.14999998e-01,
    3.50000001e-02, 0., 3.14999998e-01, 1.05000004e-01, 0.,
    3.14999998e-01, 1.74999997e-01, 0., 3.14999998e-01, 2.45000005e-01,
    0., 3.49999994e-01, 0., 0., 3.49999994e-01, 7.00000003e-02, 0.,
    3.49999994e-01, 1.40000001e-01, 0., 3.49999994e-01, 2.10000008e-01,
    0. ]
CalibrationFrameExtRotation: !!opencv-matrix
   rows: 3
   cols: 1
   dt: d
   data: [ 1.8387086312560036e-01, -3.0850830482649143e+00,
       -1.2897930304949759e-01 ]
CalibrationFrameExtTranslation: !!opencv-matrix
   rows: 3
   cols: 1
   dt: d
   data: [ -1.0599202414529375e-01, -2.4153853593060659e-01,
       1.1481292016044828e+00 ]
CalibrationFrameRMSerror: 6.0116517543792725e-01
