%YAML:1.0
---
CalibrationFramePatternImage: [ 2.91817810e+02, 3.06255932e+01,
    3.00392670e+02, 5.56435966e+01, 3.08692322e+02, 8.02056122e+01,
    3.16720886e+02, 1.04568161e+02, 2.84495117e+02, 4.71753006e+01,
    2.93179291e+02, 7.20564423e+01, 3.01385529e+02, 9.65470963e+01,
    3.09554871e+02, 1.20564095e+02, 2.68311523e+02, 3.86880302e+01,
    2.77171936e+02, 6.37490921e+01, 2.85753448e+02, 8.84211502e+01,
    2.94197723e+02, 1.12915100e+02, 2.61003265e+02, 5.52431946e+01,
    2.69927856e+02, 8.03330307e+01, 2.78584045e+02, 1.05123650e+02,
    2.87171082e+02, 1.29088638e+02, 2.44340134e+02, 4.65753136e+01,
    2.53669495e+02, 7.20947189e+01, 2.62403015e+02, 9.68719635e+01,
    2.71335022e+02, 1.21415810e+02, 2.36987930e+02, 6.35957870e+01,
    2.46206711e+02, 8.87216797e+01, 2.55285919e+02, 1.13449768e+02,
    2.64196747e+02, 1.37925995e+02, 2.19964005e+02, 5.48906555e+01,
    2.29554932e+02, 8.05827103e+01, 2.38801254e+02, 1.05536995e+02,
    2.47930573e+02, 1.30120544e+02, 2.12501129e+02, 7.20270767e+01,
    2.22073959e+02, 9.72215652e+01, 2.31485214e+02, 1.22372925e+02,
    2.40722733e+02, 1.46813828e+02, 1.95036911e+02, 6.34220619e+01,
    2.04910187e+02, 8.90201797e+01, 2.14563644e+02, 1.14256454e+02,
    2.24157761e+02, 1.38935867e+02, 1.87522873e+02, 8.04662628e+01,
    1.97344070e+02, 1.05985657e+02, 2.07138748e+02, 1.31146194e+02,
    2.16772598e+02, 1.55784454e+02, 1.69521255e+02, 7.17578430e+01,
    1.79911224e+02, 9.77768631e+01, 1.89850418e+02, 1.23128929e+02,
    1.99751694e+02, 1.48017944e+02 ]
CalibrationFramePatternWorld: [ 0., 0., 0., 0., 7.00000003e-02, 0., 0.,
    1.40000001e-01, 0., 0., 2.10000008e-01, 0., 3.50000001e-02,
    3.50000001e-02, 0., 3.50000001e-02, 1.05000004e-01, 0.,
    3.50000001e-02, 1.74999997e-01, 0., 3.50000001e-02, 2.45000005e-01,
    0., 7.00000003e-02, 0., 0., 7.00000003e-02, 7.00000003e-02, 0.,
    7.00000003e-02, 1.40000001e-01, 0., 7.00000003e-02, 2.10000008e-01,
    0., 1.05000004e-01, 3.50000001e-02, 0., 1.05000004e-01,
    1.05000004e-01, 0., 1.05000004e-01, 1.74999997e-01, 0.,
    1.05000004e-01, 2.45000005e-01, 0., 1.40000001e-01, 0., 0.,
    1.40000001e-01, 7.00000003e-02, 0., 1.40000001e-01, 1.40000001e-01,
    0., 1.40000001e-01, 2.10000008e-01, 0., 1.74999997e-01,
    3.50000001e-02, 0., 1.74999997e-01, 1.05000004e-01, 0.,
    1.74999997e-01, 1.74999997e-01, 0., 1.74999997e-01, 2.45000005e-01,
    0., 2.10000008e-01, 0., 0., 2.10000008e-01, 7.00000003e-02, 0.,
    2.10000008e-01, 1.40000001e-01, 0., 2.10000008e-01, 2.10000008e-01,
    0., 2.45000005e-01, 3.50000001e-02, 0., 2.45000005e-01,
    1.05000004e-01, 0., 2.45000005e-01, 1.74999997e-01, 0.,
    2.45000005e-01, 2.45000005e-01, 0., 2.80000001e-01, 0., 0.,
    2.80000001e-01, 7.00000003e-02, 0., 2.80000001e-01, 1.40000001e-01,
    0., 2.80000001e-01, 2.10000008e-01, 0., 3.14999998e-01,
    3.50000001e-02, 0., 3.14999998e-01, 1.05000004e-01, 0.,
    3.14999998e-01, 1.74999997e-01, 0., 3.14999998e-01, 2.45000005e-01,
    0., 3.49999994e-01, 0., 0., 3.49999994e-01, 7.00000003e-02, 0.,
    3.49999994e-01, 1.40000001e-01, 0., 3.49999994e-01, 2.10000008e-01,
    0. ]
CalibrationFrameExtRotation: !!opencv-matrix
   rows: 3
   cols: 1
   dt: d
   data: [ 5.1454145077434399e-01, 2.6818651781248812e+00,
       3.2029556212778976e-01 ]
CalibrationFrameExtTranslation: !!opencv-matrix
   rows: 3
   cols: 1
   dt: d
   data: [ -2.2733844250435842e-01, -5.7336692281639412e-01,
       1.8032516523106332e+00 ]
CalibrationFrameRMSerror: 1.8622487783432007e-01
