%YAML:1.0
---
CalibrationFramePatternImage: [ 4.64329926e+02, 2.44063583e+02,
    4.82928131e+02, 2.45594238e+02, 5.01643494e+02, 2.47275070e+02,
    5.20108459e+02, 2.48656250e+02, 5.39173157e+02, 2.50302338e+02,
    5.57616821e+02, 2.52289566e+02, 5.76640564e+02, 2.53751190e+02,
    4.63596954e+02, 2.62255249e+02, 4.81869720e+02, 2.63917328e+02,
    5.00377472e+02, 2.65555695e+02, 5.19196045e+02, 2.67391693e+02,
    5.37525940e+02, 2.69085999e+02, 5.56639526e+02, 2.71049652e+02,
    5.74853455e+02, 2.72552185e+02, 4.62811523e+02, 2.80044525e+02,
    4.80920105e+02, 2.81886078e+02, 4.99494080e+02, 2.83618835e+02,
    5.17633972e+02, 2.85421082e+02, 5.36387207e+02, 2.87363403e+02,
    5.54796265e+02, 2.88938568e+02, 5.73515869e+02, 2.90829773e+02,
    4.61491669e+02, 2.97569153e+02, 4.79889008e+02, 2.99391663e+02,
    4.98126556e+02, 3.01280609e+02, 5.16546326e+02, 3.03252869e+02,
    5.34697693e+02, 3.05176300e+02, 5.53240234e+02, 3.07064728e+02,
    5.71591492e+02, 3.09058289e+02, 4.60473297e+02, 3.14369629e+02,
    4.78508301e+02, 3.16668762e+02, 4.96971680e+02, 3.18683136e+02,
    5.14862183e+02, 3.20696411e+02, 5.33298279e+02, 3.22723907e+02,
    5.51391357e+02, 3.24709961e+02, 5.69829834e+02, 3.26959869e+02 ]
CalibrationFramePatternWorld: [ 0., 0., 0., 0., 2.70000007e-02, 0., 0.,
    5.40000014e-02, 0., 0., 8.10000002e-02, 0., 0., 1.08000003e-01, 0.,
    0., 1.35000005e-01, 0., 0., 1.62000000e-01, 0., 2.70000007e-02, 0.,
    0., 2.70000007e-02, 2.70000007e-02, 0., 2.70000007e-02,
    5.40000014e-02, 0., 2.70000007e-02, 8.10000002e-02, 0.,
    2.70000007e-02, 1.08000003e-01, 0., 2.70000007e-02, 1.35000005e-01,
    0., 2.70000007e-02, 1.62000000e-01, 0., 5.40000014e-02, 0., 0.,
    5.40000014e-02, 2.70000007e-02, 0., 5.40000014e-02, 5.40000014e-02,
    0., 5.40000014e-02, 8.10000002e-02, 0., 5.40000014e-02,
    1.08000003e-01, 0., 5.40000014e-02, 1.35000005e-01, 0.,
    5.40000014e-02, 1.62000000e-01, 0., 8.10000002e-02, 0., 0.,
    8.10000002e-02, 2.70000007e-02, 0., 8.10000002e-02, 5.40000014e-02,
    0., 8.10000002e-02, 8.10000002e-02, 0., 8.10000002e-02,
    1.08000003e-01, 0., 8.10000002e-02, 1.35000005e-01, 0.,
    8.10000002e-02, 1.62000000e-01, 0., 1.08000003e-01, 0., 0.,
    1.08000003e-01, 2.70000007e-02, 0., 1.08000003e-01, 5.40000014e-02,
    0., 1.08000003e-01, 8.10000002e-02, 0., 1.08000003e-01,
    1.08000003e-01, 0., 1.08000003e-01, 1.35000005e-01, 0.,
    1.08000003e-01, 1.62000000e-01, 0. ]
CalibrationFrameExtRotation: !!opencv-matrix
   rows: 3
   cols: 1
   dt: d
   data: [ -1.8272892729413568e+00, -1.9096334361592600e+00,
       1.6295951295284442e-01 ]
CalibrationFrameExtTranslation: !!opencv-matrix
   rows: 3
   cols: 1
   dt: d
   data: [ 2.9437631347991849e-01, -4.4292024327930946e-02,
       1.1638979923711052e+00 ]
CalibrationFrameRMSerror: 2.1987475454807281e-01
