%YAML:1.0
---
CalibrationFramePatternImage: [ 4.73725403e+02, 1.06631065e+02,
    4.91130188e+02, 1.02185143e+02, 5.08197449e+02, 9.78980637e+01,
    5.25087524e+02, 9.34398499e+01, 5.42114868e+02, 8.90458298e+01,
    5.58479858e+02, 8.47923279e+01, 5.74887268e+02, 8.06130447e+01,
    4.78573700e+02, 1.24448036e+02, 4.96096466e+02, 1.19791435e+02,
    5.13122559e+02, 1.15379974e+02, 5.30248108e+02, 1.10989807e+02,
    5.46735046e+02, 1.06624168e+02, 5.63529053e+02, 1.02304459e+02,
    5.79623962e+02, 9.81140900e+01, 4.83451569e+02, 1.41849274e+02,
    5.00625946e+02, 1.37134079e+02, 5.17952942e+02, 1.32732071e+02,
    5.34664551e+02, 1.28060242e+02, 5.51561401e+02, 1.23739410e+02,
    5.67982239e+02, 1.19518867e+02, 5.84256714e+02, 1.15179970e+02,
    4.88037048e+02, 1.59216003e+02, 5.05343323e+02, 1.54528717e+02,
    5.22395874e+02, 1.49918854e+02, 5.39388000e+02, 1.45423019e+02,
    5.56115356e+02, 1.40967102e+02, 5.72757080e+02, 1.36553268e+02,
    5.88854187e+02, 1.32259750e+02, 4.92645203e+02, 1.76434067e+02,
    5.09854492e+02, 1.71810562e+02, 5.27023071e+02, 1.67332169e+02,
    5.43840576e+02, 1.62546661e+02, 5.60445618e+02, 1.58092072e+02,
    5.77106079e+02, 1.53699692e+02, 5.93355896e+02, 1.49412903e+02 ]
CalibrationFramePatternWorld: [ 0., 0., 0., 0., 2.70000007e-02, 0., 0.,
    5.40000014e-02, 0., 0., 8.10000002e-02, 0., 0., 1.08000003e-01, 0.,
    0., 1.35000005e-01, 0., 0., 1.62000000e-01, 0., 2.70000007e-02, 0.,
    0., 2.70000007e-02, 2.70000007e-02, 0., 2.70000007e-02,
    5.40000014e-02, 0., 2.70000007e-02, 8.10000002e-02, 0.,
    2.70000007e-02, 1.08000003e-01, 0., 2.70000007e-02, 1.35000005e-01,
    0., 2.70000007e-02, 1.62000000e-01, 0., 5.40000014e-02, 0., 0.,
    5.40000014e-02, 2.70000007e-02, 0., 5.40000014e-02, 5.40000014e-02,
    0., 5.40000014e-02, 8.10000002e-02, 0., 5.40000014e-02,
    1.08000003e-01, 0., 5.40000014e-02, 1.35000005e-01, 0.,
    5.40000014e-02, 1.62000000e-01, 0., 8.10000002e-02, 0., 0.,
    8.10000002e-02, 2.70000007e-02, 0., 8.10000002e-02, 5.40000014e-02,
    0., 8.10000002e-02, 8.10000002e-02, 0., 8.10000002e-02,
    1.08000003e-01, 0., 8.10000002e-02, 1.35000005e-01, 0.,
    8.10000002e-02, 1.62000000e-01, 0., 1.08000003e-01, 0., 0.,
    1.08000003e-01, 2.70000007e-02, 0., 1.08000003e-01, 5.40000014e-02,
    0., 1.08000003e-01, 8.10000002e-02, 0., 1.08000003e-01,
    1.08000003e-01, 0., 1.08000003e-01, 1.35000005e-01, 0.,
    1.08000003e-01, 1.62000000e-01, 0. ]
CalibrationFrameExtRotation: !!opencv-matrix
   rows: 3
   cols: 1
   dt: d
   data: [ 2.6751986498895759e+00, 2.0165749756807889e+00,
       2.2924581315604348e-02 ]
CalibrationFrameExtTranslation: !!opencv-matrix
   rows: 3
   cols: 1
   dt: d
   data: [ 3.1579681979276014e-01, -2.4972056802941520e-01,
       1.1779113685843263e+00 ]
CalibrationFrameRMSerror: 1.6135771572589874e-01
