%YAML:1.0
---
CalibrationFramePatternImage: [ 3.30537109e+02, 8.37718124e+01,
    3.48630676e+02, 8.51485672e+01, 3.67203156e+02, 8.66418839e+01,
    3.85324707e+02, 8.79555054e+01, 4.04021301e+02, 8.94008484e+01,
    4.22506012e+02, 9.08487244e+01, 4.41082001e+02, 9.26373138e+01,
    3.28400085e+02, 1.01701141e+02, 3.46781738e+02, 1.03152580e+02,
    3.64892517e+02, 1.04466934e+02, 3.83542511e+02, 1.06020493e+02,
    4.01825989e+02, 1.07738823e+02, 4.20564362e+02, 1.09230057e+02,
    4.39038666e+02, 1.10835312e+02, 3.26342072e+02, 1.19353333e+02,
    3.44624664e+02, 1.20854713e+02, 3.63126282e+02, 1.22542091e+02,
    3.81380554e+02, 1.23999275e+02, 3.99871155e+02, 1.25528641e+02,
    4.18307037e+02, 1.27420898e+02, 4.36954803e+02, 1.29099777e+02,
    3.23772095e+02, 1.37072617e+02, 3.42246735e+02, 1.38612091e+02,
    3.60615540e+02, 1.40362732e+02, 3.79315247e+02, 1.42057266e+02,
    3.97544586e+02, 1.43685226e+02, 4.16238129e+02, 1.45483337e+02,
    4.34736023e+02, 1.47351456e+02, 3.21657684e+02, 1.54808655e+02,
    3.39944092e+02, 1.56483490e+02, 3.58404602e+02, 1.58452866e+02,
    3.76770996e+02, 1.60219131e+02, 3.95477936e+02, 1.61927582e+02,
    4.13913818e+02, 1.63878647e+02, 4.32595154e+02, 1.65554749e+02 ]
CalibrationFramePatternWorld: [ 0., 0., 0., 0., 2.70000007e-02, 0., 0.,
    5.40000014e-02, 0., 0., 8.10000002e-02, 0., 0., 1.08000003e-01, 0.,
    0., 1.35000005e-01, 0., 0., 1.62000000e-01, 0., 2.70000007e-02, 0.,
    0., 2.70000007e-02, 2.70000007e-02, 0., 2.70000007e-02,
    5.40000014e-02, 0., 2.70000007e-02, 8.10000002e-02, 0.,
    2.70000007e-02, 1.08000003e-01, 0., 2.70000007e-02, 1.35000005e-01,
    0., 2.70000007e-02, 1.62000000e-01, 0., 5.40000014e-02, 0., 0.,
    5.40000014e-02, 2.70000007e-02, 0., 5.40000014e-02, 5.40000014e-02,
    0., 5.40000014e-02, 8.10000002e-02, 0., 5.40000014e-02,
    1.08000003e-01, 0., 5.40000014e-02, 1.35000005e-01, 0.,
    5.40000014e-02, 1.62000000e-01, 0., 8.10000002e-02, 0., 0.,
    8.10000002e-02, 2.70000007e-02, 0., 8.10000002e-02, 5.40000014e-02,
    0., 8.10000002e-02, 8.10000002e-02, 0., 8.10000002e-02,
    1.08000003e-01, 0., 8.10000002e-02, 1.35000005e-01, 0.,
    8.10000002e-02, 1.62000000e-01, 0., 1.08000003e-01, 0., 0.,
    1.08000003e-01, 2.70000007e-02, 0., 1.08000003e-01, 5.40000014e-02,
    0., 1.08000003e-01, 8.10000002e-02, 0., 1.08000003e-01,
    1.08000003e-01, 0., 1.08000003e-01, 1.35000005e-01, 0.,
    1.08000003e-01, 1.62000000e-01, 0. ]
CalibrationFrameExtRotation: !!opencv-matrix
   rows: 3
   cols: 1
   dt: d
   data: [ -1.9316969674655311e+00, -2.2023201830826573e+00,
       2.9949040979530095e-01 ]
CalibrationFrameExtTranslation: !!opencv-matrix
   rows: 3
   cols: 1
   dt: d
   data: [ 1.0536504099445700e-01, -2.8324490016249942e-01,
       1.1917994305792714e+00 ]
CalibrationFrameRMSerror: 2.4553978443145752e-01
