%YAML:1.0
---
CalibrationFramePatternImage: [ 4.43275360e+02, 3.12356384e+02,
    4.59293030e+02, 3.05728821e+02, 4.75480408e+02, 2.99613068e+02,
    4.91035797e+02, 2.92994751e+02, 5.06657074e+02, 2.86882294e+02,
    5.21706482e+02, 2.80739441e+02, 5.36603943e+02, 2.74690704e+02,
    4.48234344e+02, 3.29758667e+02, 4.64486877e+02, 3.23280853e+02,
    4.80424835e+02, 3.17002716e+02, 4.95952332e+02, 3.10390594e+02,
    5.11269348e+02, 3.04077271e+02, 5.26602783e+02, 2.97816559e+02,
    5.40699158e+02, 2.91934235e+02, 4.53206146e+02, 3.47192871e+02,
    4.68923584e+02, 3.40352203e+02, 4.85257812e+02, 3.33858734e+02,
    5.00420410e+02, 3.27473755e+02, 5.15880066e+02, 3.21132233e+02,
    5.30810974e+02, 3.14688385e+02, 5.45278381e+02, 3.08294922e+02,
    4.57480560e+02, 3.63876404e+02, 4.73595764e+02, 3.57537476e+02,
    4.89028900e+02, 3.49975464e+02, 5.04568665e+02, 3.44061493e+02,
    5.20029541e+02, 3.37690338e+02, 5.35155212e+02, 3.31157684e+02,
    5.49590942e+02, 3.24968292e+02, 4.62080658e+02, 3.80458496e+02,
    4.77956451e+02, 3.73734711e+02, 4.93471191e+02, 3.67264740e+02,
    5.08789124e+02, 3.60319244e+02, 5.24156311e+02, 3.54042786e+02,
    5.39096619e+02, 3.47190857e+02, 5.53506104e+02, 3.41223419e+02 ]
CalibrationFramePatternWorld: [ 0., 0., 0., 0., 2.70000007e-02, 0., 0.,
    5.40000014e-02, 0., 0., 8.10000002e-02, 0., 0., 1.08000003e-01, 0.,
    0., 1.35000005e-01, 0., 0., 1.62000000e-01, 0., 2.70000007e-02, 0.,
    0., 2.70000007e-02, 2.70000007e-02, 0., 2.70000007e-02,
    5.40000014e-02, 0., 2.70000007e-02, 8.10000002e-02, 0.,
    2.70000007e-02, 1.08000003e-01, 0., 2.70000007e-02, 1.35000005e-01,
    0., 2.70000007e-02, 1.62000000e-01, 0., 5.40000014e-02, 0., 0.,
    5.40000014e-02, 2.70000007e-02, 0., 5.40000014e-02, 5.40000014e-02,
    0., 5.40000014e-02, 8.10000002e-02, 0., 5.40000014e-02,
    1.08000003e-01, 0., 5.40000014e-02, 1.35000005e-01, 0.,
    5.40000014e-02, 1.62000000e-01, 0., 8.10000002e-02, 0., 0.,
    8.10000002e-02, 2.70000007e-02, 0., 8.10000002e-02, 5.40000014e-02,
    0., 8.10000002e-02, 8.10000002e-02, 0., 8.10000002e-02,
    1.08000003e-01, 0., 8.10000002e-02, 1.35000005e-01, 0.,
    8.10000002e-02, 1.62000000e-01, 0., 1.08000003e-01, 0., 0.,
    1.08000003e-01, 2.70000007e-02, 0., 1.08000003e-01, 5.40000014e-02,
    0., 1.08000003e-01, 8.10000002e-02, 0., 1.08000003e-01,
    1.08000003e-01, 0., 1.08000003e-01, 1.35000005e-01, 0.,
    1.08000003e-01, 1.62000000e-01, 0. ]
CalibrationFrameExtRotation: !!opencv-matrix
   rows: 3
   cols: 1
   dt: d
   data: [ 2.4923464110846703e+00, 1.7802378611413521e+00,
       3.3323347882716997e-01 ]
CalibrationFrameExtTranslation: !!opencv-matrix
   rows: 3
   cols: 1
   dt: d
   data: [ 2.6124707528963764e-01, 5.4320563938034305e-02,
       1.1562349218023029e+00 ]
CalibrationFrameRMSerror: 2.8333202004432678e-01
