%YAML:1.0
---
CalibrationFramePatternImage: [ 3.64268829e+02, 2.18651566e+02,
    3.85460663e+02, 2.10306152e+02, 4.05814423e+02, 2.02395706e+02,
    4.25423035e+02, 1.94822189e+02, 4.44455322e+02, 1.87458237e+02,
    4.62452118e+02, 1.80584488e+02, 4.79826660e+02, 1.73789642e+02,
    3.73353149e+02, 2.46238266e+02, 3.94187927e+02, 2.37534317e+02,
    4.14292847e+02, 2.29116730e+02, 4.33660828e+02, 2.20842453e+02,
    4.52337982e+02, 2.13012894e+02, 4.70390900e+02, 2.05509109e+02,
    4.87124084e+02, 1.98620117e+02, 3.82324707e+02, 2.73355957e+02,
    4.02629822e+02, 2.64176880e+02, 4.22317566e+02, 2.55146912e+02,
    4.41369720e+02, 2.46453079e+02, 4.60031891e+02, 2.38153214e+02,
    4.77667725e+02, 2.30213943e+02, 4.94298065e+02, 2.22623383e+02,
    3.90673431e+02, 3.00090240e+02, 4.10880585e+02, 2.90398163e+02,
    4.30253143e+02, 2.80832489e+02, 4.49171387e+02, 2.71697144e+02,
    4.67557770e+02, 2.63124725e+02, 4.84889343e+02, 2.54575974e+02,
    5.01502563e+02, 2.46483139e+02, 3.98636810e+02, 3.26620453e+02,
    4.18541565e+02, 3.16278290e+02, 4.37825897e+02, 3.06481781e+02,
    4.56502289e+02, 2.96775909e+02, 4.74391693e+02, 2.87564026e+02,
    4.91764557e+02, 2.78635284e+02, 5.08291656e+02, 2.70221558e+02 ]
CalibrationFramePatternWorld: [ 0., 0., 0., 0., 2.70000007e-02, 0., 0.,
    5.40000014e-02, 0., 0., 8.10000002e-02, 0., 0., 1.08000003e-01, 0.,
    0., 1.35000005e-01, 0., 0., 1.62000000e-01, 0., 2.70000007e-02, 0.,
    0., 2.70000007e-02, 2.70000007e-02, 0., 2.70000007e-02,
    5.40000014e-02, 0., 2.70000007e-02, 8.10000002e-02, 0.,
    2.70000007e-02, 1.08000003e-01, 0., 2.70000007e-02, 1.35000005e-01,
    0., 2.70000007e-02, 1.62000000e-01, 0., 5.40000014e-02, 0., 0.,
    5.40000014e-02, 2.70000007e-02, 0., 5.40000014e-02, 5.40000014e-02,
    0., 5.40000014e-02, 8.10000002e-02, 0., 5.40000014e-02,
    1.08000003e-01, 0., 5.40000014e-02, 1.35000005e-01, 0.,
    5.40000014e-02, 1.62000000e-01, 0., 8.10000002e-02, 0., 0.,
    8.10000002e-02, 2.70000007e-02, 0., 8.10000002e-02, 5.40000014e-02,
    0., 8.10000002e-02, 8.10000002e-02, 0., 8.10000002e-02,
    1.08000003e-01, 0., 8.10000002e-02, 1.35000005e-01, 0.,
    8.10000002e-02, 1.62000000e-01, 0., 1.08000003e-01, 0., 0.,
    1.08000003e-01, 2.70000007e-02, 0., 1.08000003e-01, 5.40000014e-02,
    0., 1.08000003e-01, 8.10000002e-02, 0., 1.08000003e-01,
    1.08000003e-01, 0., 1.08000003e-01, 1.35000005e-01, 0.,
    1.08000003e-01, 1.62000000e-01, 0. ]
CalibrationFrameExtRotation: !!opencv-matrix
   rows: 3
   cols: 1
   dt: d
   data: [ 2.2562339301641687e+00, 1.5712002569743595e+00,
       5.4522456894935711e-01 ]
CalibrationFrameExtTranslation: !!opencv-matrix
   rows: 3
   cols: 1
   dt: d
   data: [ 9.7569499876805479e-02, -5.2117837628670241e-02,
       7.6046338918564127e-01 ]
CalibrationFrameRMSerror: 2.6819458603858948e-01
