%YAML:1.0
---
CalibrationFramePatternImage: [ 4.15338654e+02, 1.43160812e+02,
    4.40231323e+02, 1.41411224e+02, 4.65456146e+02, 1.39925858e+02,
    4.90497864e+02, 1.38179474e+02, 5.15501282e+02, 1.36464493e+02,
    5.39985107e+02, 1.34838226e+02, 5.64581665e+02, 1.33375412e+02,
    4.16987000e+02, 1.67466232e+02, 4.42380890e+02, 1.66217361e+02,
    4.67439362e+02, 1.64410660e+02, 4.92721222e+02, 1.62692169e+02,
    5.17578003e+02, 1.61271072e+02, 5.42645569e+02, 1.59596329e+02,
    5.67169067e+02, 1.58177155e+02, 4.18565857e+02, 1.92049591e+02,
    4.43853271e+02, 1.90485214e+02, 4.69392029e+02, 1.88863525e+02,
    4.94681946e+02, 1.87544815e+02, 5.20011230e+02, 1.85863358e+02,
    5.44821167e+02, 1.84289398e+02, 5.69730408e+02, 1.82827316e+02,
    4.19882507e+02, 2.16662399e+02, 4.45636292e+02, 2.15233582e+02,
    4.70933380e+02, 2.13696579e+02, 4.96475189e+02, 2.12175186e+02,
    5.21649719e+02, 2.10548523e+02, 5.47175049e+02, 2.09081100e+02,
    5.71625488e+02, 2.07691711e+02, 4.21402313e+02, 2.41544113e+02,
    4.46994202e+02, 2.40095108e+02, 4.72441498e+02, 2.38645477e+02,
    4.97948975e+02, 2.37295837e+02, 5.23438354e+02, 2.35862473e+02,
    5.48751221e+02, 2.34278458e+02, 5.73913330e+02, 2.33045654e+02 ]
CalibrationFramePatternWorld: [ 0., 0., 0., 0., 2.70000007e-02, 0., 0.,
    5.40000014e-02, 0., 0., 8.10000002e-02, 0., 0., 1.08000003e-01, 0.,
    0., 1.35000005e-01, 0., 0., 1.62000000e-01, 0., 2.70000007e-02, 0.,
    0., 2.70000007e-02, 2.70000007e-02, 0., 2.70000007e-02,
    5.40000014e-02, 0., 2.70000007e-02, 8.10000002e-02, 0.,
    2.70000007e-02, 1.08000003e-01, 0., 2.70000007e-02, 1.35000005e-01,
    0., 2.70000007e-02, 1.62000000e-01, 0., 5.40000014e-02, 0., 0.,
    5.40000014e-02, 2.70000007e-02, 0., 5.40000014e-02, 5.40000014e-02,
    0., 5.40000014e-02, 8.10000002e-02, 0., 5.40000014e-02,
    1.08000003e-01, 0., 5.40000014e-02, 1.35000005e-01, 0.,
    5.40000014e-02, 1.62000000e-01, 0., 8.10000002e-02, 0., 0.,
    8.10000002e-02, 2.70000007e-02, 0., 8.10000002e-02, 5.40000014e-02,
    0., 8.10000002e-02, 8.10000002e-02, 0., 8.10000002e-02,
    1.08000003e-01, 0., 8.10000002e-02, 1.35000005e-01, 0.,
    8.10000002e-02, 1.62000000e-01, 0., 1.08000003e-01, 0., 0.,
    1.08000003e-01, 2.70000007e-02, 0., 1.08000003e-01, 5.40000014e-02,
    0., 1.08000003e-01, 8.10000002e-02, 0., 1.08000003e-01,
    1.08000003e-01, 0., 1.08000003e-01, 1.35000005e-01, 0.,
    1.08000003e-01, 1.62000000e-01, 0. ]
CalibrationFrameExtRotation: !!opencv-matrix
   rows: 3
   cols: 1
   dt: d
   data: [ 2.3404414569166612e+00, 2.2349926188417855e+00,
       -3.6163772256558313e-01 ]
CalibrationFrameExtTranslation: !!opencv-matrix
   rows: 3
   cols: 1
   dt: d
   data: [ 1.6778513358972866e-01, -1.4267886722407810e-01,
       8.7258851032133478e-01 ]
CalibrationFrameRMSerror: 2.2222091257572174e-01
