%YAML:1.0
---
CalibrationFramePatternImage: [ 1.20865448e+02, 2.83566925e+02,
    1.44271027e+02, 2.78016357e+02, 1.67605896e+02, 2.72566925e+02,
    1.90878098e+02, 2.66981720e+02, 2.14700989e+02, 2.61342316e+02,
    2.38086182e+02, 2.55760681e+02, 2.61476196e+02, 2.50297882e+02,
    1.26527245e+02, 3.07339813e+02, 1.50069122e+02, 3.01832275e+02,
    1.73390366e+02, 2.96328430e+02, 1.96923828e+02, 2.90656311e+02,
    2.20217819e+02, 2.85261047e+02, 2.43862381e+02, 2.79595459e+02,
    2.67062805e+02, 2.74061981e+02, 1.32487717e+02, 3.30766693e+02,
    1.55718063e+02, 3.25333221e+02, 1.79270081e+02, 3.19792633e+02,
    2.02638138e+02, 3.14349060e+02, 2.26206665e+02, 3.08706390e+02,
    2.49682373e+02, 3.03226837e+02, 2.73073334e+02, 2.97353363e+02,
    1.37909805e+02, 3.54075378e+02, 1.61461136e+02, 3.48632050e+02,
    1.84764343e+02, 3.43256287e+02, 2.08522980e+02, 3.37618042e+02,
    2.31879486e+02, 3.32194580e+02, 2.55531052e+02, 3.26447876e+02,
    2.78711395e+02, 3.20933533e+02, 1.43805710e+02, 3.77241150e+02,
    1.66987259e+02, 3.71856232e+02, 1.90683365e+02, 3.66504791e+02,
    2.14210999e+02, 3.61019531e+02, 2.37669388e+02, 3.55330597e+02,
    2.61279175e+02, 3.49859283e+02, 2.84707886e+02, 3.44144379e+02 ]
CalibrationFramePatternWorld: [ 0., 0., 0., 0., 2.70000007e-02, 0., 0.,
    5.40000014e-02, 0., 0., 8.10000002e-02, 0., 0., 1.08000003e-01, 0.,
    0., 1.35000005e-01, 0., 0., 1.62000000e-01, 0., 2.70000007e-02, 0.,
    0., 2.70000007e-02, 2.70000007e-02, 0., 2.70000007e-02,
    5.40000014e-02, 0., 2.70000007e-02, 8.10000002e-02, 0.,
    2.70000007e-02, 1.08000003e-01, 0., 2.70000007e-02, 1.35000005e-01,
    0., 2.70000007e-02, 1.62000000e-01, 0., 5.40000014e-02, 0., 0.,
    5.40000014e-02, 2.70000007e-02, 0., 5.40000014e-02, 5.40000014e-02,
    0., 5.40000014e-02, 8.10000002e-02, 0., 5.40000014e-02,
    1.08000003e-01, 0., 5.40000014e-02, 1.35000005e-01, 0.,
    5.40000014e-02, 1.62000000e-01, 0., 8.10000002e-02, 0., 0.,
    8.10000002e-02, 2.70000007e-02, 0., 8.10000002e-02, 5.40000014e-02,
    0., 8.10000002e-02, 8.10000002e-02, 0., 8.10000002e-02,
    1.08000003e-01, 0., 8.10000002e-02, 1.35000005e-01, 0.,
    8.10000002e-02, 1.62000000e-01, 0., 1.08000003e-01, 0., 0.,
    1.08000003e-01, 2.70000007e-02, 0., 1.08000003e-01, 5.40000014e-02,
    0., 1.08000003e-01, 8.10000002e-02, 0., 1.08000003e-01,
    1.08000003e-01, 0., 1.08000003e-01, 1.35000005e-01, 0.,
    1.08000003e-01, 1.62000000e-01, 0. ]
CalibrationFrameExtRotation: !!opencv-matrix
   rows: 3
   cols: 1
   dt: d
   data: [ -2.4917911147258174e+00, -1.9620367373961138e+00,
       5.2089610137779786e-03 ]
CalibrationFrameExtTranslation: !!opencv-matrix
   rows: 3
   cols: 1
   dt: d
   data: [ -1.5385589165019711e-01, 1.0819860248029963e-02,
       9.1277179953129728e-01 ]
CalibrationFrameRMSerror: 3.6164015531539917e-01
