%YAML:1.0
---
CalibrationFramePatternImage: [ 7.85204163e+01, 1.53040482e+02,
    9.56301651e+01, 1.51512024e+02, 1.12974747e+02, 1.50108459e+02,
    1.30087967e+02, 1.48384811e+02, 1.47694992e+02, 1.46769333e+02,
    1.65215073e+02, 1.45317352e+02, 1.82876190e+02, 1.43798462e+02,
    7.79299088e+01, 1.68906708e+02, 9.52358704e+01, 1.67431046e+02,
    1.12480186e+02, 1.65849686e+02, 1.30193909e+02, 1.64389175e+02,
    1.47629501e+02, 1.62773529e+02, 1.65590012e+02, 1.61307785e+02,
    1.83329880e+02, 1.60016479e+02, 7.74698410e+01, 1.84759140e+02,
    9.48186264e+01, 1.83352005e+02, 1.12378403e+02, 1.82023514e+02,
    1.29825562e+02, 1.80617874e+02, 1.47723343e+02, 1.79095840e+02,
    1.65565430e+02, 1.77694550e+02, 1.83730530e+02, 1.76287598e+02,
    7.67713547e+01, 2.00843140e+02, 9.45056381e+01, 1.99537552e+02,
    1.12138809e+02, 1.98268784e+02, 1.29981812e+02, 1.96980179e+02,
    1.47849594e+02, 1.95586975e+02, 1.65850952e+02, 1.94150116e+02,
    1.83760864e+02, 1.92700958e+02, 7.65307693e+01, 2.17190323e+02,
    9.41216125e+01, 2.16048309e+02, 1.11910164e+02, 2.14855927e+02,
    1.29806091e+02, 2.13527939e+02, 1.47729248e+02, 2.12171951e+02,
    1.65791107e+02, 2.10715683e+02, 1.84196869e+02, 2.09245377e+02 ]
CalibrationFramePatternWorld: [ 0., 0., 0., 0., 2.70000007e-02, 0., 0.,
    5.40000014e-02, 0., 0., 8.10000002e-02, 0., 0., 1.08000003e-01, 0.,
    0., 1.35000005e-01, 0., 0., 1.62000000e-01, 0., 2.70000007e-02, 0.,
    0., 2.70000007e-02, 2.70000007e-02, 0., 2.70000007e-02,
    5.40000014e-02, 0., 2.70000007e-02, 8.10000002e-02, 0.,
    2.70000007e-02, 1.08000003e-01, 0., 2.70000007e-02, 1.35000005e-01,
    0., 2.70000007e-02, 1.62000000e-01, 0., 5.40000014e-02, 0., 0.,
    5.40000014e-02, 2.70000007e-02, 0., 5.40000014e-02, 5.40000014e-02,
    0., 5.40000014e-02, 8.10000002e-02, 0., 5.40000014e-02,
    1.08000003e-01, 0., 5.40000014e-02, 1.35000005e-01, 0.,
    5.40000014e-02, 1.62000000e-01, 0., 8.10000002e-02, 0., 0.,
    8.10000002e-02, 2.70000007e-02, 0., 8.10000002e-02, 5.40000014e-02,
    0., 8.10000002e-02, 8.10000002e-02, 0., 8.10000002e-02,
    1.08000003e-01, 0., 8.10000002e-02, 1.35000005e-01, 0.,
    8.10000002e-02, 1.62000000e-01, 0., 1.08000003e-01, 0., 0.,
    1.08000003e-01, 2.70000007e-02, 0., 1.08000003e-01, 5.40000014e-02,
    0., 1.08000003e-01, 8.10000002e-02, 0., 1.08000003e-01,
    1.08000003e-01, 0., 1.08000003e-01, 1.35000005e-01, 0.,
    1.08000003e-01, 1.62000000e-01, 0. ]
CalibrationFrameExtRotation: !!opencv-matrix
   rows: 3
   cols: 1
   dt: d
   data: [ 2.1309227642141217e+00, 2.0047902703521689e+00,
       -3.6562545763554621e-01 ]
CalibrationFrameExtTranslation: !!opencv-matrix
   rows: 3
   cols: 1
   dt: d
   data: [ -2.7557420431989038e-01, -1.8794028168628929e-01,
       1.2327112819023927e+00 ]
CalibrationFrameRMSerror: 1.8700730800628662e-01
