%YAML:1.0
---
CalibrationFramePatternImage: [ 3.86334534e+02, 1.89812439e+02,
    4.08871277e+02, 1.99097076e+02, 4.31964630e+02, 2.08663757e+02,
    4.55051453e+02, 2.18363724e+02, 4.78766022e+02, 2.28424347e+02,
    5.02346466e+02, 2.38619995e+02, 5.26366943e+02, 2.48992950e+02,
    3.77648224e+02, 2.13161331e+02, 4.00438049e+02, 2.22728912e+02,
    4.23178619e+02, 2.32410385e+02, 4.46211273e+02, 2.42340240e+02,
    4.69292877e+02, 2.52391479e+02, 4.92900879e+02, 2.62888641e+02,
    5.16295044e+02, 2.73292206e+02, 3.69667969e+02, 2.35939072e+02,
    3.91627594e+02, 2.45511002e+02, 4.14574432e+02, 2.55494537e+02,
    4.37164856e+02, 2.65510132e+02, 4.60150696e+02, 2.75878204e+02,
    4.83159515e+02, 2.86429260e+02, 5.06576904e+02, 2.96934723e+02,
    3.61287323e+02, 2.58171539e+02, 3.83554993e+02, 2.68030182e+02,
    4.05824280e+02, 2.77871277e+02, 4.28158661e+02, 2.88271637e+02,
    4.50650299e+02, 2.98827393e+02, 4.73717194e+02, 3.09368713e+02,
    4.96451080e+02, 3.19851776e+02, 3.53418793e+02, 2.80040466e+02,
    3.74912384e+02, 2.90028320e+02, 3.96951996e+02, 3.00185455e+02,
    4.19147278e+02, 3.10628601e+02, 4.41519043e+02, 3.20935120e+02,
    4.64084808e+02, 3.31730164e+02, 4.87181427e+02, 3.42778656e+02 ]
CalibrationFramePatternWorld: [ 0., 0., 0., 0., 2.70000007e-02, 0., 0.,
    5.40000014e-02, 0., 0., 8.10000002e-02, 0., 0., 1.08000003e-01, 0.,
    0., 1.35000005e-01, 0., 0., 1.62000000e-01, 0., 2.70000007e-02, 0.,
    0., 2.70000007e-02, 2.70000007e-02, 0., 2.70000007e-02,
    5.40000014e-02, 0., 2.70000007e-02, 8.10000002e-02, 0.,
    2.70000007e-02, 1.08000003e-01, 0., 2.70000007e-02, 1.35000005e-01,
    0., 2.70000007e-02, 1.62000000e-01, 0., 5.40000014e-02, 0., 0.,
    5.40000014e-02, 2.70000007e-02, 0., 5.40000014e-02, 5.40000014e-02,
    0., 5.40000014e-02, 8.10000002e-02, 0., 5.40000014e-02,
    1.08000003e-01, 0., 5.40000014e-02, 1.35000005e-01, 0.,
    5.40000014e-02, 1.62000000e-01, 0., 8.10000002e-02, 0., 0.,
    8.10000002e-02, 2.70000007e-02, 0., 8.10000002e-02, 5.40000014e-02,
    0., 8.10000002e-02, 8.10000002e-02, 0., 8.10000002e-02,
    1.08000003e-01, 0., 8.10000002e-02, 1.35000005e-01, 0.,
    8.10000002e-02, 1.62000000e-01, 0., 1.08000003e-01, 0., 0.,
    1.08000003e-01, 2.70000007e-02, 0., 1.08000003e-01, 5.40000014e-02,
    0., 1.08000003e-01, 8.10000002e-02, 0., 1.08000003e-01,
    1.08000003e-01, 0., 1.08000003e-01, 1.35000005e-01, 0.,
    1.08000003e-01, 1.62000000e-01, 0. ]
CalibrationFrameExtRotation: !!opencv-matrix
   rows: 3
   cols: 1
   dt: d
   data: [ -1.4690134218733719e+00, -2.1744536371812280e+00,
       2.0746267686854519e-01 ]
CalibrationFrameExtTranslation: !!opencv-matrix
   rows: 3
   cols: 1
   dt: d
   data: [ 1.3527647912181692e-01, -9.1209155583593313e-02,
       8.6994272935599770e-01 ]
CalibrationFrameRMSerror: 2.5792253017425537e-01
