%YAML:1.0
---
CalibrationFramePatternImage: [ 2.08442352e+02, 2.53597046e+02,
    2.33079712e+02, 2.47273438e+02, 2.57130920e+02, 2.40872040e+02,
    2.80578156e+02, 2.34609985e+02, 3.03858398e+02, 2.28735931e+02,
    3.26360565e+02, 2.23017624e+02, 3.48267059e+02, 2.17232300e+02,
    2.17240952e+02, 2.78910370e+02, 2.42148575e+02, 2.72123352e+02,
    2.66338379e+02, 2.65542023e+02, 2.89900970e+02, 2.58965454e+02,
    3.12958740e+02, 2.52796600e+02, 3.35639893e+02, 2.46427261e+02,
    3.57317535e+02, 2.40459763e+02, 2.26339584e+02, 3.03970490e+02,
    2.50960953e+02, 2.97064117e+02, 2.75345306e+02, 2.90252045e+02,
    2.98807281e+02, 2.83388092e+02, 3.22260345e+02, 2.76429352e+02,
    3.44709106e+02, 2.70039368e+02, 3.66428802e+02, 2.63763306e+02,
    2.35300476e+02, 3.29428619e+02, 2.60159119e+02, 3.22138458e+02,
    2.84115387e+02, 3.14960419e+02, 3.08010498e+02, 3.07704681e+02,
    3.31072174e+02, 3.00658142e+02, 3.54003113e+02, 2.93604156e+02,
    3.75677002e+02, 2.87021851e+02, 2.44366302e+02, 3.55143005e+02,
    2.68975220e+02, 3.47365967e+02, 2.93380920e+02, 3.39621307e+02,
    3.17192444e+02, 3.32149719e+02, 3.40344727e+02, 3.24658447e+02,
    3.62990509e+02, 3.17594177e+02, 3.85266113e+02, 3.10320526e+02 ]
CalibrationFramePatternWorld: [ 0., 0., 0., 0., 2.70000007e-02, 0., 0.,
    5.40000014e-02, 0., 0., 8.10000002e-02, 0., 0., 1.08000003e-01, 0.,
    0., 1.35000005e-01, 0., 0., 1.62000000e-01, 0., 2.70000007e-02, 0.,
    0., 2.70000007e-02, 2.70000007e-02, 0., 2.70000007e-02,
    5.40000014e-02, 0., 2.70000007e-02, 8.10000002e-02, 0.,
    2.70000007e-02, 1.08000003e-01, 0., 2.70000007e-02, 1.35000005e-01,
    0., 2.70000007e-02, 1.62000000e-01, 0., 5.40000014e-02, 0., 0.,
    5.40000014e-02, 2.70000007e-02, 0., 5.40000014e-02, 5.40000014e-02,
    0., 5.40000014e-02, 8.10000002e-02, 0., 5.40000014e-02,
    1.08000003e-01, 0., 5.40000014e-02, 1.35000005e-01, 0.,
    5.40000014e-02, 1.62000000e-01, 0., 8.10000002e-02, 0., 0.,
    8.10000002e-02, 2.70000007e-02, 0., 8.10000002e-02, 5.40000014e-02,
    0., 8.10000002e-02, 8.10000002e-02, 0., 8.10000002e-02,
    1.08000003e-01, 0., 8.10000002e-02, 1.35000005e-01, 0.,
    8.10000002e-02, 1.62000000e-01, 0., 1.08000003e-01, 0., 0.,
    1.08000003e-01, 2.70000007e-02, 0., 1.08000003e-01, 5.40000014e-02,
    0., 1.08000003e-01, 8.10000002e-02, 0., 1.08000003e-01,
    1.08000003e-01, 0., 1.08000003e-01, 1.35000005e-01, 0.,
    1.08000003e-01, 1.62000000e-01, 0. ]
CalibrationFrameExtRotation: !!opencv-matrix
   rows: 3
   cols: 1
   dt: d
   data: [ 2.2053615443854819e+00, 1.6067181789597771e+00,
       9.3833773051995611e-02 ]
CalibrationFrameExtTranslation: !!opencv-matrix
   rows: 3
   cols: 1
   dt: d
   data: [ -5.0016857858168361e-02, -2.0842302492301283e-02,
       8.1817548289254882e-01 ]
CalibrationFrameRMSerror: 2.4460120499134064e-01
