%YAML:1.0
---
CalibrationFramePatternImage: [ 3.78733368e+02, 4.87727966e+01,
    4.01723053e+02, 5.63625412e+01, 4.24937012e+02, 6.42866974e+01,
    4.47920380e+02, 7.21722946e+01, 4.71257568e+02, 8.02443619e+01,
    4.94352844e+02, 8.84350815e+01, 5.17171326e+02, 9.66287460e+01,
    3.70775177e+02, 7.13959427e+01, 3.94112549e+02, 7.92412033e+01,
    4.17085510e+02, 8.69708557e+01, 4.40242737e+02, 9.49242020e+01,
    4.63253998e+02, 1.03038422e+02, 4.86436798e+02, 1.11390083e+02,
    5.08966675e+02, 1.19542603e+02, 3.63353638e+02, 9.38081894e+01,
    3.86144867e+02, 1.01500038e+02, 4.09429138e+02, 1.09500313e+02,
    4.32254944e+02, 1.17480774e+02, 4.55431763e+02, 1.25668556e+02,
    4.78260345e+02, 1.33860382e+02, 5.01198425e+02, 1.42119308e+02,
    3.55488403e+02, 1.16185936e+02, 3.78466553e+02, 1.23918655e+02,
    4.01457581e+02, 1.32020981e+02, 4.24417450e+02, 1.39951447e+02,
    4.47125854e+02, 1.48081543e+02, 4.70347260e+02, 1.56463959e+02,
    4.92975586e+02, 1.64642365e+02, 3.47853638e+02, 1.38275818e+02,
    3.70621796e+02, 1.46245636e+02, 3.93550720e+02, 1.54379578e+02,
    4.16415527e+02, 1.62289886e+02, 4.39327881e+02, 1.70517563e+02,
    4.62083466e+02, 1.78837219e+02, 4.84836273e+02, 1.87150345e+02 ]
CalibrationFramePatternWorld: [ 0., 0., 0., 0., 2.70000007e-02, 0., 0.,
    5.40000014e-02, 0., 0., 8.10000002e-02, 0., 0., 1.08000003e-01, 0.,
    0., 1.35000005e-01, 0., 0., 1.62000000e-01, 0., 2.70000007e-02, 0.,
    0., 2.70000007e-02, 2.70000007e-02, 0., 2.70000007e-02,
    5.40000014e-02, 0., 2.70000007e-02, 8.10000002e-02, 0.,
    2.70000007e-02, 1.08000003e-01, 0., 2.70000007e-02, 1.35000005e-01,
    0., 2.70000007e-02, 1.62000000e-01, 0., 5.40000014e-02, 0., 0.,
    5.40000014e-02, 2.70000007e-02, 0., 5.40000014e-02, 5.40000014e-02,
    0., 5.40000014e-02, 8.10000002e-02, 0., 5.40000014e-02,
    1.08000003e-01, 0., 5.40000014e-02, 1.35000005e-01, 0.,
    5.40000014e-02, 1.62000000e-01, 0., 8.10000002e-02, 0., 0.,
    8.10000002e-02, 2.70000007e-02, 0., 8.10000002e-02, 5.40000014e-02,
    0., 8.10000002e-02, 8.10000002e-02, 0., 8.10000002e-02,
    1.08000003e-01, 0., 8.10000002e-02, 1.35000005e-01, 0.,
    8.10000002e-02, 1.62000000e-01, 0., 1.08000003e-01, 0., 0.,
    1.08000003e-01, 2.70000007e-02, 0., 1.08000003e-01, 5.40000014e-02,
    0., 1.08000003e-01, 8.10000002e-02, 0., 1.08000003e-01,
    1.08000003e-01, 0., 1.08000003e-01, 1.35000005e-01, 0.,
    1.08000003e-01, 1.62000000e-01, 0. ]
CalibrationFrameExtRotation: !!opencv-matrix
   rows: 3
   cols: 1
   dt: d
   data: [ -1.6314935739550032e+00, -2.2998317440790772e+00,
       -6.8074365546824736e-02 ]
CalibrationFrameExtTranslation: !!opencv-matrix
   rows: 3
   cols: 1
   dt: d
   data: [ 1.3221831540435861e-01, -2.5302821861609576e-01,
       8.8848387218995883e-01 ]
CalibrationFrameRMSerror: 2.2767679393291473e-01
