%YAML:1.0
---
CalibrationFramePatternImage: [ 2.25559662e+02, 2.63661224e+02,
    2.43879959e+02, 2.68140289e+02, 2.62249390e+02, 2.72334137e+02,
    2.80284363e+02, 2.76526520e+02, 2.98296722e+02, 2.80566010e+02,
    3.15985901e+02, 2.84789825e+02, 3.33503113e+02, 2.88636292e+02,
    2.20895920e+02, 2.82553772e+02, 2.39444168e+02, 2.86789856e+02,
    2.57619934e+02, 2.91043274e+02, 2.75769348e+02, 2.95089630e+02,
    2.93648560e+02, 2.98797363e+02, 3.11460541e+02, 3.02941986e+02,
    3.28899780e+02, 3.06729950e+02, 2.16563599e+02, 3.01184875e+02,
    2.34876022e+02, 3.05160095e+02, 2.53265457e+02, 3.09371124e+02,
    2.71363647e+02, 3.13181396e+02, 2.89276520e+02, 3.17080261e+02,
    3.06867737e+02, 3.20817474e+02, 3.24673248e+02, 3.24615997e+02,
    2.12052505e+02, 3.19458893e+02, 2.30691193e+02, 3.23321350e+02,
    2.48642395e+02, 3.27287628e+02, 2.66938751e+02, 3.31182678e+02,
    2.84738159e+02, 3.35077118e+02, 3.02758514e+02, 3.38634033e+02,
    3.20109955e+02, 3.42443756e+02, 2.08159790e+02, 3.37717407e+02,
    2.26361618e+02, 3.41607300e+02, 2.44668655e+02, 3.45453125e+02,
    2.62559906e+02, 3.49018799e+02, 2.80690002e+02, 3.52689209e+02,
    2.98410248e+02, 3.56437042e+02, 3.15888702e+02, 3.59800323e+02 ]
CalibrationFramePatternWorld: [ 0., 0., 0., 0., 2.70000007e-02, 0., 0.,
    5.40000014e-02, 0., 0., 8.10000002e-02, 0., 0., 1.08000003e-01, 0.,
    0., 1.35000005e-01, 0., 0., 1.62000000e-01, 0., 2.70000007e-02, 0.,
    0., 2.70000007e-02, 2.70000007e-02, 0., 2.70000007e-02,
    5.40000014e-02, 0., 2.70000007e-02, 8.10000002e-02, 0.,
    2.70000007e-02, 1.08000003e-01, 0., 2.70000007e-02, 1.35000005e-01,
    0., 2.70000007e-02, 1.62000000e-01, 0., 5.40000014e-02, 0., 0.,
    5.40000014e-02, 2.70000007e-02, 0., 5.40000014e-02, 5.40000014e-02,
    0., 5.40000014e-02, 8.10000002e-02, 0., 5.40000014e-02,
    1.08000003e-01, 0., 5.40000014e-02, 1.35000005e-01, 0.,
    5.40000014e-02, 1.62000000e-01, 0., 8.10000002e-02, 0., 0.,
    8.10000002e-02, 2.70000007e-02, 0., 8.10000002e-02, 5.40000014e-02,
    0., 8.10000002e-02, 8.10000002e-02, 0., 8.10000002e-02,
    1.08000003e-01, 0., 8.10000002e-02, 1.35000005e-01, 0.,
    8.10000002e-02, 1.62000000e-01, 0., 1.08000003e-01, 0., 0.,
    1.08000003e-01, 2.70000007e-02, 0., 1.08000003e-01, 5.40000014e-02,
    0., 1.08000003e-01, 8.10000002e-02, 0., 1.08000003e-01,
    1.08000003e-01, 0., 1.08000003e-01, 1.35000005e-01, 0.,
    1.08000003e-01, 1.62000000e-01, 0. ]
CalibrationFrameExtRotation: !!opencv-matrix
   rows: 3
   cols: 1
   dt: d
   data: [ 1.8780109545376740e+00, 2.3694128304718034e+00,
       2.8700135801087112e-01 ]
CalibrationFrameExtTranslation: !!opencv-matrix
   rows: 3
   cols: 1
   dt: d
   data: [ -4.6668171429911455e-02, -1.5044921917635240e-02,
       1.1555876816061144e+00 ]
CalibrationFrameRMSerror: 1.8784071505069733e-01
