%YAML:1.0
---
CalibrationFramePatternImage: [ 3.70389801e+02, 2.36031937e+02,
    3.95520142e+02, 2.30893799e+02, 4.20925018e+02, 2.25400146e+02,
    4.46411133e+02, 2.20031876e+02, 4.72139923e+02, 2.14660690e+02,
    4.97908569e+02, 2.09187439e+02, 5.23866699e+02, 2.03686676e+02,
    3.77107452e+02, 2.59677979e+02, 4.02163788e+02, 2.54495132e+02,
    4.27340240e+02, 2.49548248e+02, 4.52593536e+02, 2.44495895e+02,
    4.78073883e+02, 2.39236725e+02, 5.03896606e+02, 2.34046906e+02,
    5.29319031e+02, 2.28550858e+02, 3.83524078e+02, 2.82605621e+02,
    4.08364899e+02, 2.77644073e+02, 4.33380096e+02, 2.72724274e+02,
    4.58524567e+02, 2.67901154e+02, 4.83770020e+02, 2.63100983e+02,
    5.09205017e+02, 2.57970367e+02, 5.34474243e+02, 2.52596329e+02,
    3.89676514e+02, 3.04542084e+02, 4.14420959e+02, 3.00135651e+02,
    4.38925018e+02, 2.95337677e+02, 4.63939117e+02, 2.90619507e+02,
    4.88982391e+02, 2.86076965e+02, 5.14138611e+02, 2.81395233e+02,
    5.39282288e+02, 2.76376038e+02, 3.95738770e+02, 3.26020508e+02,
    4.19972839e+02, 3.21824280e+02, 4.44659454e+02, 3.17442780e+02,
    4.69402496e+02, 3.13071899e+02, 4.94009460e+02, 3.08445709e+02,
    5.18924194e+02, 3.04096985e+02, 5.43715271e+02, 2.99411011e+02 ]
CalibrationFramePatternWorld: [ 0., 0., 0., 0., 2.70000007e-02, 0., 0.,
    5.40000014e-02, 0., 0., 8.10000002e-02, 0., 0., 1.08000003e-01, 0.,
    0., 1.35000005e-01, 0., 0., 1.62000000e-01, 0., 2.70000007e-02, 0.,
    0., 2.70000007e-02, 2.70000007e-02, 0., 2.70000007e-02,
    5.40000014e-02, 0., 2.70000007e-02, 8.10000002e-02, 0.,
    2.70000007e-02, 1.08000003e-01, 0., 2.70000007e-02, 1.35000005e-01,
    0., 2.70000007e-02, 1.62000000e-01, 0., 5.40000014e-02, 0., 0.,
    5.40000014e-02, 2.70000007e-02, 0., 5.40000014e-02, 5.40000014e-02,
    0., 5.40000014e-02, 8.10000002e-02, 0., 5.40000014e-02,
    1.08000003e-01, 0., 5.40000014e-02, 1.35000005e-01, 0.,
    5.40000014e-02, 1.62000000e-01, 0., 8.10000002e-02, 0., 0.,
    8.10000002e-02, 2.70000007e-02, 0., 8.10000002e-02, 5.40000014e-02,
    0., 8.10000002e-02, 8.10000002e-02, 0., 8.10000002e-02,
    1.08000003e-01, 0., 8.10000002e-02, 1.35000005e-01, 0.,
    8.10000002e-02, 1.62000000e-01, 0., 1.08000003e-01, 0., 0.,
    1.08000003e-01, 2.70000007e-02, 0., 1.08000003e-01, 5.40000014e-02,
    0., 1.08000003e-01, 8.10000002e-02, 0., 1.08000003e-01,
    1.08000003e-01, 0., 1.08000003e-01, 1.35000005e-01, 0.,
    1.08000003e-01, 1.62000000e-01, 0. ]
CalibrationFrameExtRotation: !!opencv-matrix
   rows: 3
   cols: 1
   dt: d
   data: [ -2.1129941202522398e+00, -1.6193699673441717e+00,
       -4.3326497009493967e-02 ]
CalibrationFrameExtTranslation: !!opencv-matrix
   rows: 3
   cols: 1
   dt: d
   data: [ 1.1628128337898141e-01, -4.0633106074385389e-02,
       8.5657829376379380e-01 ]
CalibrationFrameRMSerror: 2.6960554718971252e-01
