%YAML:1.0
---
CalibrationFramePatternImage: [ 9.89532166e+01, 9.14210434e+01,
    1.20589668e+02, 8.52724838e+01, 1.42859680e+02, 7.90572052e+01,
    1.64834167e+02, 7.29532318e+01, 1.87377991e+02, 6.66989594e+01,
    2.09969650e+02, 6.08464165e+01, 2.32794998e+02, 5.47551193e+01,
    1.04251671e+02, 1.13483826e+02, 1.26346611e+02, 1.07432304e+02,
    1.48262619e+02, 1.01489571e+02, 1.70633484e+02, 9.54201584e+01,
    1.93046143e+02, 8.94748993e+01, 2.15623505e+02, 8.33849640e+01,
    2.38373428e+02, 7.75120468e+01, 1.09874321e+02, 1.35376572e+02,
    1.31607742e+02, 1.29501801e+02, 1.53998535e+02, 1.23575081e+02,
    1.75998016e+02, 1.17553543e+02, 1.98556946e+02, 1.11658875e+02,
    2.21360733e+02, 1.05897141e+02, 2.44060593e+02, 1.00099693e+02,
    1.15323257e+02, 1.57214874e+02, 1.37346619e+02, 1.51445633e+02,
    1.59472549e+02, 1.45675629e+02, 1.81804047e+02, 1.39845947e+02,
    2.04216766e+02, 1.34176224e+02, 2.27039719e+02, 1.28337051e+02,
    2.49402344e+02, 1.22638901e+02, 1.20989876e+02, 1.78915131e+02,
    1.42783386e+02, 1.73256653e+02, 1.64831375e+02, 1.67672867e+02,
    1.86969315e+02, 1.62054382e+02, 2.09609879e+02, 1.56486984e+02,
    2.32097321e+02, 1.50871460e+02, 2.54990601e+02, 1.45070572e+02 ]
CalibrationFramePatternWorld: [ 0., 0., 0., 0., 2.70000007e-02, 0., 0.,
    5.40000014e-02, 0., 0., 8.10000002e-02, 0., 0., 1.08000003e-01, 0.,
    0., 1.35000005e-01, 0., 0., 1.62000000e-01, 0., 2.70000007e-02, 0.,
    0., 2.70000007e-02, 2.70000007e-02, 0., 2.70000007e-02,
    5.40000014e-02, 0., 2.70000007e-02, 8.10000002e-02, 0.,
    2.70000007e-02, 1.08000003e-01, 0., 2.70000007e-02, 1.35000005e-01,
    0., 2.70000007e-02, 1.62000000e-01, 0., 5.40000014e-02, 0., 0.,
    5.40000014e-02, 2.70000007e-02, 0., 5.40000014e-02, 5.40000014e-02,
    0., 5.40000014e-02, 8.10000002e-02, 0., 5.40000014e-02,
    1.08000003e-01, 0., 5.40000014e-02, 1.35000005e-01, 0.,
    5.40000014e-02, 1.62000000e-01, 0., 8.10000002e-02, 0., 0.,
    8.10000002e-02, 2.70000007e-02, 0., 8.10000002e-02, 5.40000014e-02,
    0., 8.10000002e-02, 8.10000002e-02, 0., 8.10000002e-02,
    1.08000003e-01, 0., 8.10000002e-02, 1.35000005e-01, 0.,
    8.10000002e-02, 1.62000000e-01, 0., 1.08000003e-01, 0., 0.,
    1.08000003e-01, 2.70000007e-02, 0., 1.08000003e-01, 5.40000014e-02,
    0., 1.08000003e-01, 8.10000002e-02, 0., 1.08000003e-01,
    1.08000003e-01, 0., 1.08000003e-01, 1.35000005e-01, 0.,
    1.08000003e-01, 1.62000000e-01, 0. ]
CalibrationFrameExtRotation: !!opencv-matrix
   rows: 3
   cols: 1
   dt: d
   data: [ -2.3397488622415907e+00, -1.8409531556230185e+00,
       -8.3101269904502395e-02 ]
CalibrationFrameExtTranslation: !!opencv-matrix
   rows: 3
   cols: 1
   dt: d
   data: [ -1.8699023064407957e-01, -2.1664206014555293e-01,
       9.3749127009770505e-01 ]
CalibrationFrameRMSerror: 2.4404099583625793e-01
