%YAML:1.0
---
CalibrationFramePatternImage: [ 4.58758240e+02, 5.25321388e+01,
    4.76279602e+02, 5.49806595e+01, 4.93742126e+02, 5.74849358e+01,
    5.11202972e+02, 5.98057671e+01, 5.28714417e+02, 6.24155693e+01,
    5.46136719e+02, 6.51963959e+01, 5.63776123e+02, 6.78675385e+01,
    4.55928772e+02, 6.90072021e+01, 4.73603271e+02, 7.14500732e+01,
    4.91024323e+02, 7.39829636e+01, 5.08759827e+02, 7.65313492e+01,
    5.26301453e+02, 7.89168015e+01, 5.44110107e+02, 8.18969955e+01,
    5.61476257e+02, 8.44733353e+01, 4.53260101e+02, 8.56368637e+01,
    4.70694855e+02, 8.79828262e+01, 4.88611877e+02, 9.06755371e+01,
    5.06109467e+02, 9.31309509e+01, 5.23932373e+02, 9.59268494e+01,
    5.41371582e+02, 9.84644089e+01, 5.59143921e+02, 1.01504723e+02,
    4.50330109e+02, 1.02140663e+02, 4.68123627e+02, 1.04781181e+02,
    4.85523834e+02, 1.07409164e+02, 5.03534180e+02, 1.10092064e+02,
    5.21044434e+02, 1.12709297e+02, 5.39009399e+02, 1.15580040e+02,
    5.56341370e+02, 1.18529465e+02, 4.47337799e+02, 1.18741859e+02,
    4.64841980e+02, 1.21400543e+02, 4.82831970e+02, 1.24323975e+02,
    5.00468384e+02, 1.27078033e+02, 5.18309570e+02, 1.30032364e+02,
    5.36020386e+02, 1.32648300e+02, 5.53909729e+02, 1.35824249e+02 ]
CalibrationFramePatternWorld: [ 0., 0., 0., 0., 2.70000007e-02, 0., 0.,
    5.40000014e-02, 0., 0., 8.10000002e-02, 0., 0., 1.08000003e-01, 0.,
    0., 1.35000005e-01, 0., 0., 1.62000000e-01, 0., 2.70000007e-02, 0.,
    0., 2.70000007e-02, 2.70000007e-02, 0., 2.70000007e-02,
    5.40000014e-02, 0., 2.70000007e-02, 8.10000002e-02, 0.,
    2.70000007e-02, 1.08000003e-01, 0., 2.70000007e-02, 1.35000005e-01,
    0., 2.70000007e-02, 1.62000000e-01, 0., 5.40000014e-02, 0., 0.,
    5.40000014e-02, 2.70000007e-02, 0., 5.40000014e-02, 5.40000014e-02,
    0., 5.40000014e-02, 8.10000002e-02, 0., 5.40000014e-02,
    1.08000003e-01, 0., 5.40000014e-02, 1.35000005e-01, 0.,
    5.40000014e-02, 1.62000000e-01, 0., 8.10000002e-02, 0., 0.,
    8.10000002e-02, 2.70000007e-02, 0., 8.10000002e-02, 5.40000014e-02,
    0., 8.10000002e-02, 8.10000002e-02, 0., 8.10000002e-02,
    1.08000003e-01, 0., 8.10000002e-02, 1.35000005e-01, 0.,
    8.10000002e-02, 1.62000000e-01, 0., 1.08000003e-01, 0., 0.,
    1.08000003e-01, 2.70000007e-02, 0., 1.08000003e-01, 5.40000014e-02,
    0., 1.08000003e-01, 8.10000002e-02, 0., 1.08000003e-01,
    1.08000003e-01, 0., 1.08000003e-01, 1.35000005e-01, 0.,
    1.08000003e-01, 1.62000000e-01, 0. ]
CalibrationFrameExtRotation: !!opencv-matrix
   rows: 3
   cols: 1
   dt: d
   data: [ 2.1018557695285951e+00, 2.5749935755405517e+00,
       -4.5298564522707851e-01 ]
CalibrationFrameExtTranslation: !!opencv-matrix
   rows: 3
   cols: 1
   dt: d
   data: [ 3.0363743800438026e-01, -3.4166305939278530e-01,
       1.2077415171657127e+00 ]
CalibrationFrameRMSerror: 1.7069078981876373e-01
