%YAML:1.0
---
CalibrationFramePatternImage: [ 3.93371063e+02, 2.08101105e+02,
    4.18242126e+02, 2.06400803e+02, 4.42444733e+02, 2.04753525e+02,
    4.65687012e+02, 2.03204727e+02, 4.88527435e+02, 2.01790268e+02,
    5.10742950e+02, 2.00272415e+02, 5.32026794e+02, 1.99022934e+02,
    3.94753937e+02, 2.36385574e+02, 4.19623932e+02, 2.34288101e+02,
    4.43719360e+02, 2.32232498e+02, 4.67262665e+02, 2.30199036e+02,
    4.89742035e+02, 2.28438248e+02, 5.11995667e+02, 2.26437134e+02,
    5.32922119e+02, 2.24699783e+02, 3.96477356e+02, 2.64180237e+02,
    4.20991882e+02, 2.61589142e+02, 4.44946930e+02, 2.59207764e+02,
    4.68039886e+02, 2.56693665e+02, 4.91068085e+02, 2.54587646e+02,
    5.12791199e+02, 2.52383057e+02, 5.33747192e+02, 2.50254486e+02,
    3.97819214e+02, 2.91560242e+02, 4.22419159e+02, 2.88643433e+02,
    4.45952393e+02, 2.85642242e+02, 4.69339966e+02, 2.83019562e+02,
    4.91885468e+02, 2.80440155e+02, 5.13942017e+02, 2.77900665e+02,
    5.35121826e+02, 2.75346039e+02, 3.99217133e+02, 3.18325928e+02,
    4.23393066e+02, 3.15383423e+02, 4.47349030e+02, 3.12152802e+02,
    4.70309143e+02, 3.09091003e+02, 4.92999695e+02, 3.06222046e+02,
    5.14757263e+02, 3.03295807e+02, 5.35868958e+02, 3.00322479e+02 ]
CalibrationFramePatternWorld: [ 0., 0., 0., 0., 2.70000007e-02, 0., 0.,
    5.40000014e-02, 0., 0., 8.10000002e-02, 0., 0., 1.08000003e-01, 0.,
    0., 1.35000005e-01, 0., 0., 1.62000000e-01, 0., 2.70000007e-02, 0.,
    0., 2.70000007e-02, 2.70000007e-02, 0., 2.70000007e-02,
    5.40000014e-02, 0., 2.70000007e-02, 8.10000002e-02, 0.,
    2.70000007e-02, 1.08000003e-01, 0., 2.70000007e-02, 1.35000005e-01,
    0., 2.70000007e-02, 1.62000000e-01, 0., 5.40000014e-02, 0., 0.,
    5.40000014e-02, 2.70000007e-02, 0., 5.40000014e-02, 5.40000014e-02,
    0., 5.40000014e-02, 8.10000002e-02, 0., 5.40000014e-02,
    1.08000003e-01, 0., 5.40000014e-02, 1.35000005e-01, 0.,
    5.40000014e-02, 1.62000000e-01, 0., 8.10000002e-02, 0., 0.,
    8.10000002e-02, 2.70000007e-02, 0., 8.10000002e-02, 5.40000014e-02,
    0., 8.10000002e-02, 8.10000002e-02, 0., 8.10000002e-02,
    1.08000003e-01, 0., 8.10000002e-02, 1.35000005e-01, 0.,
    8.10000002e-02, 1.62000000e-01, 0., 1.08000003e-01, 0., 0.,
    1.08000003e-01, 2.70000007e-02, 0., 1.08000003e-01, 5.40000014e-02,
    0., 1.08000003e-01, 8.10000002e-02, 0., 1.08000003e-01,
    1.08000003e-01, 0., 1.08000003e-01, 1.35000005e-01, 0.,
    1.08000003e-01, 1.62000000e-01, 0. ]
CalibrationFrameExtRotation: !!opencv-matrix
   rows: 3
   cols: 1
   dt: d
   data: [ 2.1907180137249238e+00, 2.0149950557675229e+00,
       4.0038700411352596e-01 ]
CalibrationFrameExtTranslation: !!opencv-matrix
   rows: 3
   cols: 1
   dt: d
   data: [ 1.2843459844938868e-01, -6.4064624430656830e-02,
       7.8433232407068065e-01 ]
CalibrationFrameRMSerror: 2.5539109110832214e-01
