%YAML:1.0
---
CalibrationFramePatternImage: [ 7.85693588e+01, 8.07088852e+01,
    9.55547256e+01, 8.59151154e+01, 1.12660286e+02, 9.10190811e+01,
    1.29529327e+02, 9.62864532e+01, 1.46517212e+02, 1.01392197e+02,
    1.63265900e+02, 1.06713997e+02, 1.79910095e+02, 1.11704597e+02,
    7.27342453e+01, 9.74043579e+01, 8.98257370e+01, 1.02641869e+02,
    1.06767242e+02, 1.07770645e+02, 1.23934319e+02, 1.12676559e+02,
    1.40380417e+02, 1.17743271e+02, 1.57348633e+02, 1.22814331e+02,
    1.73831482e+02, 1.27523247e+02, 6.75494156e+01, 1.13965378e+02,
    8.44672165e+01, 1.18729248e+02, 1.01381866e+02, 1.23649284e+02,
    1.18278160e+02, 1.28590515e+02, 1.34992142e+02, 1.33612411e+02,
    1.51496475e+02, 1.38286758e+02, 1.67963547e+02, 1.42928986e+02,
    6.22433586e+01, 1.29755615e+02, 7.90404358e+01, 1.34771744e+02,
    9.58709183e+01, 1.39424408e+02, 1.12564850e+02, 1.44148315e+02,
    1.29312927e+02, 1.48768585e+02, 1.45841553e+02, 1.53613693e+02,
    1.62301224e+02, 1.58533844e+02, 5.72501869e+01, 1.45597427e+02,
    7.40097198e+01, 1.50357132e+02, 9.06577377e+01, 1.55010437e+02,
    1.07349075e+02, 1.59593948e+02, 1.23871346e+02, 1.64401840e+02,
    1.40313034e+02, 1.68980347e+02, 1.56825256e+02, 1.73515488e+02 ]
CalibrationFramePatternWorld: [ 0., 0., 0., 0., 2.70000007e-02, 0., 0.,
    5.40000014e-02, 0., 0., 8.10000002e-02, 0., 0., 1.08000003e-01, 0.,
    0., 1.35000005e-01, 0., 0., 1.62000000e-01, 0., 2.70000007e-02, 0.,
    0., 2.70000007e-02, 2.70000007e-02, 0., 2.70000007e-02,
    5.40000014e-02, 0., 2.70000007e-02, 8.10000002e-02, 0.,
    2.70000007e-02, 1.08000003e-01, 0., 2.70000007e-02, 1.35000005e-01,
    0., 2.70000007e-02, 1.62000000e-01, 0., 5.40000014e-02, 0., 0.,
    5.40000014e-02, 2.70000007e-02, 0., 5.40000014e-02, 5.40000014e-02,
    0., 5.40000014e-02, 8.10000002e-02, 0., 5.40000014e-02,
    1.08000003e-01, 0., 5.40000014e-02, 1.35000005e-01, 0.,
    5.40000014e-02, 1.62000000e-01, 0., 8.10000002e-02, 0., 0.,
    8.10000002e-02, 2.70000007e-02, 0., 8.10000002e-02, 5.40000014e-02,
    0., 8.10000002e-02, 8.10000002e-02, 0., 8.10000002e-02,
    1.08000003e-01, 0., 8.10000002e-02, 1.35000005e-01, 0.,
    8.10000002e-02, 1.62000000e-01, 0., 1.08000003e-01, 0., 0.,
    1.08000003e-01, 2.70000007e-02, 0., 1.08000003e-01, 5.40000014e-02,
    0., 1.08000003e-01, 8.10000002e-02, 0., 1.08000003e-01,
    1.08000003e-01, 0., 1.08000003e-01, 1.35000005e-01, 0.,
    1.08000003e-01, 1.62000000e-01, 0. ]
CalibrationFrameExtRotation: !!opencv-matrix
   rows: 3
   cols: 1
   dt: d
   data: [ -1.6741889120298468e+00, -2.3619747274051566e+00,
       -7.8778284002630072e-01 ]
CalibrationFrameExtTranslation: !!opencv-matrix
   rows: 3
   cols: 1
   dt: d
   data: [ -2.6702842994100229e-01, -2.8899971226414006e-01,
       1.1775253353546253e+00 ]
CalibrationFrameRMSerror: 2.0789964497089386e-01
