%YAML:1.0
---
CalibrationFramePatternImage: [ 7.49211655e+01, 3.81327553e+01,
    9.76438904e+01, 4.11123352e+01, 1.20549416e+02, 4.39449768e+01,
    1.43446930e+02, 4.71397667e+01, 1.66734650e+02, 5.04557381e+01,
    1.89899872e+02, 5.38417625e+01, 2.13343033e+02, 5.71733551e+01,
    7.19626923e+01, 6.05809708e+01, 9.46391602e+01, 6.35473022e+01,
    1.17312309e+02, 6.65561295e+01, 1.40241013e+02, 6.96353455e+01,
    1.63199249e+02, 7.29402466e+01, 1.86384430e+02, 7.64275208e+01,
    2.09496140e+02, 7.95393066e+01, 6.95670853e+01, 8.24425354e+01,
    9.18938599e+01, 8.53700333e+01, 1.14546974e+02, 8.83739777e+01,
    1.37273697e+02, 9.14754333e+01, 1.60032181e+02, 9.46884308e+01,
    1.82972092e+02, 9.79613953e+01, 2.05907623e+02, 1.01371384e+02,
    6.71925430e+01, 1.03788589e+02, 8.93871155e+01, 1.06838036e+02,
    1.11797569e+02, 1.09811699e+02, 1.34422974e+02, 1.12796417e+02,
    1.57070938e+02, 1.16020393e+02, 1.79701233e+02, 1.19342484e+02,
    2.02364426e+02, 1.22667854e+02, 6.50972748e+01, 1.24909698e+02,
    8.72195206e+01, 1.27819962e+02, 1.09289673e+02, 1.30878540e+02,
    1.31591217e+02, 1.33882324e+02, 1.54043716e+02, 1.37194351e+02,
    1.76457306e+02, 1.40451126e+02, 1.99072083e+02, 1.43858337e+02 ]
CalibrationFramePatternWorld: [ 0., 0., 0., 0., 2.70000007e-02, 0., 0.,
    5.40000014e-02, 0., 0., 8.10000002e-02, 0., 0., 1.08000003e-01, 0.,
    0., 1.35000005e-01, 0., 0., 1.62000000e-01, 0., 2.70000007e-02, 0.,
    0., 2.70000007e-02, 2.70000007e-02, 0., 2.70000007e-02,
    5.40000014e-02, 0., 2.70000007e-02, 8.10000002e-02, 0.,
    2.70000007e-02, 1.08000003e-01, 0., 2.70000007e-02, 1.35000005e-01,
    0., 2.70000007e-02, 1.62000000e-01, 0., 5.40000014e-02, 0., 0.,
    5.40000014e-02, 2.70000007e-02, 0., 5.40000014e-02, 5.40000014e-02,
    0., 5.40000014e-02, 8.10000002e-02, 0., 5.40000014e-02,
    1.08000003e-01, 0., 5.40000014e-02, 1.35000005e-01, 0.,
    5.40000014e-02, 1.62000000e-01, 0., 8.10000002e-02, 0., 0.,
    8.10000002e-02, 2.70000007e-02, 0., 8.10000002e-02, 5.40000014e-02,
    0., 8.10000002e-02, 8.10000002e-02, 0., 8.10000002e-02,
    1.08000003e-01, 0., 8.10000002e-02, 1.35000005e-01, 0.,
    8.10000002e-02, 1.62000000e-01, 0., 1.08000003e-01, 0., 0.,
    1.08000003e-01, 2.70000007e-02, 0., 1.08000003e-01, 5.40000014e-02,
    0., 1.08000003e-01, 8.10000002e-02, 0., 1.08000003e-01,
    1.08000003e-01, 0., 1.08000003e-01, 1.35000005e-01, 0.,
    1.08000003e-01, 1.62000000e-01, 0. ]
CalibrationFrameExtRotation: !!opencv-matrix
   rows: 3
   cols: 1
   dt: d
   data: [ -1.7959671613220149e+00, -2.1316235057886321e+00,
       -5.7651079094505464e-01 ]
CalibrationFrameExtTranslation: !!opencv-matrix
   rows: 3
   cols: 1
   dt: d
   data: [ -2.1146817357528236e-01, -2.7358956378069593e-01,
       9.0303113367702259e-01 ]
CalibrationFrameRMSerror: 1.8566678464412689e-01
