%YAML:1.0
---
CalibrationFramePatternImage: [ 2.65325073e+02, 1.15555008e+02,
    2.82327789e+02, 1.09136391e+02, 2.99314789e+02, 1.02805656e+02,
    3.16221375e+02, 9.64582977e+01, 3.33141052e+02, 9.01240463e+01,
    3.49887085e+02, 8.39155273e+01, 3.66563080e+02, 7.77480240e+01,
    2.71602875e+02, 1.32251328e+02, 2.88879852e+02, 1.25620903e+02,
    3.05766968e+02, 1.19283012e+02, 3.22814911e+02, 1.12787392e+02,
    3.39593353e+02, 1.06614273e+02, 3.56645660e+02, 1.00412468e+02,
    3.73331146e+02, 9.43342209e+01, 2.77955292e+02, 1.48571762e+02,
    2.95196747e+02, 1.41949432e+02, 3.12286621e+02, 1.35527649e+02,
    3.29167694e+02, 1.29326263e+02, 3.46352264e+02, 1.22945305e+02,
    3.62996674e+02, 1.16790344e+02, 3.79820740e+02, 1.10503922e+02,
    2.84370819e+02, 1.64991043e+02, 3.01652283e+02, 1.58410385e+02,
    3.18591156e+02, 1.52120972e+02, 3.35873352e+02, 1.45742020e+02,
    3.52723480e+02, 1.39450333e+02, 3.69652435e+02, 1.32860992e+02,
    3.86518463e+02, 1.26723175e+02, 2.90770172e+02, 1.81525497e+02,
    3.07756439e+02, 1.75091125e+02, 3.25014252e+02, 1.68594604e+02,
    3.42160187e+02, 1.62196320e+02, 3.59329437e+02, 1.55936600e+02,
    3.76246002e+02, 1.49476608e+02, 3.93033600e+02, 1.43037140e+02 ]
CalibrationFramePatternWorld: [ 0., 0., 0., 0., 2.70000007e-02, 0., 0.,
    5.40000014e-02, 0., 0., 8.10000002e-02, 0., 0., 1.08000003e-01, 0.,
    0., 1.35000005e-01, 0., 0., 1.62000000e-01, 0., 2.70000007e-02, 0.,
    0., 2.70000007e-02, 2.70000007e-02, 0., 2.70000007e-02,
    5.40000014e-02, 0., 2.70000007e-02, 8.10000002e-02, 0.,
    2.70000007e-02, 1.08000003e-01, 0., 2.70000007e-02, 1.35000005e-01,
    0., 2.70000007e-02, 1.62000000e-01, 0., 5.40000014e-02, 0., 0.,
    5.40000014e-02, 2.70000007e-02, 0., 5.40000014e-02, 5.40000014e-02,
    0., 5.40000014e-02, 8.10000002e-02, 0., 5.40000014e-02,
    1.08000003e-01, 0., 5.40000014e-02, 1.35000005e-01, 0.,
    5.40000014e-02, 1.62000000e-01, 0., 8.10000002e-02, 0., 0.,
    8.10000002e-02, 2.70000007e-02, 0., 8.10000002e-02, 5.40000014e-02,
    0., 8.10000002e-02, 8.10000002e-02, 0., 8.10000002e-02,
    1.08000003e-01, 0., 8.10000002e-02, 1.35000005e-01, 0.,
    8.10000002e-02, 1.62000000e-01, 0., 1.08000003e-01, 0., 0.,
    1.08000003e-01, 2.70000007e-02, 0., 1.08000003e-01, 5.40000014e-02,
    0., 1.08000003e-01, 8.10000002e-02, 0., 1.08000003e-01,
    1.08000003e-01, 0., 1.08000003e-01, 1.35000005e-01, 0.,
    1.08000003e-01, 1.62000000e-01, 0. ]
CalibrationFrameExtRotation: !!opencv-matrix
   rows: 3
   cols: 1
   dt: d
   data: [ 2.6216754041235277e+00, 1.8173254353866095e+00,
       -1.2707279446942107e-01 ]
CalibrationFrameExtTranslation: !!opencv-matrix
   rows: 3
   cols: 1
   dt: d
   data: [ 9.7929046553800209e-03, -2.4076106279916665e-01,
       1.2231878109006027e+00 ]
CalibrationFrameRMSerror: 1.9729098677635193e-01
