%YAML:1.0
---
CalibrationFramePatternImage: [ 9.14619827e+01, 1.53569290e+02,
    1.08476051e+02, 1.48779495e+02, 1.25731499e+02, 1.44225616e+02,
    1.42831711e+02, 1.39320374e+02, 1.60334045e+02, 1.34440475e+02,
    1.77910385e+02, 1.29739777e+02, 1.95650452e+02, 1.24834389e+02,
    9.45245209e+01, 1.70806259e+02, 1.11810097e+02, 1.66097412e+02,
    1.29011414e+02, 1.61283478e+02, 1.46602188e+02, 1.56548325e+02,
    1.64003494e+02, 1.51699356e+02, 1.81830521e+02, 1.46834381e+02,
    1.99577057e+02, 1.42291107e+02, 9.81288376e+01, 1.87965485e+02,
    1.15047279e+02, 1.83261703e+02, 1.32579758e+02, 1.78507843e+02,
    1.49887299e+02, 1.73943085e+02, 1.67685654e+02, 1.68921692e+02,
    1.85546371e+02, 1.64284439e+02, 2.03542389e+02, 1.59514084e+02,
    1.01187317e+02, 2.05147919e+02, 1.18627884e+02, 2.00462997e+02,
    1.35842331e+02, 1.96065506e+02, 1.53765076e+02, 1.91171417e+02,
    1.71451736e+02, 1.86511398e+02, 1.89364334e+02, 1.81760666e+02,
    2.07289642e+02, 1.77086731e+02, 1.04648529e+02, 2.22395782e+02,
    1.21922180e+02, 2.17862762e+02, 1.39598679e+02, 2.13354874e+02,
    1.57128143e+02, 2.08773911e+02, 1.75247345e+02, 2.04079865e+02,
    1.93035355e+02, 1.99573425e+02, 2.11229599e+02, 1.94734741e+02 ]
CalibrationFramePatternWorld: [ 0., 0., 0., 0., 2.70000007e-02, 0., 0.,
    5.40000014e-02, 0., 0., 8.10000002e-02, 0., 0., 1.08000003e-01, 0.,
    0., 1.35000005e-01, 0., 0., 1.62000000e-01, 0., 2.70000007e-02, 0.,
    0., 2.70000007e-02, 2.70000007e-02, 0., 2.70000007e-02,
    5.40000014e-02, 0., 2.70000007e-02, 8.10000002e-02, 0.,
    2.70000007e-02, 1.08000003e-01, 0., 2.70000007e-02, 1.35000005e-01,
    0., 2.70000007e-02, 1.62000000e-01, 0., 5.40000014e-02, 0., 0.,
    5.40000014e-02, 2.70000007e-02, 0., 5.40000014e-02, 5.40000014e-02,
    0., 5.40000014e-02, 8.10000002e-02, 0., 5.40000014e-02,
    1.08000003e-01, 0., 5.40000014e-02, 1.35000005e-01, 0.,
    5.40000014e-02, 1.62000000e-01, 0., 8.10000002e-02, 0., 0.,
    8.10000002e-02, 2.70000007e-02, 0., 8.10000002e-02, 5.40000014e-02,
    0., 8.10000002e-02, 8.10000002e-02, 0., 8.10000002e-02,
    1.08000003e-01, 0., 8.10000002e-02, 1.35000005e-01, 0.,
    8.10000002e-02, 1.62000000e-01, 0., 1.08000003e-01, 0., 0.,
    1.08000003e-01, 2.70000007e-02, 0., 1.08000003e-01, 5.40000014e-02,
    0., 1.08000003e-01, 8.10000002e-02, 0., 1.08000003e-01,
    1.08000003e-01, 0., 1.08000003e-01, 1.35000005e-01, 0.,
    1.08000003e-01, 1.62000000e-01, 0. ]
CalibrationFrameExtRotation: !!opencv-matrix
   rows: 3
   cols: 1
   dt: d
   data: [ -2.4521485891562791e+00, -1.9403620683050500e+00,
       2.5365709193629310e-01 ]
CalibrationFrameExtTranslation: !!opencv-matrix
   rows: 3
   cols: 1
   dt: d
   data: [ -2.4776878144238890e-01, -1.8096592200203984e-01,
       1.1969511904510439e+00 ]
CalibrationFrameRMSerror: 1.6578881442546844e-01
