%YAML:1.0
---
CalibrationFramePatternImage: [ 2.87932800e+02, 1.54874969e+02,
    3.04391418e+02, 1.62611160e+02, 3.20997101e+02, 1.70389038e+02,
    3.37720245e+02, 1.78090439e+02, 3.54361298e+02, 1.86022736e+02,
    3.70924652e+02, 1.93703979e+02, 3.87670013e+02, 2.01378281e+02,
    2.79801331e+02, 1.70997330e+02, 2.96474640e+02, 1.78762009e+02,
    3.13240326e+02, 1.86520035e+02, 3.29883667e+02, 1.94406464e+02,
    3.46539185e+02, 2.02237717e+02, 3.63359497e+02, 2.10079910e+02,
    3.79882416e+02, 2.17961853e+02, 2.71959076e+02, 1.87137848e+02,
    2.88483734e+02, 1.95001648e+02, 3.05293640e+02, 2.03078171e+02,
    3.21929474e+02, 2.10704239e+02, 3.38778656e+02, 2.18560684e+02,
    3.55447784e+02, 2.26618805e+02, 3.72429749e+02, 2.34483093e+02,
    2.63937592e+02, 2.03315186e+02, 2.80732391e+02, 2.11211273e+02,
    2.97374725e+02, 2.19072464e+02, 3.14280548e+02, 2.27145386e+02,
    3.30831482e+02, 2.35054749e+02, 3.47708710e+02, 2.43086105e+02,
    3.64554962e+02, 2.50627319e+02, 2.55937393e+02, 2.19716904e+02,
    2.72627563e+02, 2.27524368e+02, 2.89516571e+02, 2.35511215e+02,
    3.05988068e+02, 2.43501022e+02, 3.22950287e+02, 2.51371506e+02,
    3.39741638e+02, 2.59417877e+02, 3.56642578e+02, 2.67555450e+02 ]
CalibrationFramePatternWorld: [ 0., 0., 0., 0., 2.70000007e-02, 0., 0.,
    5.40000014e-02, 0., 0., 8.10000002e-02, 0., 0., 1.08000003e-01, 0.,
    0., 1.35000005e-01, 0., 0., 1.62000000e-01, 0., 2.70000007e-02, 0.,
    0., 2.70000007e-02, 2.70000007e-02, 0., 2.70000007e-02,
    5.40000014e-02, 0., 2.70000007e-02, 8.10000002e-02, 0.,
    2.70000007e-02, 1.08000003e-01, 0., 2.70000007e-02, 1.35000005e-01,
    0., 2.70000007e-02, 1.62000000e-01, 0., 5.40000014e-02, 0., 0.,
    5.40000014e-02, 2.70000007e-02, 0., 5.40000014e-02, 5.40000014e-02,
    0., 5.40000014e-02, 8.10000002e-02, 0., 5.40000014e-02,
    1.08000003e-01, 0., 5.40000014e-02, 1.35000005e-01, 0.,
    5.40000014e-02, 1.62000000e-01, 0., 8.10000002e-02, 0., 0.,
    8.10000002e-02, 2.70000007e-02, 0., 8.10000002e-02, 5.40000014e-02,
    0., 8.10000002e-02, 8.10000002e-02, 0., 8.10000002e-02,
    1.08000003e-01, 0., 8.10000002e-02, 1.35000005e-01, 0.,
    8.10000002e-02, 1.62000000e-01, 0., 1.08000003e-01, 0., 0.,
    1.08000003e-01, 2.70000007e-02, 0., 1.08000003e-01, 5.40000014e-02,
    0., 1.08000003e-01, 8.10000002e-02, 0., 1.08000003e-01,
    1.08000003e-01, 0., 1.08000003e-01, 1.35000005e-01, 0.,
    1.08000003e-01, 1.62000000e-01, 0. ]
CalibrationFrameExtRotation: !!opencv-matrix
   rows: 3
   cols: 1
   dt: d
   data: [ 1.6602432530299220e+00, 2.6378453119613798e+00,
       -8.2406751373671885e-02 ]
CalibrationFrameExtTranslation: !!opencv-matrix
   rows: 3
   cols: 1
   dt: d
   data: [ 4.2428839106573031e-02, -1.7799564888867975e-01,
       1.2057848685530106e+00 ]
CalibrationFrameRMSerror: 1.6103343665599823e-01
