%YAML:1.0
---
CalibrationFramePatternImage: [ 2.02481812e+02, 3.45705444e+02,
    2.26089890e+02, 3.36294250e+02, 2.49267990e+02, 3.27026672e+02,
    2.71803772e+02, 3.17707245e+02, 2.94453613e+02, 3.08430267e+02,
    3.16481476e+02, 2.99578430e+02, 3.38099091e+02, 2.90504974e+02,
    2.12327560e+02, 3.70070435e+02, 2.35757004e+02, 3.60369446e+02,
    2.58868927e+02, 3.50972321e+02, 2.81882050e+02, 3.41362823e+02,
    3.04177856e+02, 3.32074432e+02, 3.26111816e+02, 3.22664276e+02,
    3.47343781e+02, 3.13817474e+02, 2.22193253e+02, 3.93789459e+02,
    2.45338409e+02, 3.84302948e+02, 2.68584808e+02, 3.74368683e+02,
    2.91248322e+02, 3.65040649e+02, 3.13683838e+02, 3.55207306e+02,
    3.35424072e+02, 3.45927429e+02, 3.56769562e+02, 3.36532410e+02,
    2.31450180e+02, 4.17697052e+02, 2.54940491e+02, 4.07695770e+02,
    2.77835327e+02, 3.97906097e+02, 3.00551056e+02, 3.88095367e+02,
    3.22817200e+02, 3.78591034e+02, 3.44752167e+02, 3.68543152e+02,
    3.66122437e+02, 3.59162842e+02, 2.40990784e+02, 4.40969574e+02,
    2.64301025e+02, 4.31345398e+02, 2.87429230e+02, 4.21215088e+02,
    3.09938995e+02, 4.11189697e+02, 3.32015656e+02, 4.01261963e+02,
    3.54046997e+02, 3.91789276e+02, 3.75361511e+02, 3.81624908e+02 ]
CalibrationFramePatternWorld: [ 0., 0., 0., 0., 2.70000007e-02, 0., 0.,
    5.40000014e-02, 0., 0., 8.10000002e-02, 0., 0., 1.08000003e-01, 0.,
    0., 1.35000005e-01, 0., 0., 1.62000000e-01, 0., 2.70000007e-02, 0.,
    0., 2.70000007e-02, 2.70000007e-02, 0., 2.70000007e-02,
    5.40000014e-02, 0., 2.70000007e-02, 8.10000002e-02, 0.,
    2.70000007e-02, 1.08000003e-01, 0., 2.70000007e-02, 1.35000005e-01,
    0., 2.70000007e-02, 1.62000000e-01, 0., 5.40000014e-02, 0., 0.,
    5.40000014e-02, 2.70000007e-02, 0., 5.40000014e-02, 5.40000014e-02,
    0., 5.40000014e-02, 8.10000002e-02, 0., 5.40000014e-02,
    1.08000003e-01, 0., 5.40000014e-02, 1.35000005e-01, 0.,
    5.40000014e-02, 1.62000000e-01, 0., 8.10000002e-02, 0., 0.,
    8.10000002e-02, 2.70000007e-02, 0., 8.10000002e-02, 5.40000014e-02,
    0., 8.10000002e-02, 8.10000002e-02, 0., 8.10000002e-02,
    1.08000003e-01, 0., 8.10000002e-02, 1.35000005e-01, 0.,
    8.10000002e-02, 1.62000000e-01, 0., 1.08000003e-01, 0., 0.,
    1.08000003e-01, 2.70000007e-02, 0., 1.08000003e-01, 5.40000014e-02,
    0., 1.08000003e-01, 8.10000002e-02, 0., 1.08000003e-01,
    1.08000003e-01, 0., 1.08000003e-01, 1.35000005e-01, 0.,
    1.08000003e-01, 1.62000000e-01, 0. ]
CalibrationFrameExtRotation: !!opencv-matrix
   rows: 3
   cols: 1
   dt: d
   data: [ 2.3719653455227276e+00, 1.6139768176619980e+00,
       2.1535784020571747e-01 ]
CalibrationFrameExtTranslation: !!opencv-matrix
   rows: 3
   cols: 1
   dt: d
   data: [ -5.8033529784074986e-02, 7.3892425622119298e-02,
       8.4277277158803487e-01 ]
CalibrationFrameRMSerror: 2.8437566757202148e-01
