%YAML:1.0
---
CalibrationFramePatternImage: [ 7.13434296e+01, 1.76732468e+02,
    9.15368500e+01, 1.77184525e+02, 1.12562485e+02, 1.77560837e+02,
    1.33622971e+02, 1.77881577e+02, 1.55515518e+02, 1.78461807e+02,
    1.77472763e+02, 1.79142502e+02, 1.99829712e+02, 1.79606247e+02,
    7.25111923e+01, 1.98551208e+02, 9.28728104e+01, 1.99209030e+02,
    1.13578270e+02, 1.99888275e+02, 1.34792313e+02, 2.00544464e+02,
    1.56296432e+02, 2.01274002e+02, 1.78266296e+02, 2.02197479e+02,
    2.00719635e+02, 2.02759094e+02, 7.37207108e+01, 2.20007263e+02,
    9.39820251e+01, 2.20552277e+02, 1.14845131e+02, 2.21565399e+02,
    1.36001892e+02, 2.22347580e+02, 1.57330002e+02, 2.23536972e+02,
    1.79067642e+02, 2.24522049e+02, 2.01446228e+02, 2.25438171e+02,
    7.52486038e+01, 2.40468124e+02, 9.55333862e+01, 2.41671051e+02,
    1.16057640e+02, 2.42656128e+02, 1.36929703e+02, 2.43853058e+02,
    1.58042389e+02, 2.45167908e+02, 1.79743011e+02, 2.46517212e+02,
    2.01627563e+02, 2.48012772e+02, 7.66526413e+01, 2.60696259e+02,
    9.67258530e+01, 2.62304382e+02, 1.17262749e+02, 2.63699463e+02,
    1.37789734e+02, 2.65065002e+02, 1.58827393e+02, 2.66685852e+02,
    1.80362564e+02, 2.68230927e+02, 2.02086823e+02, 2.69894440e+02 ]
CalibrationFramePatternWorld: [ 0., 0., 0., 0., 2.70000007e-02, 0., 0.,
    5.40000014e-02, 0., 0., 8.10000002e-02, 0., 0., 1.08000003e-01, 0.,
    0., 1.35000005e-01, 0., 0., 1.62000000e-01, 0., 2.70000007e-02, 0.,
    0., 2.70000007e-02, 2.70000007e-02, 0., 2.70000007e-02,
    5.40000014e-02, 0., 2.70000007e-02, 8.10000002e-02, 0.,
    2.70000007e-02, 1.08000003e-01, 0., 2.70000007e-02, 1.35000005e-01,
    0., 2.70000007e-02, 1.62000000e-01, 0., 5.40000014e-02, 0., 0.,
    5.40000014e-02, 2.70000007e-02, 0., 5.40000014e-02, 5.40000014e-02,
    0., 5.40000014e-02, 8.10000002e-02, 0., 5.40000014e-02,
    1.08000003e-01, 0., 5.40000014e-02, 1.35000005e-01, 0.,
    5.40000014e-02, 1.62000000e-01, 0., 8.10000002e-02, 0., 0.,
    8.10000002e-02, 2.70000007e-02, 0., 8.10000002e-02, 5.40000014e-02,
    0., 8.10000002e-02, 8.10000002e-02, 0., 8.10000002e-02,
    1.08000003e-01, 0., 8.10000002e-02, 1.35000005e-01, 0.,
    8.10000002e-02, 1.62000000e-01, 0., 1.08000003e-01, 0., 0.,
    1.08000003e-01, 2.70000007e-02, 0., 1.08000003e-01, 5.40000014e-02,
    0., 1.08000003e-01, 8.10000002e-02, 0., 1.08000003e-01,
    1.08000003e-01, 0., 1.08000003e-01, 1.35000005e-01, 0.,
    1.08000003e-01, 1.62000000e-01, 0. ]
CalibrationFrameExtRotation: !!opencv-matrix
   rows: 3
   cols: 1
   dt: d
   data: [ -1.9244793113571210e+00, -1.9835831434465598e+00,
       -1.0333910805797360e-01 ]
CalibrationFrameExtTranslation: !!opencv-matrix
   rows: 3
   cols: 1
   dt: d
   data: [ -2.2506337305979804e-01, -1.1900745187321188e-01,
       9.6819481274758112e-01 ]
CalibrationFrameRMSerror: 3.2474589347839355e-01
