%YAML:1.0
---
CalibrationFramePatternImage: [ 4.61502380e+02, 2.42395096e+02,
    4.86464905e+02, 2.47670547e+02, 5.11218384e+02, 2.52967880e+02,
    5.35690430e+02, 2.58016754e+02, 5.59826111e+02, 2.63119965e+02,
    5.83458008e+02, 2.67998444e+02, 6.06558777e+02, 2.72895325e+02,
    4.55964844e+02, 2.68101715e+02, 4.81103058e+02, 2.73260925e+02,
    5.05557007e+02, 2.78133942e+02, 5.30396118e+02, 2.83171844e+02,
    5.54141113e+02, 2.87927551e+02, 5.78144470e+02, 2.92706635e+02,
    6.00968567e+02, 2.96984375e+02, 4.50816498e+02, 2.93282806e+02,
    4.75662445e+02, 2.98131927e+02, 5.00464752e+02, 3.02829681e+02,
    5.24635071e+02, 3.07421722e+02, 5.48732178e+02, 3.12206665e+02,
    5.72198120e+02, 3.16607880e+02, 5.95412048e+02, 3.20782745e+02,
    4.45606171e+02, 3.17969879e+02, 4.70754089e+02, 3.22755493e+02,
    4.94618042e+02, 3.27164185e+02, 5.19354797e+02, 3.31579559e+02,
    5.43309753e+02, 3.36014709e+02, 5.66701416e+02, 3.40203400e+02,
    5.89670227e+02, 3.44194183e+02, 4.40653046e+02, 3.42355988e+02,
    4.65314087e+02, 3.46578308e+02, 4.89442596e+02, 3.50843750e+02,
    5.13992981e+02, 3.55409363e+02, 5.37609741e+02, 3.59478027e+02,
    5.61088440e+02, 3.63399567e+02, 5.84099915e+02, 3.67330048e+02 ]
CalibrationFramePatternWorld: [ 0., 0., 0., 0., 2.70000007e-02, 0., 0.,
    5.40000014e-02, 0., 0., 8.10000002e-02, 0., 0., 1.08000003e-01, 0.,
    0., 1.35000005e-01, 0., 0., 1.62000000e-01, 0., 2.70000007e-02, 0.,
    0., 2.70000007e-02, 2.70000007e-02, 0., 2.70000007e-02,
    5.40000014e-02, 0., 2.70000007e-02, 8.10000002e-02, 0.,
    2.70000007e-02, 1.08000003e-01, 0., 2.70000007e-02, 1.35000005e-01,
    0., 2.70000007e-02, 1.62000000e-01, 0., 5.40000014e-02, 0., 0.,
    5.40000014e-02, 2.70000007e-02, 0., 5.40000014e-02, 5.40000014e-02,
    0., 5.40000014e-02, 8.10000002e-02, 0., 5.40000014e-02,
    1.08000003e-01, 0., 5.40000014e-02, 1.35000005e-01, 0.,
    5.40000014e-02, 1.62000000e-01, 0., 8.10000002e-02, 0., 0.,
    8.10000002e-02, 2.70000007e-02, 0., 8.10000002e-02, 5.40000014e-02,
    0., 8.10000002e-02, 8.10000002e-02, 0., 8.10000002e-02,
    1.08000003e-01, 0., 8.10000002e-02, 1.35000005e-01, 0.,
    8.10000002e-02, 1.62000000e-01, 0., 1.08000003e-01, 0., 0.,
    1.08000003e-01, 2.70000007e-02, 0., 1.08000003e-01, 5.40000014e-02,
    0., 1.08000003e-01, 8.10000002e-02, 0., 1.08000003e-01,
    1.08000003e-01, 0., 1.08000003e-01, 1.35000005e-01, 0.,
    1.08000003e-01, 1.62000000e-01, 0. ]
CalibrationFrameExtRotation: !!opencv-matrix
   rows: 3
   cols: 1
   dt: d
   data: [ 2.1308507896979219e+00, 2.5595448877138787e+00,
       1.9947167181980936e-02 ]
CalibrationFrameExtTranslation: !!opencv-matrix
   rows: 3
   cols: 1
   dt: d
   data: [ 2.1122150608509871e-01, -3.2655703988819410e-02,
       8.4813696916857451e-01 ]
CalibrationFrameRMSerror: 4.8383003473281860e-01
