%YAML:1.0
---
CalibrationFramePatternImage: [ 3.19714935e+02, 1.14662720e+02,
    3.42222321e+02, 1.08297867e+02, 3.64387665e+02, 1.02318985e+02,
    3.85530670e+02, 9.64376297e+01, 4.06623535e+02, 9.06417160e+01,
    4.26792969e+02, 8.52600784e+01, 4.46670532e+02, 7.97671280e+01,
    3.28602722e+02, 1.39272751e+02, 3.51176392e+02, 1.32588760e+02,
    3.72944702e+02, 1.26086456e+02, 3.94476959e+02, 1.19911613e+02,
    4.15214935e+02, 1.13941940e+02, 4.35386047e+02, 1.08078316e+02,
    4.54801544e+02, 1.02570770e+02, 3.37543976e+02, 1.63523483e+02,
    3.59595673e+02, 1.56707047e+02, 3.81465576e+02, 1.49906357e+02,
    4.02649994e+02, 1.43441452e+02, 4.23755859e+02, 1.37107651e+02,
    4.43689514e+02, 1.31063721e+02, 4.63152466e+02, 1.25119957e+02,
    3.45789276e+02, 1.87959290e+02, 3.68177917e+02, 1.80720016e+02,
    3.89702545e+02, 1.73611481e+02, 4.11097778e+02, 1.66909698e+02,
    4.31900879e+02, 1.60201004e+02, 4.52238464e+02, 1.53751434e+02,
    4.71335297e+02, 1.47553436e+02, 3.54195312e+02, 2.12287476e+02,
    3.76476105e+02, 2.04723267e+02, 3.97957855e+02, 1.97524704e+02,
    4.19132446e+02, 1.90392944e+02, 4.39919495e+02, 1.83384613e+02,
    4.59952179e+02, 1.76665756e+02, 4.79456757e+02, 1.69938202e+02 ]
CalibrationFramePatternWorld: [ 0., 0., 0., 0., 2.70000007e-02, 0., 0.,
    5.40000014e-02, 0., 0., 8.10000002e-02, 0., 0., 1.08000003e-01, 0.,
    0., 1.35000005e-01, 0., 0., 1.62000000e-01, 0., 2.70000007e-02, 0.,
    0., 2.70000007e-02, 2.70000007e-02, 0., 2.70000007e-02,
    5.40000014e-02, 0., 2.70000007e-02, 8.10000002e-02, 0.,
    2.70000007e-02, 1.08000003e-01, 0., 2.70000007e-02, 1.35000005e-01,
    0., 2.70000007e-02, 1.62000000e-01, 0., 5.40000014e-02, 0., 0.,
    5.40000014e-02, 2.70000007e-02, 0., 5.40000014e-02, 5.40000014e-02,
    0., 5.40000014e-02, 8.10000002e-02, 0., 5.40000014e-02,
    1.08000003e-01, 0., 5.40000014e-02, 1.35000005e-01, 0.,
    5.40000014e-02, 1.62000000e-01, 0., 8.10000002e-02, 0., 0.,
    8.10000002e-02, 2.70000007e-02, 0., 8.10000002e-02, 5.40000014e-02,
    0., 8.10000002e-02, 8.10000002e-02, 0., 8.10000002e-02,
    1.08000003e-01, 0., 8.10000002e-02, 1.35000005e-01, 0.,
    8.10000002e-02, 1.62000000e-01, 0., 1.08000003e-01, 0., 0.,
    1.08000003e-01, 2.70000007e-02, 0., 1.08000003e-01, 5.40000014e-02,
    0., 1.08000003e-01, 8.10000002e-02, 0., 1.08000003e-01,
    1.08000003e-01, 0., 1.08000003e-01, 1.35000005e-01, 0.,
    1.08000003e-01, 1.62000000e-01, 0. ]
CalibrationFrameExtRotation: !!opencv-matrix
   rows: 3
   cols: 1
   dt: d
   data: [ 2.3687993502318547e+00, 1.6766969456418537e+00,
       2.8939710261330137e-01 ]
CalibrationFrameExtTranslation: !!opencv-matrix
   rows: 3
   cols: 1
   dt: d
   data: [ 6.2694740812429650e-02, -1.6675780437017906e-01,
       8.4258898728126064e-01 ]
CalibrationFrameRMSerror: 2.4784481525421143e-01
