%YAML:1.0
---
CalibrationFramePatternImage: [ 5.00711151e+02, 1.66208817e+02,
    5.18541809e+02, 1.71365082e+02, 5.36243286e+02, 1.76720627e+02,
    5.53761719e+02, 1.81813904e+02, 5.71511414e+02, 1.86918335e+02,
    5.88415039e+02, 1.92114349e+02, 6.05589539e+02, 1.97340210e+02,
    4.96276520e+02, 1.84395905e+02, 5.14394287e+02, 1.89406754e+02,
    5.32100525e+02, 1.94629776e+02, 5.49941650e+02, 1.99959183e+02,
    5.67227600e+02, 2.04960831e+02, 5.84570190e+02, 2.10168716e+02,
    6.01436829e+02, 2.15100327e+02, 4.91958191e+02, 2.02226379e+02,
    5.09900177e+02, 2.07366806e+02, 5.27776917e+02, 2.12547363e+02,
    5.45314941e+02, 2.17673233e+02, 5.63272217e+02, 2.22744522e+02,
    5.80369507e+02, 2.27901749e+02, 5.97595886e+02, 2.32859665e+02,
    4.87249207e+02, 2.20217667e+02, 5.05487610e+02, 2.25476013e+02,
    5.23354858e+02, 2.30590134e+02, 5.41282471e+02, 2.35724869e+02,
    5.58738159e+02, 2.40731949e+02, 5.76414307e+02, 2.45929276e+02,
    5.93542419e+02, 2.50978912e+02, 4.82739349e+02, 2.38427628e+02,
    5.00739136e+02, 2.43689545e+02, 5.18908875e+02, 2.48765076e+02,
    5.36662048e+02, 2.53733627e+02, 5.54504700e+02, 2.58919312e+02,
    5.71742981e+02, 2.63886261e+02, 5.89417725e+02, 2.69014008e+02 ]
CalibrationFramePatternWorld: [ 0., 0., 0., 0., 2.70000007e-02, 0., 0.,
    5.40000014e-02, 0., 0., 8.10000002e-02, 0., 0., 1.08000003e-01, 0.,
    0., 1.35000005e-01, 0., 0., 1.62000000e-01, 0., 2.70000007e-02, 0.,
    0., 2.70000007e-02, 2.70000007e-02, 0., 2.70000007e-02,
    5.40000014e-02, 0., 2.70000007e-02, 8.10000002e-02, 0.,
    2.70000007e-02, 1.08000003e-01, 0., 2.70000007e-02, 1.35000005e-01,
    0., 2.70000007e-02, 1.62000000e-01, 0., 5.40000014e-02, 0., 0.,
    5.40000014e-02, 2.70000007e-02, 0., 5.40000014e-02, 5.40000014e-02,
    0., 5.40000014e-02, 8.10000002e-02, 0., 5.40000014e-02,
    1.08000003e-01, 0., 5.40000014e-02, 1.35000005e-01, 0.,
    5.40000014e-02, 1.62000000e-01, 0., 8.10000002e-02, 0., 0.,
    8.10000002e-02, 2.70000007e-02, 0., 8.10000002e-02, 5.40000014e-02,
    0., 8.10000002e-02, 8.10000002e-02, 0., 8.10000002e-02,
    1.08000003e-01, 0., 8.10000002e-02, 1.35000005e-01, 0.,
    8.10000002e-02, 1.62000000e-01, 0., 1.08000003e-01, 0., 0.,
    1.08000003e-01, 2.70000007e-02, 0., 1.08000003e-01, 5.40000014e-02,
    0., 1.08000003e-01, 8.10000002e-02, 0., 1.08000003e-01,
    1.08000003e-01, 0., 1.08000003e-01, 1.35000005e-01, 0.,
    1.08000003e-01, 1.62000000e-01, 0. ]
CalibrationFrameExtRotation: !!opencv-matrix
   rows: 3
   cols: 1
   dt: d
   data: [ 1.9141436841297554e+00, 2.5223349908621580e+00,
       -1.6089641124143320e-01 ]
CalibrationFrameExtTranslation: !!opencv-matrix
   rows: 3
   cols: 1
   dt: d
   data: [ 3.4104016798729364e-01, -1.5467116919604176e-01,
       1.1332005338428663e+00 ]
CalibrationFrameRMSerror: 1.6845595836639404e-01
