%YAML:1.0
---
CalibrationFramePatternImage: [ 4.59514221e+02, 2.80211731e+02,
    4.77727112e+02, 2.79534363e+02, 4.95623566e+02, 2.79007904e+02,
    5.13301392e+02, 2.78417389e+02, 5.30699829e+02, 2.77772583e+02,
    5.47654236e+02, 2.76982666e+02, 5.64549561e+02, 2.76532410e+02,
    4.60332611e+02, 2.99481720e+02, 4.78649689e+02, 2.98780151e+02,
    4.96420990e+02, 2.98163361e+02, 5.14047852e+02, 2.97410156e+02,
    5.31427063e+02, 2.96379120e+02, 5.48471863e+02, 2.95934265e+02,
    5.65107910e+02, 2.94990021e+02, 4.61054657e+02, 3.18591888e+02,
    4.79036713e+02, 3.17717865e+02, 4.97184448e+02, 3.17038391e+02,
    5.14654175e+02, 3.16187531e+02, 5.32159790e+02, 3.15289825e+02,
    5.49195862e+02, 3.14261017e+02, 5.65861145e+02, 3.13550446e+02,
    4.61464691e+02, 3.37387695e+02, 4.79954437e+02, 3.36700775e+02,
    4.97453796e+02, 3.35670441e+02, 5.15315308e+02, 3.34481232e+02,
    5.32613342e+02, 3.33632111e+02, 5.49863647e+02, 3.32813019e+02,
    5.66534485e+02, 3.31678162e+02, 4.62178589e+02, 3.56268372e+02,
    4.80128418e+02, 3.55060394e+02, 4.97769562e+02, 3.53765900e+02,
    5.15700745e+02, 3.53284393e+02, 5.33211426e+02, 3.52147186e+02,
    5.49976929e+02, 3.50980835e+02, 5.66943726e+02, 3.49903259e+02 ]
CalibrationFramePatternWorld: [ 0., 0., 0., 0., 2.70000007e-02, 0., 0.,
    5.40000014e-02, 0., 0., 8.10000002e-02, 0., 0., 1.08000003e-01, 0.,
    0., 1.35000005e-01, 0., 0., 1.62000000e-01, 0., 2.70000007e-02, 0.,
    0., 2.70000007e-02, 2.70000007e-02, 0., 2.70000007e-02,
    5.40000014e-02, 0., 2.70000007e-02, 8.10000002e-02, 0.,
    2.70000007e-02, 1.08000003e-01, 0., 2.70000007e-02, 1.35000005e-01,
    0., 2.70000007e-02, 1.62000000e-01, 0., 5.40000014e-02, 0., 0.,
    5.40000014e-02, 2.70000007e-02, 0., 5.40000014e-02, 5.40000014e-02,
    0., 5.40000014e-02, 8.10000002e-02, 0., 5.40000014e-02,
    1.08000003e-01, 0., 5.40000014e-02, 1.35000005e-01, 0.,
    5.40000014e-02, 1.62000000e-01, 0., 8.10000002e-02, 0., 0.,
    8.10000002e-02, 2.70000007e-02, 0., 8.10000002e-02, 5.40000014e-02,
    0., 8.10000002e-02, 8.10000002e-02, 0., 8.10000002e-02,
    1.08000003e-01, 0., 8.10000002e-02, 1.35000005e-01, 0.,
    8.10000002e-02, 1.62000000e-01, 0., 1.08000003e-01, 0., 0.,
    1.08000003e-01, 2.70000007e-02, 0., 1.08000003e-01, 5.40000014e-02,
    0., 1.08000003e-01, 8.10000002e-02, 0., 1.08000003e-01,
    1.08000003e-01, 0., 1.08000003e-01, 1.35000005e-01, 0.,
    1.08000003e-01, 1.62000000e-01, 0. ]
CalibrationFrameExtRotation: !!opencv-matrix
   rows: 3
   cols: 1
   dt: d
   data: [ 2.2049769908607075e+00, 2.1359488765913315e+00,
       1.7030383149847568e-02 ]
CalibrationFrameExtTranslation: !!opencv-matrix
   rows: 3
   cols: 1
   dt: d
   data: [ 2.8098855120584565e-01, 8.3143847366658162e-03,
       1.1394629673742733e+00 ]
CalibrationFrameRMSerror: 2.1405339241027832e-01
