%YAML:1.0
---
CalibrationFramePatternImage: [ 2.78980927e+02, 3.21030060e+02,
    2.97479309e+02, 3.16282928e+02, 3.15461517e+02, 3.11758606e+02,
    3.33060181e+02, 3.07211853e+02, 3.50848999e+02, 3.02567413e+02,
    3.68237671e+02, 2.98054504e+02, 3.85474487e+02, 2.93426544e+02,
    2.84363220e+02, 3.39331970e+02, 3.02440643e+02, 3.34700134e+02,
    3.20398102e+02, 3.30059448e+02, 3.38500244e+02, 3.25309814e+02,
    3.55817780e+02, 3.20653717e+02, 3.73565460e+02, 3.15735931e+02,
    3.90601257e+02, 3.11381226e+02, 2.89453339e+02, 3.57397217e+02,
    3.07415588e+02, 3.52756165e+02, 3.25798004e+02, 3.48085724e+02,
    3.43375000e+02, 3.43223297e+02, 3.61193024e+02, 3.38375702e+02,
    3.78390961e+02, 3.33741943e+02, 3.95816193e+02, 3.28831696e+02,
    2.94072906e+02, 3.75717438e+02, 3.12309723e+02, 3.70695435e+02,
    3.30442108e+02, 3.66046753e+02, 3.48348663e+02, 3.61200165e+02,
    3.65988556e+02, 3.56171417e+02, 3.83600189e+02, 3.51335968e+02,
    4.00768188e+02, 3.46657104e+02, 2.99263855e+02, 3.93662262e+02,
    3.17260590e+02, 3.88976227e+02, 3.35543823e+02, 3.83886627e+02,
    3.53152435e+02, 3.79234344e+02, 3.71245514e+02, 3.74164185e+02,
    3.88669250e+02, 3.69268951e+02, 4.06031067e+02, 3.64277008e+02 ]
CalibrationFramePatternWorld: [ 0., 0., 0., 0., 2.70000007e-02, 0., 0.,
    5.40000014e-02, 0., 0., 8.10000002e-02, 0., 0., 1.08000003e-01, 0.,
    0., 1.35000005e-01, 0., 0., 1.62000000e-01, 0., 2.70000007e-02, 0.,
    0., 2.70000007e-02, 2.70000007e-02, 0., 2.70000007e-02,
    5.40000014e-02, 0., 2.70000007e-02, 8.10000002e-02, 0.,
    2.70000007e-02, 1.08000003e-01, 0., 2.70000007e-02, 1.35000005e-01,
    0., 2.70000007e-02, 1.62000000e-01, 0., 5.40000014e-02, 0., 0.,
    5.40000014e-02, 2.70000007e-02, 0., 5.40000014e-02, 5.40000014e-02,
    0., 5.40000014e-02, 8.10000002e-02, 0., 5.40000014e-02,
    1.08000003e-01, 0., 5.40000014e-02, 1.35000005e-01, 0.,
    5.40000014e-02, 1.62000000e-01, 0., 8.10000002e-02, 0., 0.,
    8.10000002e-02, 2.70000007e-02, 0., 8.10000002e-02, 5.40000014e-02,
    0., 8.10000002e-02, 8.10000002e-02, 0., 8.10000002e-02,
    1.08000003e-01, 0., 8.10000002e-02, 1.35000005e-01, 0.,
    8.10000002e-02, 1.62000000e-01, 0., 1.08000003e-01, 0., 0.,
    1.08000003e-01, 2.70000007e-02, 0., 1.08000003e-01, 5.40000014e-02,
    0., 1.08000003e-01, 8.10000002e-02, 0., 1.08000003e-01,
    1.08000003e-01, 0., 1.08000003e-01, 1.35000005e-01, 0.,
    1.08000003e-01, 1.62000000e-01, 0. ]
CalibrationFrameExtRotation: !!opencv-matrix
   rows: 3
   cols: 1
   dt: d
   data: [ 2.3209409986979073e+00, 1.7951392774059467e+00,
       -1.0700796109876922e-02 ]
CalibrationFrameExtTranslation: !!opencv-matrix
   rows: 3
   cols: 1
   dt: d
   data: [ 2.8819819229774689e-02, 6.6467198469608357e-02,
       1.1671060578242298e+00 ]
CalibrationFrameRMSerror: 1.9134201109409332e-01
