%YAML:1.0
---
CalibrationFramePatternImage: [ 1.18985672e+02, 2.72530304e+02,
    1.41836411e+02, 2.78342072e+02, 1.64950714e+02, 2.83986389e+02,
    1.87994476e+02, 2.89547852e+02, 2.10989853e+02, 2.95251038e+02,
    2.34248657e+02, 3.00846771e+02, 2.56900208e+02, 3.06368530e+02,
    1.14374092e+02, 2.93532043e+02, 1.37343796e+02, 2.99141632e+02,
    1.59920547e+02, 3.04745422e+02, 1.82709915e+02, 3.10195251e+02,
    2.05426773e+02, 3.15760681e+02, 2.28536575e+02, 3.21188721e+02,
    2.51032394e+02, 3.26483398e+02, 1.10372330e+02, 3.13662018e+02,
    1.32730942e+02, 3.19114990e+02, 1.55479004e+02, 3.24356293e+02,
    1.78056213e+02, 3.29630463e+02, 2.00579865e+02, 3.35276276e+02,
    2.22990829e+02, 3.40596527e+02, 2.45550842e+02, 3.45435455e+02,
    1.06415604e+02, 3.33008820e+02, 1.28738876e+02, 3.38199554e+02,
    1.51024429e+02, 3.43578674e+02, 1.73412460e+02, 3.49000397e+02,
    1.95521042e+02, 3.54206116e+02, 2.17853577e+02, 3.59324127e+02,
    2.40122910e+02, 3.64388123e+02, 1.02855194e+02, 3.51708038e+02,
    1.24716972e+02, 3.57091064e+02, 1.46779968e+02, 3.62236420e+02,
    1.68823868e+02, 3.67408447e+02, 1.90702591e+02, 3.72541931e+02,
    2.12796982e+02, 3.77800018e+02, 2.34927994e+02, 3.82739777e+02 ]
CalibrationFramePatternWorld: [ 0., 0., 0., 0., 2.70000007e-02, 0., 0.,
    5.40000014e-02, 0., 0., 8.10000002e-02, 0., 0., 1.08000003e-01, 0.,
    0., 1.35000005e-01, 0., 0., 1.62000000e-01, 0., 2.70000007e-02, 0.,
    0., 2.70000007e-02, 2.70000007e-02, 0., 2.70000007e-02,
    5.40000014e-02, 0., 2.70000007e-02, 8.10000002e-02, 0.,
    2.70000007e-02, 1.08000003e-01, 0., 2.70000007e-02, 1.35000005e-01,
    0., 2.70000007e-02, 1.62000000e-01, 0., 5.40000014e-02, 0., 0.,
    5.40000014e-02, 2.70000007e-02, 0., 5.40000014e-02, 5.40000014e-02,
    0., 5.40000014e-02, 8.10000002e-02, 0., 5.40000014e-02,
    1.08000003e-01, 0., 5.40000014e-02, 1.35000005e-01, 0.,
    5.40000014e-02, 1.62000000e-01, 0., 8.10000002e-02, 0., 0.,
    8.10000002e-02, 2.70000007e-02, 0., 8.10000002e-02, 5.40000014e-02,
    0., 8.10000002e-02, 8.10000002e-02, 0., 8.10000002e-02,
    1.08000003e-01, 0., 8.10000002e-02, 1.35000005e-01, 0.,
    8.10000002e-02, 1.62000000e-01, 0., 1.08000003e-01, 0., 0.,
    1.08000003e-01, 2.70000007e-02, 0., 1.08000003e-01, 5.40000014e-02,
    0., 1.08000003e-01, 8.10000002e-02, 0., 1.08000003e-01,
    1.08000003e-01, 0., 1.08000003e-01, 1.35000005e-01, 0.,
    1.08000003e-01, 1.62000000e-01, 0. ]
CalibrationFrameExtRotation: !!opencv-matrix
   rows: 3
   cols: 1
   dt: d
   data: [ -1.7257366983735076e+00, -2.2417493469375023e+00,
       -4.7338627838847358e-01 ]
CalibrationFrameExtTranslation: !!opencv-matrix
   rows: 3
   cols: 1
   dt: d
   data: [ -1.5853781109972861e-01, -1.8307250410737827e-03,
       9.2454151277150576e-01 ]
CalibrationFrameRMSerror: 2.3953410983085632e-01
