%YAML:1.0
---
CalibrationFramePatternImage: [ 1.38774277e+02, 3.48800781e+02,
    1.54681976e+02, 3.43720428e+02, 1.70816208e+02, 3.38639984e+02,
    1.86966080e+02, 3.33415741e+02, 2.03380447e+02, 3.27869598e+02,
    2.19804199e+02, 3.22527588e+02, 2.36629150e+02, 3.17209106e+02,
    1.44708511e+02, 3.64900726e+02, 1.60870941e+02, 3.59610474e+02,
    1.76807709e+02, 3.54643677e+02, 1.92964172e+02, 3.49626312e+02,
    2.09282852e+02, 3.44381134e+02, 2.25897446e+02, 3.39225464e+02,
    2.42381775e+02, 3.33894867e+02, 1.51195709e+02, 3.80246582e+02,
    1.66848816e+02, 3.75321259e+02, 1.82856766e+02, 3.70442780e+02,
    1.98895508e+02, 3.65326172e+02, 2.15430527e+02, 3.60533051e+02,
    2.31697464e+02, 3.55262726e+02, 2.48430359e+02, 3.49830597e+02,
    1.56875946e+02, 3.95448822e+02, 1.72845673e+02, 3.90654633e+02,
    1.88603638e+02, 3.85879822e+02, 2.04950882e+02, 3.80885101e+02,
    2.21186920e+02, 3.75908325e+02, 2.37586884e+02, 3.71105103e+02,
    2.53822800e+02, 3.66133423e+02, 1.62941788e+02, 4.10394135e+02,
    1.78522476e+02, 4.05836121e+02, 1.94730438e+02, 4.01169220e+02,
    2.10690994e+02, 3.96350830e+02, 2.26962021e+02, 3.91622589e+02,
    2.43259308e+02, 3.86827118e+02, 2.59662506e+02, 3.81758179e+02 ]
CalibrationFramePatternWorld: [ 0., 0., 0., 0., 2.70000007e-02, 0., 0.,
    5.40000014e-02, 0., 0., 8.10000002e-02, 0., 0., 1.08000003e-01, 0.,
    0., 1.35000005e-01, 0., 0., 1.62000000e-01, 0., 2.70000007e-02, 0.,
    0., 2.70000007e-02, 2.70000007e-02, 0., 2.70000007e-02,
    5.40000014e-02, 0., 2.70000007e-02, 8.10000002e-02, 0.,
    2.70000007e-02, 1.08000003e-01, 0., 2.70000007e-02, 1.35000005e-01,
    0., 2.70000007e-02, 1.62000000e-01, 0., 5.40000014e-02, 0., 0.,
    5.40000014e-02, 2.70000007e-02, 0., 5.40000014e-02, 5.40000014e-02,
    0., 5.40000014e-02, 8.10000002e-02, 0., 5.40000014e-02,
    1.08000003e-01, 0., 5.40000014e-02, 1.35000005e-01, 0.,
    5.40000014e-02, 1.62000000e-01, 0., 8.10000002e-02, 0., 0.,
    8.10000002e-02, 2.70000007e-02, 0., 8.10000002e-02, 5.40000014e-02,
    0., 8.10000002e-02, 8.10000002e-02, 0., 8.10000002e-02,
    1.08000003e-01, 0., 8.10000002e-02, 1.35000005e-01, 0.,
    8.10000002e-02, 1.62000000e-01, 0., 1.08000003e-01, 0., 0.,
    1.08000003e-01, 2.70000007e-02, 0., 1.08000003e-01, 5.40000014e-02,
    0., 1.08000003e-01, 8.10000002e-02, 0., 1.08000003e-01,
    1.08000003e-01, 0., 1.08000003e-01, 1.35000005e-01, 0.,
    1.08000003e-01, 1.62000000e-01, 0. ]
CalibrationFrameExtRotation: !!opencv-matrix
   rows: 3
   cols: 1
   dt: d
   data: [ -2.4152318555762995e+00, -1.7307598647870528e+00,
       -7.1240810386848624e-02 ]
CalibrationFrameExtTranslation: !!opencv-matrix
   rows: 3
   cols: 1
   dt: d
   data: [ -1.8657108895608310e-01, 1.1662695115294461e-01,
       1.2700259403886864e+00 ]
CalibrationFrameRMSerror: 2.2962212562561035e-01
