%YAML:1.0
---
CalibrationFramePatternImage: [ 3.90962952e+02, 1.55423050e+02,
    4.15125580e+02, 1.64467438e+02, 4.38946320e+02, 1.73704742e+02,
    4.62666138e+02, 1.82976364e+02, 4.86382050e+02, 1.92209839e+02,
    5.09496796e+02, 2.01359436e+02, 5.32592529e+02, 2.10575485e+02,
    3.81773315e+02, 1.79235443e+02, 4.06280579e+02, 1.88441422e+02,
    4.29930054e+02, 1.97490509e+02, 4.54080383e+02, 2.06805710e+02,
    4.77358215e+02, 2.15883972e+02, 5.00751282e+02, 2.25116623e+02,
    5.23742371e+02, 2.34233261e+02, 3.72901306e+02, 2.02709351e+02,
    3.97050507e+02, 2.12121368e+02, 4.21126190e+02, 2.21284546e+02,
    4.44753510e+02, 2.30439896e+02, 4.68449066e+02, 2.39738052e+02,
    4.91738861e+02, 2.48855240e+02, 5.14721008e+02, 2.57942535e+02,
    3.63702820e+02, 2.26293442e+02, 3.87964539e+02, 2.35764694e+02,
    4.11727875e+02, 2.44920654e+02, 4.35583801e+02, 2.54189056e+02,
    4.59227417e+02, 2.63232697e+02, 4.82631805e+02, 2.72504395e+02,
    5.05405518e+02, 2.81419342e+02, 3.54191895e+02, 2.49915894e+02,
    3.78474030e+02, 2.59135040e+02, 4.02289154e+02, 2.68525696e+02,
    4.25986633e+02, 2.77532349e+02, 4.49750366e+02, 2.86872314e+02,
    4.72902039e+02, 2.95996674e+02, 4.96113129e+02, 3.04878082e+02 ]
CalibrationFramePatternWorld: [ 0., 0., 0., 0., 2.70000007e-02, 0., 0.,
    5.40000014e-02, 0., 0., 8.10000002e-02, 0., 0., 1.08000003e-01, 0.,
    0., 1.35000005e-01, 0., 0., 1.62000000e-01, 0., 2.70000007e-02, 0.,
    0., 2.70000007e-02, 2.70000007e-02, 0., 2.70000007e-02,
    5.40000014e-02, 0., 2.70000007e-02, 8.10000002e-02, 0.,
    2.70000007e-02, 1.08000003e-01, 0., 2.70000007e-02, 1.35000005e-01,
    0., 2.70000007e-02, 1.62000000e-01, 0., 5.40000014e-02, 0., 0.,
    5.40000014e-02, 2.70000007e-02, 0., 5.40000014e-02, 5.40000014e-02,
    0., 5.40000014e-02, 8.10000002e-02, 0., 5.40000014e-02,
    1.08000003e-01, 0., 5.40000014e-02, 1.35000005e-01, 0.,
    5.40000014e-02, 1.62000000e-01, 0., 8.10000002e-02, 0., 0.,
    8.10000002e-02, 2.70000007e-02, 0., 8.10000002e-02, 5.40000014e-02,
    0., 8.10000002e-02, 8.10000002e-02, 0., 8.10000002e-02,
    1.08000003e-01, 0., 8.10000002e-02, 1.35000005e-01, 0.,
    8.10000002e-02, 1.62000000e-01, 0., 1.08000003e-01, 0., 0.,
    1.08000003e-01, 2.70000007e-02, 0., 1.08000003e-01, 5.40000014e-02,
    0., 1.08000003e-01, 8.10000002e-02, 0., 1.08000003e-01,
    1.08000003e-01, 0., 1.08000003e-01, 1.35000005e-01, 0.,
    1.08000003e-01, 1.62000000e-01, 0. ]
CalibrationFrameExtRotation: !!opencv-matrix
   rows: 3
   cols: 1
   dt: d
   data: [ 1.8345038285758708e+00, 2.6711484685556677e+00,
       -1.6887239735118405e-02 ]
CalibrationFrameExtTranslation: !!opencv-matrix
   rows: 3
   cols: 1
   dt: d
   data: [ 1.3853713439286078e-01, -1.2649774709817496e-01,
       8.5551890231107941e-01 ]
CalibrationFrameRMSerror: 2.1752707660198212e-01
