%YAML:1.0
---
CalibrationFramePatternImage: [ 2.62844513e+02, 9.29047546e+01,
    2.79857727e+02, 8.77157135e+01, 2.97099792e+02, 8.23718872e+01,
    3.13633545e+02, 7.71156006e+01, 3.30417480e+02, 7.21634293e+01,
    3.46487549e+02, 6.72701416e+01, 3.62382080e+02, 6.23863716e+01,
    2.69366547e+02, 1.10333496e+02, 2.86877136e+02, 1.04731392e+02,
    3.03708344e+02, 9.94097214e+01, 3.20546692e+02, 9.41057663e+01,
    3.36702423e+02, 8.89774094e+01, 3.53218811e+02, 8.38660583e+01,
    3.68838867e+02, 7.91663284e+01, 2.76374603e+02, 1.27645157e+02,
    2.93256653e+02, 1.21998672e+02, 3.10539581e+02, 1.16551094e+02,
    3.26898468e+02, 1.10954483e+02, 3.43501343e+02, 1.05746933e+02,
    3.59503448e+02, 1.00588196e+02, 3.75601013e+02, 9.53900223e+01,
    2.82603241e+02, 1.45106003e+02, 3.00026276e+02, 1.39157318e+02,
    3.16888428e+02, 1.33393875e+02, 3.33491943e+02, 1.27921165e+02,
    3.49956360e+02, 1.22481972e+02, 3.66575623e+02, 1.17225029e+02,
    3.82300812e+02, 1.11667763e+02, 2.89707581e+02, 1.62282623e+02,
    3.06601471e+02, 1.56508865e+02, 3.23603943e+02, 1.50536072e+02,
    3.40313751e+02, 1.44804184e+02, 3.56650299e+02, 1.39294540e+02,
    3.72775085e+02, 1.33704391e+02, 3.88987701e+02, 1.28341293e+02 ]
CalibrationFramePatternWorld: [ 0., 0., 0., 0., 2.70000007e-02, 0., 0.,
    5.40000014e-02, 0., 0., 8.10000002e-02, 0., 0., 1.08000003e-01, 0.,
    0., 1.35000005e-01, 0., 0., 1.62000000e-01, 0., 2.70000007e-02, 0.,
    0., 2.70000007e-02, 2.70000007e-02, 0., 2.70000007e-02,
    5.40000014e-02, 0., 2.70000007e-02, 8.10000002e-02, 0.,
    2.70000007e-02, 1.08000003e-01, 0., 2.70000007e-02, 1.35000005e-01,
    0., 2.70000007e-02, 1.62000000e-01, 0., 5.40000014e-02, 0., 0.,
    5.40000014e-02, 2.70000007e-02, 0., 5.40000014e-02, 5.40000014e-02,
    0., 5.40000014e-02, 8.10000002e-02, 0., 5.40000014e-02,
    1.08000003e-01, 0., 5.40000014e-02, 1.35000005e-01, 0.,
    5.40000014e-02, 1.62000000e-01, 0., 8.10000002e-02, 0., 0.,
    8.10000002e-02, 2.70000007e-02, 0., 8.10000002e-02, 5.40000014e-02,
    0., 8.10000002e-02, 8.10000002e-02, 0., 8.10000002e-02,
    1.08000003e-01, 0., 8.10000002e-02, 1.35000005e-01, 0.,
    8.10000002e-02, 1.62000000e-01, 0., 1.08000003e-01, 0., 0.,
    1.08000003e-01, 2.70000007e-02, 0., 1.08000003e-01, 5.40000014e-02,
    0., 1.08000003e-01, 8.10000002e-02, 0., 1.08000003e-01,
    1.08000003e-01, 0., 1.08000003e-01, 1.35000005e-01, 0.,
    1.08000003e-01, 1.62000000e-01, 0. ]
CalibrationFrameExtRotation: !!opencv-matrix
   rows: 3
   cols: 1
   dt: d
   data: [ 2.4485602750997120e+00, 1.6897668506035035e+00,
       2.0778006604085147e-01 ]
CalibrationFrameExtTranslation: !!opencv-matrix
   rows: 3
   cols: 1
   dt: d
   data: [ 5.6153522708950795e-03, -2.6269192752764481e-01,
       1.1653550959227270e+00 ]
CalibrationFrameRMSerror: 2.1307033300399780e-01
