%YAML:1.0
---
CalibrationFramePatternImage: [ 2.65426605e+02, 1.57513107e+02,
    2.82670746e+02, 1.51409561e+02, 2.99999298e+02, 1.45305679e+02,
    3.16993408e+02, 1.39217117e+02, 3.34098114e+02, 1.33089325e+02,
    3.50878540e+02, 1.27232613e+02, 3.67656219e+02, 1.21321136e+02,
    2.71935333e+02, 1.74916885e+02, 2.89048767e+02, 1.68657852e+02,
    3.06312592e+02, 1.62435196e+02, 3.23425598e+02, 1.56240891e+02,
    3.40215576e+02, 1.50146591e+02, 3.57031616e+02, 1.44252869e+02,
    3.73518066e+02, 1.38391968e+02, 2.78240479e+02, 1.92092468e+02,
    2.95242767e+02, 1.85832138e+02, 3.12575928e+02, 1.79444672e+02,
    3.29486420e+02, 1.73078598e+02, 3.46525543e+02, 1.67271164e+02,
    3.63343170e+02, 1.61272522e+02, 3.80087646e+02, 1.55108078e+02,
    2.84399261e+02, 2.09067368e+02, 3.01766205e+02, 2.02709000e+02,
    3.18647156e+02, 1.96458801e+02, 3.35808746e+02, 1.90292557e+02,
    3.52631866e+02, 1.84013092e+02, 3.69647522e+02, 1.77853699e+02,
    3.86166321e+02, 1.71934738e+02, 2.90971222e+02, 2.26143875e+02,
    3.07891296e+02, 2.19635559e+02, 3.25014465e+02, 2.13286484e+02,
    3.41970917e+02, 2.07128815e+02, 3.58726654e+02, 2.00724350e+02,
    3.75710022e+02, 1.94724503e+02, 3.92255737e+02, 1.88491028e+02 ]
CalibrationFramePatternWorld: [ 0., 0., 0., 0., 2.70000007e-02, 0., 0.,
    5.40000014e-02, 0., 0., 8.10000002e-02, 0., 0., 1.08000003e-01, 0.,
    0., 1.35000005e-01, 0., 0., 1.62000000e-01, 0., 2.70000007e-02, 0.,
    0., 2.70000007e-02, 2.70000007e-02, 0., 2.70000007e-02,
    5.40000014e-02, 0., 2.70000007e-02, 8.10000002e-02, 0.,
    2.70000007e-02, 1.08000003e-01, 0., 2.70000007e-02, 1.35000005e-01,
    0., 2.70000007e-02, 1.62000000e-01, 0., 5.40000014e-02, 0., 0.,
    5.40000014e-02, 2.70000007e-02, 0., 5.40000014e-02, 5.40000014e-02,
    0., 5.40000014e-02, 8.10000002e-02, 0., 5.40000014e-02,
    1.08000003e-01, 0., 5.40000014e-02, 1.35000005e-01, 0.,
    5.40000014e-02, 1.62000000e-01, 0., 8.10000002e-02, 0., 0.,
    8.10000002e-02, 2.70000007e-02, 0., 8.10000002e-02, 5.40000014e-02,
    0., 8.10000002e-02, 8.10000002e-02, 0., 8.10000002e-02,
    1.08000003e-01, 0., 8.10000002e-02, 1.35000005e-01, 0.,
    8.10000002e-02, 1.62000000e-01, 0., 1.08000003e-01, 0., 0.,
    1.08000003e-01, 2.70000007e-02, 0., 1.08000003e-01, 5.40000014e-02,
    0., 1.08000003e-01, 8.10000002e-02, 0., 1.08000003e-01,
    1.08000003e-01, 0., 1.08000003e-01, 1.35000005e-01, 0.,
    1.08000003e-01, 1.62000000e-01, 0. ]
CalibrationFrameExtRotation: !!opencv-matrix
   rows: 3
   cols: 1
   dt: d
   data: [ 2.6004158995780102e+00, 1.8020828029860001e+00,
       1.8076579513512994e-01 ]
CalibrationFrameExtTranslation: !!opencv-matrix
   rows: 3
   cols: 1
   dt: d
   data: [ 9.6813603313549677e-03, -1.7303100461894716e-01,
       1.2015872113064159e+00 ]
CalibrationFrameRMSerror: 1.6066688299179077e-01
