%YAML:1.0
---
CalibrationFramePatternImage: [ 1.26382874e+02, 1.98854965e+02,
    1.42737015e+02, 2.05134064e+02, 1.59614044e+02, 2.11351959e+02,
    1.76432739e+02, 2.17650604e+02, 1.93386673e+02, 2.23956055e+02,
    2.10722351e+02, 2.30477524e+02, 2.28064667e+02, 2.37057556e+02,
    1.21368248e+02, 2.16027313e+02, 1.37845367e+02, 2.22269089e+02,
    1.54452820e+02, 2.28586853e+02, 1.71348267e+02, 2.34999847e+02,
    1.88112366e+02, 2.41243942e+02, 2.05283310e+02, 2.47747269e+02,
    2.22465012e+02, 2.54252686e+02, 1.16960777e+02, 2.32501266e+02,
    1.33222855e+02, 2.38961975e+02, 1.49794952e+02, 2.45277725e+02,
    1.66342148e+02, 2.51552032e+02, 1.83164215e+02, 2.58214844e+02,
    2.00077408e+02, 2.64508789e+02, 2.17321014e+02, 2.70851074e+02,
    1.12409157e+02, 2.49036484e+02, 1.28651398e+02, 2.55273056e+02,
    1.45083176e+02, 2.61658569e+02, 1.61565979e+02, 2.67993378e+02,
    1.78205765e+02, 2.74531616e+02, 1.95191360e+02, 2.81030121e+02,
    2.12023727e+02, 2.87655823e+02, 1.08504494e+02, 2.65269867e+02,
    1.24674553e+02, 2.71525940e+02, 1.40658859e+02, 2.77980042e+02,
    1.57042740e+02, 2.84415070e+02, 1.73759872e+02, 2.90881897e+02,
    1.90438324e+02, 2.97558258e+02, 2.07229919e+02, 3.04067139e+02 ]
CalibrationFramePatternWorld: [ 0., 0., 0., 0., 2.70000007e-02, 0., 0.,
    5.40000014e-02, 0., 0., 8.10000002e-02, 0., 0., 1.08000003e-01, 0.,
    0., 1.35000005e-01, 0., 0., 1.62000000e-01, 0., 2.70000007e-02, 0.,
    0., 2.70000007e-02, 2.70000007e-02, 0., 2.70000007e-02,
    5.40000014e-02, 0., 2.70000007e-02, 8.10000002e-02, 0.,
    2.70000007e-02, 1.08000003e-01, 0., 2.70000007e-02, 1.35000005e-01,
    0., 2.70000007e-02, 1.62000000e-01, 0., 5.40000014e-02, 0., 0.,
    5.40000014e-02, 2.70000007e-02, 0., 5.40000014e-02, 5.40000014e-02,
    0., 5.40000014e-02, 8.10000002e-02, 0., 5.40000014e-02,
    1.08000003e-01, 0., 5.40000014e-02, 1.35000005e-01, 0.,
    5.40000014e-02, 1.62000000e-01, 0., 8.10000002e-02, 0., 0.,
    8.10000002e-02, 2.70000007e-02, 0., 8.10000002e-02, 5.40000014e-02,
    0., 8.10000002e-02, 8.10000002e-02, 0., 8.10000002e-02,
    1.08000003e-01, 0., 8.10000002e-02, 1.35000005e-01, 0.,
    8.10000002e-02, 1.62000000e-01, 0., 1.08000003e-01, 0., 0.,
    1.08000003e-01, 2.70000007e-02, 0., 1.08000003e-01, 5.40000014e-02,
    0., 1.08000003e-01, 8.10000002e-02, 0., 1.08000003e-01,
    1.08000003e-01, 0., 1.08000003e-01, 1.35000005e-01, 0.,
    1.08000003e-01, 1.62000000e-01, 0. ]
CalibrationFrameExtRotation: !!opencv-matrix
   rows: 3
   cols: 1
   dt: d
   data: [ -1.6067418180645205e+00, -2.2804037103493999e+00,
       -1.0651812156587978e-01 ]
CalibrationFrameExtTranslation: !!opencv-matrix
   rows: 3
   cols: 1
   dt: d
   data: [ -1.9306585410784924e-01, -1.1126604972748504e-01,
       1.1876686499018434e+00 ]
CalibrationFrameRMSerror: 1.9051368534564972e-01
