%YAML:1.0
---
CalibrationFramePatternImage: [ 1.28074387e+02, 1.34465622e+02,
    1.44710068e+02, 1.27421776e+02, 1.62005096e+02, 1.20411934e+02,
    1.78757736e+02, 1.13479568e+02, 1.95971405e+02, 1.06365059e+02,
    2.12879593e+02, 9.95744019e+01, 2.30094864e+02, 9.26034851e+01,
    1.34243225e+02, 1.51212677e+02, 1.51547012e+02, 1.44218582e+02,
    1.68492966e+02, 1.37212662e+02, 1.85608414e+02, 1.30006775e+02,
    2.02637131e+02, 1.23213631e+02, 2.19963745e+02, 1.16223572e+02,
    2.37004486e+02, 1.09442291e+02, 1.40790405e+02, 1.67791992e+02,
    1.57855179e+02, 1.60885895e+02, 1.75166077e+02, 1.53971802e+02,
    1.92138199e+02, 1.46862091e+02, 2.09501938e+02, 1.39817902e+02,
    2.26539352e+02, 1.32821381e+02, 2.43832306e+02, 1.25966377e+02,
    1.47096741e+02, 1.84603760e+02, 1.64580856e+02, 1.77541809e+02,
    1.81502380e+02, 1.70698380e+02, 1.98943207e+02, 1.63600586e+02,
    2.16170090e+02, 1.56658005e+02, 2.33507339e+02, 1.49599655e+02,
    2.50642380e+02, 1.42789673e+02, 1.53824814e+02, 2.01600220e+02,
    1.70880341e+02, 1.94519775e+02, 1.88433502e+02, 1.87464706e+02,
    2.05505966e+02, 1.80441864e+02, 2.22797989e+02, 1.73389771e+02,
    2.40206100e+02, 1.66482376e+02, 2.57560486e+02, 1.59480988e+02 ]
CalibrationFramePatternWorld: [ 0., 0., 0., 0., 2.70000007e-02, 0., 0.,
    5.40000014e-02, 0., 0., 8.10000002e-02, 0., 0., 1.08000003e-01, 0.,
    0., 1.35000005e-01, 0., 0., 1.62000000e-01, 0., 2.70000007e-02, 0.,
    0., 2.70000007e-02, 2.70000007e-02, 0., 2.70000007e-02,
    5.40000014e-02, 0., 2.70000007e-02, 8.10000002e-02, 0.,
    2.70000007e-02, 1.08000003e-01, 0., 2.70000007e-02, 1.35000005e-01,
    0., 2.70000007e-02, 1.62000000e-01, 0., 5.40000014e-02, 0., 0.,
    5.40000014e-02, 2.70000007e-02, 0., 5.40000014e-02, 5.40000014e-02,
    0., 5.40000014e-02, 8.10000002e-02, 0., 5.40000014e-02,
    1.08000003e-01, 0., 5.40000014e-02, 1.35000005e-01, 0.,
    5.40000014e-02, 1.62000000e-01, 0., 8.10000002e-02, 0., 0.,
    8.10000002e-02, 2.70000007e-02, 0., 8.10000002e-02, 5.40000014e-02,
    0., 8.10000002e-02, 8.10000002e-02, 0., 8.10000002e-02,
    1.08000003e-01, 0., 8.10000002e-02, 1.35000005e-01, 0.,
    8.10000002e-02, 1.62000000e-01, 0., 1.08000003e-01, 0., 0.,
    1.08000003e-01, 2.70000007e-02, 0., 1.08000003e-01, 5.40000014e-02,
    0., 1.08000003e-01, 8.10000002e-02, 0., 1.08000003e-01,
    1.08000003e-01, 0., 1.08000003e-01, 1.35000005e-01, 0.,
    1.08000003e-01, 1.62000000e-01, 0. ]
CalibrationFrameExtRotation: !!opencv-matrix
   rows: 3
   cols: 1
   dt: d
   data: [ 2.6205186291477784e+00, 1.7756185483076998e+00,
       -5.1197717486513493e-02 ]
CalibrationFrameExtTranslation: !!opencv-matrix
   rows: 3
   cols: 1
   dt: d
   data: [ -1.9200014792036538e-01, -2.0779558934755213e-01,
       1.1900608873965923e+00 ]
CalibrationFrameRMSerror: 1.8966078758239746e-01
