%YAML:1.0
---
CalibrationFramePatternImage: [ 1.04898781e+02, 1.41485626e+02,
    1.22796646e+02, 1.43471970e+02, 1.40828690e+02, 1.45574142e+02,
    1.58940369e+02, 1.47719177e+02, 1.77230423e+02, 1.49824142e+02,
    1.95367172e+02, 1.52146637e+02, 2.13452835e+02, 1.54350479e+02,
    1.03479897e+02, 1.58746384e+02, 1.21370796e+02, 1.60834381e+02,
    1.39273224e+02, 1.62887878e+02, 1.57236359e+02, 1.64910797e+02,
    1.75183228e+02, 1.67336823e+02, 1.93229797e+02, 1.69539963e+02,
    2.11310623e+02, 1.71815445e+02, 1.01946579e+02, 1.75595398e+02,
    1.19602188e+02, 1.77578369e+02, 1.37459457e+02, 1.79743530e+02,
    1.55351547e+02, 1.81785507e+02, 1.73237015e+02, 1.84154068e+02,
    1.90991257e+02, 1.86492706e+02, 2.09034149e+02, 1.88560150e+02,
    1.00517876e+02, 1.92285324e+02, 1.17982269e+02, 1.94103485e+02,
    1.35697495e+02, 1.96297455e+02, 1.53515305e+02, 1.98386520e+02,
    1.71159088e+02, 2.00632904e+02, 1.88992676e+02, 2.03073318e+02,
    2.06658508e+02, 2.05362808e+02, 9.92378159e+01, 2.08133362e+02,
    1.16655937e+02, 2.10122162e+02, 1.34203751e+02, 2.12395340e+02,
    1.51629059e+02, 2.14494247e+02, 1.69244370e+02, 2.16674271e+02,
    1.86684799e+02, 2.19162003e+02, 2.04550278e+02, 2.21519623e+02 ]
CalibrationFramePatternWorld: [ 0., 0., 0., 0., 2.70000007e-02, 0., 0.,
    5.40000014e-02, 0., 0., 8.10000002e-02, 0., 0., 1.08000003e-01, 0.,
    0., 1.35000005e-01, 0., 0., 1.62000000e-01, 0., 2.70000007e-02, 0.,
    0., 2.70000007e-02, 2.70000007e-02, 0., 2.70000007e-02,
    5.40000014e-02, 0., 2.70000007e-02, 8.10000002e-02, 0.,
    2.70000007e-02, 1.08000003e-01, 0., 2.70000007e-02, 1.35000005e-01,
    0., 2.70000007e-02, 1.62000000e-01, 0., 5.40000014e-02, 0., 0.,
    5.40000014e-02, 2.70000007e-02, 0., 5.40000014e-02, 5.40000014e-02,
    0., 5.40000014e-02, 8.10000002e-02, 0., 5.40000014e-02,
    1.08000003e-01, 0., 5.40000014e-02, 1.35000005e-01, 0.,
    5.40000014e-02, 1.62000000e-01, 0., 8.10000002e-02, 0., 0.,
    8.10000002e-02, 2.70000007e-02, 0., 8.10000002e-02, 5.40000014e-02,
    0., 8.10000002e-02, 8.10000002e-02, 0., 8.10000002e-02,
    1.08000003e-01, 0., 8.10000002e-02, 1.35000005e-01, 0.,
    8.10000002e-02, 1.62000000e-01, 0., 1.08000003e-01, 0., 0.,
    1.08000003e-01, 2.70000007e-02, 0., 1.08000003e-01, 5.40000014e-02,
    0., 1.08000003e-01, 8.10000002e-02, 0., 1.08000003e-01,
    1.08000003e-01, 0., 1.08000003e-01, 1.35000005e-01, 0.,
    1.08000003e-01, 1.62000000e-01, 0. ]
CalibrationFrameExtRotation: !!opencv-matrix
   rows: 3
   cols: 1
   dt: d
   data: [ -1.8460646338961111e+00, -2.1313787791201873e+00,
       -5.1010304901949854e-01 ]
CalibrationFrameExtTranslation: !!opencv-matrix
   rows: 3
   cols: 1
   dt: d
   data: [ -2.2655562730788215e-01, -1.9824282046585764e-01,
       1.1902220496035105e+00 ]
CalibrationFrameRMSerror: 2.0371393859386444e-01
