%YAML:1.0
---
CalibrationFramePatternImage: [ 3.60157318e+01, 3.30241821e+02,
    4.97327003e+01, 3.21252533e+02, 6.44705887e+01, 3.12366943e+02,
    7.84178619e+01, 3.03304779e+02, 9.28099899e+01, 2.94009979e+02,
    1.07420189e+02, 2.85160248e+02, 1.21683121e+02, 2.75763885e+02,
    4.45183716e+01, 3.45128540e+02, 5.90175323e+01, 3.36069000e+02,
    7.30746613e+01, 3.27337219e+02, 8.77748795e+01, 3.17971619e+02,
    1.01772949e+02, 3.09074829e+02, 1.16469109e+02, 2.99804138e+02,
    1.30637741e+02, 2.91008087e+02, 5.36742477e+01, 3.59598541e+02,
    6.77046204e+01, 3.50829865e+02, 8.23312988e+01, 3.41669800e+02,
    9.62730179e+01, 3.32922089e+02, 1.11027618e+02, 3.23672760e+02,
    1.25471771e+02, 3.14732513e+02, 1.39872147e+02, 3.05196075e+02,
    6.22132759e+01, 3.74237549e+02, 7.67965088e+01, 3.65354950e+02,
    9.09360199e+01, 3.56632385e+02, 1.05553146e+02, 3.47242462e+02,
    1.19664673e+02, 3.38453094e+02, 1.34275070e+02, 3.29081726e+02,
    1.48690292e+02, 3.20289276e+02, 7.14226227e+01, 3.88718231e+02,
    8.54825897e+01, 3.79845551e+02, 9.98175278e+01, 3.70868835e+02,
    1.14417496e+02, 3.62111023e+02, 1.28784760e+02, 3.53004883e+02,
    1.43087173e+02, 3.43990173e+02, 1.57845139e+02, 3.34713837e+02 ]
CalibrationFramePatternWorld: [ 0., 0., 0., 0., 2.70000007e-02, 0., 0.,
    5.40000014e-02, 0., 0., 8.10000002e-02, 0., 0., 1.08000003e-01, 0.,
    0., 1.35000005e-01, 0., 0., 1.62000000e-01, 0., 2.70000007e-02, 0.,
    0., 2.70000007e-02, 2.70000007e-02, 0., 2.70000007e-02,
    5.40000014e-02, 0., 2.70000007e-02, 8.10000002e-02, 0.,
    2.70000007e-02, 1.08000003e-01, 0., 2.70000007e-02, 1.35000005e-01,
    0., 2.70000007e-02, 1.62000000e-01, 0., 5.40000014e-02, 0., 0.,
    5.40000014e-02, 2.70000007e-02, 0., 5.40000014e-02, 5.40000014e-02,
    0., 5.40000014e-02, 8.10000002e-02, 0., 5.40000014e-02,
    1.08000003e-01, 0., 5.40000014e-02, 1.35000005e-01, 0.,
    5.40000014e-02, 1.62000000e-01, 0., 8.10000002e-02, 0., 0.,
    8.10000002e-02, 2.70000007e-02, 0., 8.10000002e-02, 5.40000014e-02,
    0., 8.10000002e-02, 8.10000002e-02, 0., 8.10000002e-02,
    1.08000003e-01, 0., 8.10000002e-02, 1.35000005e-01, 0.,
    8.10000002e-02, 1.62000000e-01, 0., 1.08000003e-01, 0., 0.,
    1.08000003e-01, 2.70000007e-02, 0., 1.08000003e-01, 5.40000014e-02,
    0., 1.08000003e-01, 8.10000002e-02, 0., 1.08000003e-01,
    1.08000003e-01, 0., 1.08000003e-01, 1.35000005e-01, 0.,
    1.08000003e-01, 1.62000000e-01, 0. ]
CalibrationFrameExtRotation: !!opencv-matrix
   rows: 3
   cols: 1
   dt: d
   data: [ -2.8156650450673877e+00, -1.5524471366258268e+00,
       7.0449664868895409e-02 ]
CalibrationFrameExtTranslation: !!opencv-matrix
   rows: 3
   cols: 1
   dt: d
   data: [ -3.4864298582022746e-01, 8.8476493404359965e-02,
       1.2564821176204048e+00 ]
CalibrationFrameRMSerror: 2.8978034853935242e-01
