%YAML:1.0
---
CalibrationFramePatternImage: [ 1.11358192e+02, 1.13997009e+02,
    1.28495728e+02, 1.09738800e+02, 1.45581650e+02, 1.05656311e+02,
    1.62390564e+02, 1.01712296e+02, 1.79185043e+02, 9.77104187e+01,
    1.95361481e+02, 9.40517426e+01, 2.11479813e+02, 9.03071747e+01,
    1.17745392e+02, 1.29631683e+02, 1.35382858e+02, 1.25198128e+02,
    1.52350098e+02, 1.21121284e+02, 1.69365509e+02, 1.16777817e+02,
    1.85880432e+02, 1.12769180e+02, 2.02405411e+02, 1.08730652e+02,
    2.18215576e+02, 1.05109337e+02, 1.24610344e+02, 1.45431564e+02,
    1.41824310e+02, 1.40898529e+02, 1.59351517e+02, 1.36573456e+02,
    1.76175797e+02, 1.32217133e+02, 1.93057617e+02, 1.27763618e+02,
    2.09245834e+02, 1.23577766e+02, 2.25583923e+02, 1.19736946e+02,
    1.31285080e+02, 1.61306198e+02, 1.48922333e+02, 1.56625931e+02,
    1.66156174e+02, 1.52324158e+02, 1.83377640e+02, 1.47662949e+02,
    2.00034378e+02, 1.43136185e+02, 2.16681808e+02, 1.38617813e+02,
    2.32669556e+02, 1.34587219e+02, 1.38414001e+02, 1.77426941e+02,
    1.56039413e+02, 1.72750488e+02, 1.73516022e+02, 1.68055481e+02,
    1.90534256e+02, 1.63328568e+02, 2.07306763e+02, 1.58595490e+02,
    2.23776215e+02, 1.54073318e+02, 2.40162476e+02, 1.49611038e+02 ]
CalibrationFramePatternWorld: [ 0., 0., 0., 0., 2.70000007e-02, 0., 0.,
    5.40000014e-02, 0., 0., 8.10000002e-02, 0., 0., 1.08000003e-01, 0.,
    0., 1.35000005e-01, 0., 0., 1.62000000e-01, 0., 2.70000007e-02, 0.,
    0., 2.70000007e-02, 2.70000007e-02, 0., 2.70000007e-02,
    5.40000014e-02, 0., 2.70000007e-02, 8.10000002e-02, 0.,
    2.70000007e-02, 1.08000003e-01, 0., 2.70000007e-02, 1.35000005e-01,
    0., 2.70000007e-02, 1.62000000e-01, 0., 5.40000014e-02, 0., 0.,
    5.40000014e-02, 2.70000007e-02, 0., 5.40000014e-02, 5.40000014e-02,
    0., 5.40000014e-02, 8.10000002e-02, 0., 5.40000014e-02,
    1.08000003e-01, 0., 5.40000014e-02, 1.35000005e-01, 0.,
    5.40000014e-02, 1.62000000e-01, 0., 8.10000002e-02, 0., 0.,
    8.10000002e-02, 2.70000007e-02, 0., 8.10000002e-02, 5.40000014e-02,
    0., 8.10000002e-02, 8.10000002e-02, 0., 8.10000002e-02,
    1.08000003e-01, 0., 8.10000002e-02, 1.35000005e-01, 0.,
    8.10000002e-02, 1.62000000e-01, 0., 1.08000003e-01, 0., 0.,
    1.08000003e-01, 2.70000007e-02, 0., 1.08000003e-01, 5.40000014e-02,
    0., 1.08000003e-01, 8.10000002e-02, 0., 1.08000003e-01,
    1.08000003e-01, 0., 1.08000003e-01, 1.35000005e-01, 0.,
    1.08000003e-01, 1.62000000e-01, 0. ]
CalibrationFrameExtRotation: !!opencv-matrix
   rows: 3
   cols: 1
   dt: d
   data: [ 2.2055617624315831e+00, 1.4874918719789911e+00,
       7.8384353576504320e-02 ]
CalibrationFrameExtTranslation: !!opencv-matrix
   rows: 3
   cols: 1
   dt: d
   data: [ -2.1078027233646870e-01, -2.3167698081227509e-01,
       1.1520537484578786e+00 ]
CalibrationFrameRMSerror: 1.8474826216697693e-01
