%YAML:1.0
---
CalibrationFramePatternImage: [ 1.97862564e+02, 1.61205185e+02,
    2.21995239e+02, 1.63380981e+02, 2.46326736e+02, 1.65556396e+02,
    2.70727203e+02, 1.68068649e+02, 2.95615753e+02, 1.70148605e+02,
    3.20627502e+02, 1.72645126e+02, 3.45852112e+02, 1.75376877e+02,
    1.95548721e+02, 1.85711121e+02, 2.19590302e+02, 1.87916000e+02,
    2.43768906e+02, 1.90400284e+02, 2.68249390e+02, 1.92771881e+02,
    2.92895813e+02, 1.95461243e+02, 3.18027222e+02, 1.97982391e+02,
    3.42807556e+02, 2.00614670e+02, 1.93216415e+02, 2.09548569e+02,
    2.17008270e+02, 2.11970093e+02, 2.41369110e+02, 2.14728683e+02,
    2.65556305e+02, 2.17302582e+02, 2.90211212e+02, 2.20083313e+02,
    3.14915131e+02, 2.22861771e+02, 3.39913086e+02, 2.25710144e+02,
    1.90412338e+02, 2.33089615e+02, 2.14463409e+02, 2.35671570e+02,
    2.38509964e+02, 2.38564590e+02, 2.62847626e+02, 2.41505951e+02,
    2.86912720e+02, 2.44397064e+02, 3.11725677e+02, 2.47489807e+02,
    3.36481995e+02, 2.50440369e+02, 1.88121613e+02, 2.56452271e+02,
    2.11590576e+02, 2.59390320e+02, 2.35511032e+02, 2.62278839e+02,
    2.59703003e+02, 2.65411530e+02, 2.84012238e+02, 2.68525787e+02,
    3.08418549e+02, 2.71754120e+02, 3.33271210e+02, 2.74872803e+02 ]
CalibrationFramePatternWorld: [ 0., 0., 0., 0., 2.70000007e-02, 0., 0.,
    5.40000014e-02, 0., 0., 8.10000002e-02, 0., 0., 1.08000003e-01, 0.,
    0., 1.35000005e-01, 0., 0., 1.62000000e-01, 0., 2.70000007e-02, 0.,
    0., 2.70000007e-02, 2.70000007e-02, 0., 2.70000007e-02,
    5.40000014e-02, 0., 2.70000007e-02, 8.10000002e-02, 0.,
    2.70000007e-02, 1.08000003e-01, 0., 2.70000007e-02, 1.35000005e-01,
    0., 2.70000007e-02, 1.62000000e-01, 0., 5.40000014e-02, 0., 0.,
    5.40000014e-02, 2.70000007e-02, 0., 5.40000014e-02, 5.40000014e-02,
    0., 5.40000014e-02, 8.10000002e-02, 0., 5.40000014e-02,
    1.08000003e-01, 0., 5.40000014e-02, 1.35000005e-01, 0.,
    5.40000014e-02, 1.62000000e-01, 0., 8.10000002e-02, 0., 0.,
    8.10000002e-02, 2.70000007e-02, 0., 8.10000002e-02, 5.40000014e-02,
    0., 8.10000002e-02, 8.10000002e-02, 0., 8.10000002e-02,
    1.08000003e-01, 0., 8.10000002e-02, 1.35000005e-01, 0.,
    8.10000002e-02, 1.62000000e-01, 0., 1.08000003e-01, 0., 0.,
    1.08000003e-01, 2.70000007e-02, 0., 1.08000003e-01, 5.40000014e-02,
    0., 1.08000003e-01, 8.10000002e-02, 0., 1.08000003e-01,
    1.08000003e-01, 0., 1.08000003e-01, 1.35000005e-01, 0.,
    1.08000003e-01, 1.62000000e-01, 0. ]
CalibrationFrameExtRotation: !!opencv-matrix
   rows: 3
   cols: 1
   dt: d
   data: [ -1.9697589159159172e+00, -2.2148962360342073e+00,
       6.7100458691421852e-02 ]
CalibrationFrameExtTranslation: !!opencv-matrix
   rows: 3
   cols: 1
   dt: d
   data: [ -6.6497114366573767e-02, -1.2660249638347931e-01,
       9.0147199991241989e-01 ]
CalibrationFrameRMSerror: 4.2858076095581055e-01
