%YAML:1.0
---
CalibrationFramePatternImage: [ 3.43293640e+02, 2.77338165e+02,
    3.68152435e+02, 2.67110352e+02, 3.92514587e+02, 2.56755310e+02,
    4.16248535e+02, 2.46709641e+02, 4.39409851e+02, 2.37010803e+02,
    4.62297638e+02, 2.27572632e+02, 4.84360046e+02, 2.18160599e+02,
    3.52288788e+02, 3.03211456e+02, 3.76767975e+02, 2.92580566e+02,
    4.00738068e+02, 2.82209259e+02, 4.24406158e+02, 2.71978851e+02,
    4.47187775e+02, 2.62109833e+02, 4.70004639e+02, 2.52404984e+02,
    4.91368927e+02, 2.42902725e+02, 3.60621155e+02, 3.27955292e+02,
    3.84856781e+02, 3.17179657e+02, 4.08491821e+02, 3.06580811e+02,
    4.31684113e+02, 2.96331635e+02, 4.54792603e+02, 2.86339844e+02,
    4.77015564e+02, 2.76363953e+02, 4.98447479e+02, 2.66712067e+02,
    3.68673462e+02, 3.51933289e+02, 3.92629059e+02, 3.41125641e+02,
    4.15986023e+02, 3.30549042e+02, 4.39069946e+02, 3.20156128e+02,
    4.61677826e+02, 3.09849609e+02, 4.83942749e+02, 2.99957184e+02,
    5.05132477e+02, 2.90169983e+02, 3.76359253e+02, 3.75246857e+02,
    3.99846283e+02, 3.64380432e+02, 4.23197876e+02, 3.53721680e+02,
    4.46048401e+02, 3.43245209e+02, 4.68371552e+02, 3.32953278e+02,
    4.90184509e+02, 3.22776398e+02, 5.11628113e+02, 3.12923309e+02 ]
CalibrationFramePatternWorld: [ 0., 0., 0., 0., 2.70000007e-02, 0., 0.,
    5.40000014e-02, 0., 0., 8.10000002e-02, 0., 0., 1.08000003e-01, 0.,
    0., 1.35000005e-01, 0., 0., 1.62000000e-01, 0., 2.70000007e-02, 0.,
    0., 2.70000007e-02, 2.70000007e-02, 0., 2.70000007e-02,
    5.40000014e-02, 0., 2.70000007e-02, 8.10000002e-02, 0.,
    2.70000007e-02, 1.08000003e-01, 0., 2.70000007e-02, 1.35000005e-01,
    0., 2.70000007e-02, 1.62000000e-01, 0., 5.40000014e-02, 0., 0.,
    5.40000014e-02, 2.70000007e-02, 0., 5.40000014e-02, 5.40000014e-02,
    0., 5.40000014e-02, 8.10000002e-02, 0., 5.40000014e-02,
    1.08000003e-01, 0., 5.40000014e-02, 1.35000005e-01, 0.,
    5.40000014e-02, 1.62000000e-01, 0., 8.10000002e-02, 0., 0.,
    8.10000002e-02, 2.70000007e-02, 0., 8.10000002e-02, 5.40000014e-02,
    0., 8.10000002e-02, 8.10000002e-02, 0., 8.10000002e-02,
    1.08000003e-01, 0., 8.10000002e-02, 1.35000005e-01, 0.,
    8.10000002e-02, 1.62000000e-01, 0., 1.08000003e-01, 0., 0.,
    1.08000003e-01, 2.70000007e-02, 0., 1.08000003e-01, 5.40000014e-02,
    0., 1.08000003e-01, 8.10000002e-02, 0., 1.08000003e-01,
    1.08000003e-01, 0., 1.08000003e-01, 1.35000005e-01, 0.,
    1.08000003e-01, 1.62000000e-01, 0. ]
CalibrationFrameExtRotation: !!opencv-matrix
   rows: 3
   cols: 1
   dt: d
   data: [ 2.5539430448193827e+00, 1.7472444800664069e+00,
       4.4397934079106255e-01 ]
CalibrationFrameExtTranslation: !!opencv-matrix
   rows: 3
   cols: 1
   dt: d
   data: [ 8.1301833527725270e-02, 2.9507979313891362e-03,
       7.9253541866522748e-01 ]
CalibrationFrameRMSerror: 3.0079612135887146e-01
