%YAML:1.0
---
CalibrationFramePatternImage: [ 2.00440369e+02, 1.02814720e+02,
    2.16701218e+02, 1.11280930e+02, 2.33054321e+02, 1.20042435e+02,
    2.49640610e+02, 1.28714249e+02, 2.66418793e+02, 1.37509628e+02,
    2.82917084e+02, 1.46238831e+02, 2.99650391e+02, 1.55122711e+02,
    1.91661621e+02, 1.19706757e+02, 2.08178314e+02, 1.28492950e+02,
    2.24341034e+02, 1.36903046e+02, 2.41072769e+02, 1.45676666e+02,
    2.57460938e+02, 1.54429703e+02, 2.74174103e+02, 1.63255783e+02,
    2.90709290e+02, 1.72124298e+02, 1.83395401e+02, 1.36489395e+02,
    1.99629379e+02, 1.45012131e+02, 2.16037125e+02, 1.53854660e+02,
    2.32456604e+02, 1.62423889e+02, 2.48869843e+02, 1.71064850e+02,
    2.65510925e+02, 1.79926636e+02, 2.82278442e+02, 1.88677856e+02,
    1.74903183e+02, 1.52913773e+02, 1.91450134e+02, 1.61673264e+02,
    2.07541016e+02, 1.70282425e+02, 2.24058380e+02, 1.78941620e+02,
    2.40465622e+02, 1.87742081e+02, 2.57049988e+02, 1.96399261e+02,
    2.73518158e+02, 2.05259644e+02, 1.66941559e+02, 1.69386032e+02,
    1.83192795e+02, 1.78108810e+02, 1.99479660e+02, 1.86802628e+02,
    2.15789124e+02, 1.95448669e+02, 2.32302063e+02, 2.04105789e+02,
    2.48597870e+02, 2.12919281e+02, 2.65273407e+02, 2.21691193e+02 ]
CalibrationFramePatternWorld: [ 0., 0., 0., 0., 2.70000007e-02, 0., 0.,
    5.40000014e-02, 0., 0., 8.10000002e-02, 0., 0., 1.08000003e-01, 0.,
    0., 1.35000005e-01, 0., 0., 1.62000000e-01, 0., 2.70000007e-02, 0.,
    0., 2.70000007e-02, 2.70000007e-02, 0., 2.70000007e-02,
    5.40000014e-02, 0., 2.70000007e-02, 8.10000002e-02, 0.,
    2.70000007e-02, 1.08000003e-01, 0., 2.70000007e-02, 1.35000005e-01,
    0., 2.70000007e-02, 1.62000000e-01, 0., 5.40000014e-02, 0., 0.,
    5.40000014e-02, 2.70000007e-02, 0., 5.40000014e-02, 5.40000014e-02,
    0., 5.40000014e-02, 8.10000002e-02, 0., 5.40000014e-02,
    1.08000003e-01, 0., 5.40000014e-02, 1.35000005e-01, 0.,
    5.40000014e-02, 1.62000000e-01, 0., 8.10000002e-02, 0., 0.,
    8.10000002e-02, 2.70000007e-02, 0., 8.10000002e-02, 5.40000014e-02,
    0., 8.10000002e-02, 8.10000002e-02, 0., 8.10000002e-02,
    1.08000003e-01, 0., 8.10000002e-02, 1.35000005e-01, 0.,
    8.10000002e-02, 1.62000000e-01, 0., 1.08000003e-01, 0., 0.,
    1.08000003e-01, 2.70000007e-02, 0., 1.08000003e-01, 5.40000014e-02,
    0., 1.08000003e-01, 8.10000002e-02, 0., 1.08000003e-01,
    1.08000003e-01, 0., 1.08000003e-01, 1.35000005e-01, 0.,
    1.08000003e-01, 1.62000000e-01, 0. ]
CalibrationFrameExtRotation: !!opencv-matrix
   rows: 3
   cols: 1
   dt: d
   data: [ -1.4744646061268534e+00, -2.4727289153897054e+00,
       -8.1827485990095372e-02 ]
CalibrationFrameExtTranslation: !!opencv-matrix
   rows: 3
   cols: 1
   dt: d
   data: [ -8.3734591227516017e-02, -2.4664656198816101e-01,
       1.1572951458328269e+00 ]
CalibrationFrameRMSerror: 2.7619895339012146e-01
