%YAML:1.0
---
CalibrationFramePatternImage: [ 2.31749557e+02, 2.88422913e+02,
    2.49177170e+02, 2.94659546e+02, 2.66389374e+02, 3.00787659e+02,
    2.83305206e+02, 3.06653839e+02, 3.00100677e+02, 3.12414459e+02,
    3.16502136e+02, 3.18371521e+02, 3.32904449e+02, 3.23833801e+02,
    2.25416595e+02, 3.06397461e+02, 2.42799118e+02, 3.12575500e+02,
    2.60010376e+02, 3.18530273e+02, 2.77155121e+02, 3.24424683e+02,
    2.93914062e+02, 3.30181213e+02, 3.10656830e+02, 3.35801117e+02,
    3.26744568e+02, 3.41386169e+02, 2.18997757e+02, 3.24148315e+02,
    2.36428329e+02, 3.30095886e+02, 2.53943192e+02, 3.36111664e+02,
    2.70891693e+02, 3.41561615e+02, 2.87848328e+02, 3.47297089e+02,
    3.04398804e+02, 3.52918365e+02, 3.20859741e+02, 3.58187653e+02,
    2.12665436e+02, 3.41821228e+02, 2.30430618e+02, 3.47354279e+02,
    2.47416168e+02, 3.53249207e+02, 2.64749084e+02, 3.58740906e+02,
    2.81805359e+02, 3.64556061e+02, 2.98594788e+02, 3.69836823e+02,
    3.14756683e+02, 3.75398315e+02, 2.06552902e+02, 3.59200348e+02,
    2.24140488e+02, 3.64890045e+02, 2.41574020e+02, 3.70606171e+02,
    2.58652710e+02, 3.76005890e+02, 2.75711609e+02, 3.81390930e+02,
    2.92409912e+02, 3.86785156e+02, 3.09089478e+02, 3.91948395e+02 ]
CalibrationFramePatternWorld: [ 0., 0., 0., 0., 2.70000007e-02, 0., 0.,
    5.40000014e-02, 0., 0., 8.10000002e-02, 0., 0., 1.08000003e-01, 0.,
    0., 1.35000005e-01, 0., 0., 1.62000000e-01, 0., 2.70000007e-02, 0.,
    0., 2.70000007e-02, 2.70000007e-02, 0., 2.70000007e-02,
    5.40000014e-02, 0., 2.70000007e-02, 8.10000002e-02, 0.,
    2.70000007e-02, 1.08000003e-01, 0., 2.70000007e-02, 1.35000005e-01,
    0., 2.70000007e-02, 1.62000000e-01, 0., 5.40000014e-02, 0., 0.,
    5.40000014e-02, 2.70000007e-02, 0., 5.40000014e-02, 5.40000014e-02,
    0., 5.40000014e-02, 8.10000002e-02, 0., 5.40000014e-02,
    1.08000003e-01, 0., 5.40000014e-02, 1.35000005e-01, 0.,
    5.40000014e-02, 1.62000000e-01, 0., 8.10000002e-02, 0., 0.,
    8.10000002e-02, 2.70000007e-02, 0., 8.10000002e-02, 5.40000014e-02,
    0., 8.10000002e-02, 8.10000002e-02, 0., 8.10000002e-02,
    1.08000003e-01, 0., 8.10000002e-02, 1.35000005e-01, 0.,
    8.10000002e-02, 1.62000000e-01, 0., 1.08000003e-01, 0., 0.,
    1.08000003e-01, 2.70000007e-02, 0., 1.08000003e-01, 5.40000014e-02,
    0., 1.08000003e-01, 8.10000002e-02, 0., 1.08000003e-01,
    1.08000003e-01, 0., 1.08000003e-01, 1.35000005e-01, 0.,
    1.08000003e-01, 1.62000000e-01, 0. ]
CalibrationFrameExtRotation: !!opencv-matrix
   rows: 3
   cols: 1
   dt: d
   data: [ 1.7047653603864275e+00, 2.4163744961215397e+00,
       2.5868655594777235e-01 ]
CalibrationFrameExtTranslation: !!opencv-matrix
   rows: 3
   cols: 1
   dt: d
   data: [ -3.8574641109679529e-02, 2.0233047484538188e-02,
       1.1750791120483337e+00 ]
CalibrationFrameRMSerror: 2.1252484619617462e-01
