%YAML:1.0
---
CalibrationFramePatternImage: [ 1.86848297e+02, 2.12138702e+02,
    2.13230194e+02, 2.07648438e+02, 2.39387009e+02, 2.03450455e+02,
    2.65249146e+02, 1.99208191e+02, 2.90888794e+02, 1.95098099e+02,
    3.16349213e+02, 1.91144348e+02, 3.41492676e+02, 1.87072601e+02,
    1.91207947e+02, 2.38531342e+02, 2.17625595e+02, 2.33901749e+02,
    2.43541046e+02, 2.29480072e+02, 2.69564087e+02, 2.25163300e+02,
    2.94946930e+02, 2.21086700e+02, 3.20357361e+02, 2.16542267e+02,
    3.45196381e+02, 2.12540329e+02, 1.95989380e+02, 2.64373474e+02,
    2.22197006e+02, 2.59675629e+02, 2.47952087e+02, 2.55073196e+02,
    2.73744812e+02, 2.50501099e+02, 2.99276794e+02, 2.46163498e+02,
    3.24355347e+02, 2.41903198e+02, 3.49058990e+02, 2.37522919e+02,
    2.00607178e+02, 2.89766724e+02, 2.26754456e+02, 2.85136749e+02,
    2.52477570e+02, 2.80455383e+02, 2.78066345e+02, 2.75591980e+02,
    3.03446564e+02, 2.71095703e+02, 3.28502869e+02, 2.66449768e+02,
    3.53203308e+02, 2.62147888e+02, 2.05570724e+02, 3.14938293e+02,
    2.31122559e+02, 3.10030670e+02, 2.56964264e+02, 3.05400726e+02,
    2.82379547e+02, 3.00573425e+02, 3.07606506e+02, 2.95735992e+02,
    3.32631836e+02, 2.91262756e+02, 3.57175049e+02, 2.86466034e+02 ]
CalibrationFramePatternWorld: [ 0., 0., 0., 0., 2.70000007e-02, 0., 0.,
    5.40000014e-02, 0., 0., 8.10000002e-02, 0., 0., 1.08000003e-01, 0.,
    0., 1.35000005e-01, 0., 0., 1.62000000e-01, 0., 2.70000007e-02, 0.,
    0., 2.70000007e-02, 2.70000007e-02, 0., 2.70000007e-02,
    5.40000014e-02, 0., 2.70000007e-02, 8.10000002e-02, 0.,
    2.70000007e-02, 1.08000003e-01, 0., 2.70000007e-02, 1.35000005e-01,
    0., 2.70000007e-02, 1.62000000e-01, 0., 5.40000014e-02, 0., 0.,
    5.40000014e-02, 2.70000007e-02, 0., 5.40000014e-02, 5.40000014e-02,
    0., 5.40000014e-02, 8.10000002e-02, 0., 5.40000014e-02,
    1.08000003e-01, 0., 5.40000014e-02, 1.35000005e-01, 0.,
    5.40000014e-02, 1.62000000e-01, 0., 8.10000002e-02, 0., 0.,
    8.10000002e-02, 2.70000007e-02, 0., 8.10000002e-02, 5.40000014e-02,
    0., 8.10000002e-02, 8.10000002e-02, 0., 8.10000002e-02,
    1.08000003e-01, 0., 8.10000002e-02, 1.35000005e-01, 0.,
    8.10000002e-02, 1.62000000e-01, 0., 1.08000003e-01, 0., 0.,
    1.08000003e-01, 2.70000007e-02, 0., 1.08000003e-01, 5.40000014e-02,
    0., 1.08000003e-01, 8.10000002e-02, 0., 1.08000003e-01,
    1.08000003e-01, 0., 1.08000003e-01, 1.35000005e-01, 0.,
    1.08000003e-01, 1.62000000e-01, 0. ]
CalibrationFrameExtRotation: !!opencv-matrix
   rows: 3
   cols: 1
   dt: d
   data: [ 2.3890985104037572e+00, 2.0083413482091159e+00,
       2.5982897920515258e-01 ]
CalibrationFrameExtTranslation: !!opencv-matrix
   rows: 3
   cols: 1
   dt: d
   data: [ -7.2657589535835357e-02, -6.3789382485549537e-02,
       8.3577328910301707e-01 ]
CalibrationFrameRMSerror: 3.6076036095619202e-01
