%YAML:1.0
---
CalibrationFramePatternImage: [ 2.17035004e+02, 2.25953888e+02,
    2.40925156e+02, 2.33118271e+02, 2.65227905e+02, 2.40306122e+02,
    2.89389343e+02, 2.47458588e+02, 3.13791931e+02, 2.54596802e+02,
    3.37950836e+02, 2.62198425e+02, 3.62419220e+02, 2.69387024e+02,
    2.09506149e+02, 2.49892380e+02, 2.33661224e+02, 2.57194794e+02,
    2.57689545e+02, 2.64392517e+02, 2.81793884e+02, 2.71741760e+02,
    3.05973328e+02, 2.79094971e+02, 3.30499725e+02, 2.86350922e+02,
    3.54486145e+02, 2.93840118e+02, 2.02320206e+02, 2.73602814e+02,
    2.26227127e+02, 2.80843842e+02, 2.50424377e+02, 2.88346893e+02,
    2.74433960e+02, 2.95550964e+02, 2.98575226e+02, 3.03025177e+02,
    3.22715851e+02, 3.10557709e+02, 3.46991455e+02, 3.17760803e+02,
    1.95190155e+02, 2.97031158e+02, 2.19097610e+02, 3.04366333e+02,
    2.42948898e+02, 3.11717957e+02, 2.66999512e+02, 3.19223297e+02,
    2.91140228e+02, 3.26620178e+02, 3.15275543e+02, 3.34197845e+02,
    3.39117096e+02, 3.41551483e+02, 1.88240051e+02, 3.20137787e+02,
    2.11831161e+02, 3.27520172e+02, 2.35696655e+02, 3.34921753e+02,
    2.59608398e+02, 3.42488708e+02, 2.83623627e+02, 3.49954529e+02,
    3.07446625e+02, 3.57646362e+02, 3.31356171e+02, 3.65044373e+02 ]
CalibrationFramePatternWorld: [ 0., 0., 0., 0., 2.70000007e-02, 0., 0.,
    5.40000014e-02, 0., 0., 8.10000002e-02, 0., 0., 1.08000003e-01, 0.,
    0., 1.35000005e-01, 0., 0., 1.62000000e-01, 0., 2.70000007e-02, 0.,
    0., 2.70000007e-02, 2.70000007e-02, 0., 2.70000007e-02,
    5.40000014e-02, 0., 2.70000007e-02, 8.10000002e-02, 0.,
    2.70000007e-02, 1.08000003e-01, 0., 2.70000007e-02, 1.35000005e-01,
    0., 2.70000007e-02, 1.62000000e-01, 0., 5.40000014e-02, 0., 0.,
    5.40000014e-02, 2.70000007e-02, 0., 5.40000014e-02, 5.40000014e-02,
    0., 5.40000014e-02, 8.10000002e-02, 0., 5.40000014e-02,
    1.08000003e-01, 0., 5.40000014e-02, 1.35000005e-01, 0.,
    5.40000014e-02, 1.62000000e-01, 0., 8.10000002e-02, 0., 0.,
    8.10000002e-02, 2.70000007e-02, 0., 8.10000002e-02, 5.40000014e-02,
    0., 8.10000002e-02, 8.10000002e-02, 0., 8.10000002e-02,
    1.08000003e-01, 0., 8.10000002e-02, 1.35000005e-01, 0.,
    8.10000002e-02, 1.62000000e-01, 0., 1.08000003e-01, 0., 0.,
    1.08000003e-01, 2.70000007e-02, 0., 1.08000003e-01, 5.40000014e-02,
    0., 1.08000003e-01, 8.10000002e-02, 0., 1.08000003e-01,
    1.08000003e-01, 0., 1.08000003e-01, 1.35000005e-01, 0.,
    1.08000003e-01, 1.62000000e-01, 0. ]
CalibrationFrameExtRotation: !!opencv-matrix
   rows: 3
   cols: 1
   dt: d
   data: [ -1.8123822821464113e+00, -2.4546337683065258e+00,
       1.9238552756667301e-02 ]
CalibrationFrameExtTranslation: !!opencv-matrix
   rows: 3
   cols: 1
   dt: d
   data: [ -4.4812474098452071e-02, -5.3024561610865370e-02,
       8.8362902388761178e-01 ]
CalibrationFrameRMSerror: 2.4708090722560883e-01
