%YAML:1.0
---
CalibrationFramePatternImage: [ 2.24373230e+02, 2.15364151e+02,
    2.50097595e+02, 2.09602936e+02, 2.75042542e+02, 2.04040375e+02,
    3.00210358e+02, 1.98654434e+02, 3.24698669e+02, 1.93270599e+02,
    3.48656708e+02, 1.88286499e+02, 3.72500183e+02, 1.83085724e+02,
    2.30492096e+02, 2.41534241e+02, 2.56142029e+02, 2.35721863e+02,
    2.81170654e+02, 2.29871384e+02, 3.06088013e+02, 2.24285156e+02,
    3.30545441e+02, 2.18713028e+02, 3.54647522e+02, 2.13293167e+02,
    3.78122284e+02, 2.08015457e+02, 2.36725952e+02, 2.67359924e+02,
    2.62120087e+02, 2.61256256e+02, 2.87300568e+02, 2.55224411e+02,
    3.11961853e+02, 2.49438156e+02, 3.36469330e+02, 2.43619247e+02,
    3.60435730e+02, 2.38029358e+02, 3.84009094e+02, 2.32569046e+02,
    2.42708069e+02, 2.92807373e+02, 2.68272369e+02, 2.86440155e+02,
    2.93031067e+02, 2.80614441e+02, 3.18040405e+02, 2.74570923e+02,
    3.42334442e+02, 2.68643005e+02, 3.66397369e+02, 2.62606567e+02,
    3.89652496e+02, 2.57071747e+02, 2.48898911e+02, 3.18238983e+02,
    2.74008514e+02, 3.11933319e+02, 2.99228119e+02, 3.05516907e+02,
    3.23657440e+02, 2.99431519e+02, 3.48104614e+02, 2.93360504e+02,
    3.71869904e+02, 2.87256989e+02, 3.95440186e+02, 2.81257233e+02 ]
CalibrationFramePatternWorld: [ 0., 0., 0., 0., 2.70000007e-02, 0., 0.,
    5.40000014e-02, 0., 0., 8.10000002e-02, 0., 0., 1.08000003e-01, 0.,
    0., 1.35000005e-01, 0., 0., 1.62000000e-01, 0., 2.70000007e-02, 0.,
    0., 2.70000007e-02, 2.70000007e-02, 0., 2.70000007e-02,
    5.40000014e-02, 0., 2.70000007e-02, 8.10000002e-02, 0.,
    2.70000007e-02, 1.08000003e-01, 0., 2.70000007e-02, 1.35000005e-01,
    0., 2.70000007e-02, 1.62000000e-01, 0., 5.40000014e-02, 0., 0.,
    5.40000014e-02, 2.70000007e-02, 0., 5.40000014e-02, 5.40000014e-02,
    0., 5.40000014e-02, 8.10000002e-02, 0., 5.40000014e-02,
    1.08000003e-01, 0., 5.40000014e-02, 1.35000005e-01, 0.,
    5.40000014e-02, 1.62000000e-01, 0., 8.10000002e-02, 0., 0.,
    8.10000002e-02, 2.70000007e-02, 0., 8.10000002e-02, 5.40000014e-02,
    0., 8.10000002e-02, 8.10000002e-02, 0., 8.10000002e-02,
    1.08000003e-01, 0., 8.10000002e-02, 1.35000005e-01, 0.,
    8.10000002e-02, 1.62000000e-01, 0., 1.08000003e-01, 0., 0.,
    1.08000003e-01, 2.70000007e-02, 0., 1.08000003e-01, 5.40000014e-02,
    0., 1.08000003e-01, 8.10000002e-02, 0., 1.08000003e-01,
    1.08000003e-01, 0., 1.08000003e-01, 1.35000005e-01, 0.,
    1.08000003e-01, 1.62000000e-01, 0. ]
CalibrationFrameExtRotation: !!opencv-matrix
   rows: 3
   cols: 1
   dt: d
   data: [ 2.3535077447405426e+00, 1.8589542013097513e+00,
       2.2913451222496101e-01 ]
CalibrationFrameExtTranslation: !!opencv-matrix
   rows: 3
   cols: 1
   dt: d
   data: [ -3.4651541617363439e-02, -6.0348574226475354e-02,
       8.3258172583380718e-01 ]
CalibrationFrameRMSerror: 2.0796616375446320e-01
