%YAML:1.0
---
CalibrationFramePatternImage: [ 3.94032501e+02, 6.60785065e+01,
    4.15156555e+02, 7.42922440e+01, 4.36935028e+02, 8.27992706e+01,
    4.58545258e+02, 9.14116287e+01, 4.80657318e+02, 1.00487938e+02,
    5.02787872e+02, 1.09778877e+02, 5.25321594e+02, 1.19192757e+02,
    3.84558350e+02, 8.78244629e+01, 4.06232971e+02, 9.63174438e+01,
    4.27427856e+02, 1.04900032e+02, 4.49189850e+02, 1.13955551e+02,
    4.70731140e+02, 1.23065659e+02, 4.92982758e+02, 1.32701935e+02,
    5.15246460e+02, 1.42512161e+02, 3.75865906e+02, 1.09156837e+02,
    3.96753510e+02, 1.18027596e+02, 4.18320465e+02, 1.27012718e+02,
    4.39347626e+02, 1.36090500e+02, 4.60984802e+02, 1.45591171e+02,
    4.82783508e+02, 1.55294342e+02, 5.05025299e+02, 1.65323669e+02,
    3.66551056e+02, 1.30521301e+02, 3.87481201e+02, 1.39323196e+02,
    4.08515045e+02, 1.48679733e+02, 4.29858673e+02, 1.58128952e+02,
    4.51044983e+02, 1.67693344e+02, 4.72932373e+02, 1.77765503e+02,
    4.94680267e+02, 1.87881973e+02, 3.57636017e+02, 1.51445038e+02,
    3.78007690e+02, 1.60850342e+02, 3.98988861e+02, 1.70227524e+02,
    4.19980560e+02, 1.79948822e+02, 4.41361877e+02, 1.89922485e+02,
    4.63153564e+02, 1.99909683e+02, 4.84449554e+02, 2.10217499e+02 ]
CalibrationFramePatternWorld: [ 0., 0., 0., 0., 2.70000007e-02, 0., 0.,
    5.40000014e-02, 0., 0., 8.10000002e-02, 0., 0., 1.08000003e-01, 0.,
    0., 1.35000005e-01, 0., 0., 1.62000000e-01, 0., 2.70000007e-02, 0.,
    0., 2.70000007e-02, 2.70000007e-02, 0., 2.70000007e-02,
    5.40000014e-02, 0., 2.70000007e-02, 8.10000002e-02, 0.,
    2.70000007e-02, 1.08000003e-01, 0., 2.70000007e-02, 1.35000005e-01,
    0., 2.70000007e-02, 1.62000000e-01, 0., 5.40000014e-02, 0., 0.,
    5.40000014e-02, 2.70000007e-02, 0., 5.40000014e-02, 5.40000014e-02,
    0., 5.40000014e-02, 8.10000002e-02, 0., 5.40000014e-02,
    1.08000003e-01, 0., 5.40000014e-02, 1.35000005e-01, 0.,
    5.40000014e-02, 1.62000000e-01, 0., 8.10000002e-02, 0., 0.,
    8.10000002e-02, 2.70000007e-02, 0., 8.10000002e-02, 5.40000014e-02,
    0., 8.10000002e-02, 8.10000002e-02, 0., 8.10000002e-02,
    1.08000003e-01, 0., 8.10000002e-02, 1.35000005e-01, 0.,
    8.10000002e-02, 1.62000000e-01, 0., 1.08000003e-01, 0., 0.,
    1.08000003e-01, 2.70000007e-02, 0., 1.08000003e-01, 5.40000014e-02,
    0., 1.08000003e-01, 8.10000002e-02, 0., 1.08000003e-01,
    1.08000003e-01, 0., 1.08000003e-01, 1.35000005e-01, 0.,
    1.08000003e-01, 1.62000000e-01, 0. ]
CalibrationFrameExtRotation: !!opencv-matrix
   rows: 3
   cols: 1
   dt: d
   data: [ -1.4394888907477998e+00, -2.2782041769320225e+00,
       2.8113453936927557e-01 ]
CalibrationFrameExtTranslation: !!opencv-matrix
   rows: 3
   cols: 1
   dt: d
   data: [ 1.5265720633473398e-01, -2.3852963015183073e-01,
       9.0841062878112655e-01 ]
CalibrationFrameRMSerror: 3.4216746687889099e-01
