%YAML:1.0
---
CalibrationFramePatternImage: [ 1.79452621e+02, 1.75757889e+02,
    2.01780579e+02, 1.76519562e+02, 2.24610519e+02, 1.77320663e+02,
    2.47574661e+02, 1.78220551e+02, 2.71182465e+02, 1.79038803e+02,
    2.95180145e+02, 1.80145538e+02, 3.19284302e+02, 1.80880447e+02,
    1.79684402e+02, 1.99043152e+02, 2.02037964e+02, 2.00132721e+02,
    2.24535507e+02, 2.00933670e+02, 2.47513275e+02, 2.02116867e+02,
    2.70866699e+02, 2.03011459e+02, 2.94734436e+02, 2.04350311e+02,
    3.18730804e+02, 2.05442566e+02, 1.79730331e+02, 2.21951645e+02,
    2.02033051e+02, 2.23031067e+02, 2.24764175e+02, 2.24230072e+02,
    2.47577972e+02, 2.25417831e+02, 2.70683563e+02, 2.26837036e+02,
    2.94204102e+02, 2.28197769e+02, 3.18220123e+02, 2.29470657e+02,
    1.79862198e+02, 2.44417267e+02, 2.02137711e+02, 2.45678162e+02,
    2.24493454e+02, 2.47081619e+02, 2.47405106e+02, 2.48405472e+02,
    2.70265533e+02, 2.50060699e+02, 2.93799011e+02, 2.51557602e+02,
    3.17326538e+02, 2.53142151e+02, 1.80565262e+02, 2.66353363e+02,
    2.02369522e+02, 2.67899048e+02, 2.24556244e+02, 2.69518860e+02,
    2.47310883e+02, 2.71111603e+02, 2.70127716e+02, 2.72885223e+02,
    2.93221466e+02, 2.74723267e+02, 3.16741333e+02, 2.76344940e+02 ]
CalibrationFramePatternWorld: [ 0., 0., 0., 0., 2.70000007e-02, 0., 0.,
    5.40000014e-02, 0., 0., 8.10000002e-02, 0., 0., 1.08000003e-01, 0.,
    0., 1.35000005e-01, 0., 0., 1.62000000e-01, 0., 2.70000007e-02, 0.,
    0., 2.70000007e-02, 2.70000007e-02, 0., 2.70000007e-02,
    5.40000014e-02, 0., 2.70000007e-02, 8.10000002e-02, 0.,
    2.70000007e-02, 1.08000003e-01, 0., 2.70000007e-02, 1.35000005e-01,
    0., 2.70000007e-02, 1.62000000e-01, 0., 5.40000014e-02, 0., 0.,
    5.40000014e-02, 2.70000007e-02, 0., 5.40000014e-02, 5.40000014e-02,
    0., 5.40000014e-02, 8.10000002e-02, 0., 5.40000014e-02,
    1.08000003e-01, 0., 5.40000014e-02, 1.35000005e-01, 0.,
    5.40000014e-02, 1.62000000e-01, 0., 8.10000002e-02, 0., 0.,
    8.10000002e-02, 2.70000007e-02, 0., 8.10000002e-02, 5.40000014e-02,
    0., 8.10000002e-02, 8.10000002e-02, 0., 8.10000002e-02,
    1.08000003e-01, 0., 8.10000002e-02, 1.35000005e-01, 0.,
    8.10000002e-02, 1.62000000e-01, 0., 1.08000003e-01, 0., 0.,
    1.08000003e-01, 2.70000007e-02, 0., 1.08000003e-01, 5.40000014e-02,
    0., 1.08000003e-01, 8.10000002e-02, 0., 1.08000003e-01,
    1.08000003e-01, 0., 1.08000003e-01, 1.35000005e-01, 0.,
    1.08000003e-01, 1.62000000e-01, 0. ]
CalibrationFrameExtRotation: !!opencv-matrix
   rows: 3
   cols: 1
   dt: d
   data: [ -1.9306488532966610e+00, -2.0102454593420798e+00,
       1.6654107138668165e-02 ]
CalibrationFrameExtTranslation: !!opencv-matrix
   rows: 3
   cols: 1
   dt: d
   data: [ -9.0653486357454682e-02, -1.1434050256883520e-01,
       9.3696132217355710e-01 ]
CalibrationFrameRMSerror: 2.0763319730758667e-01
