%YAML:1.0
---
CalibrationFramePatternImage: [ 3.56106659e+02, 2.85577759e+02,
    3.87146179e+02, 2.91269409e+02, 4.18913422e+02, 2.97185211e+02,
    4.51802368e+02, 3.03220123e+02, 4.85525513e+02, 3.09516449e+02,
    3.53326324e+02, 3.19002625e+02, 3.83871094e+02, 3.25369751e+02,
    4.15478119e+02, 3.31803650e+02, 4.47912720e+02, 3.38308319e+02,
    4.81581482e+02, 3.44999664e+02, 3.50866028e+02, 3.51316284e+02,
    3.80963043e+02, 3.58377136e+02, 4.12191071e+02, 3.65332520e+02,
    4.44421875e+02, 3.72183868e+02, 4.77560577e+02, 3.79372559e+02,
    3.48832642e+02, 3.82962402e+02, 3.78606873e+02, 3.90243195e+02,
    4.09566681e+02, 3.97641815e+02, 4.41261810e+02, 4.05172394e+02,
    4.73788849e+02, 4.12758667e+02 ]
CalibrationFramePatternWorld: [ 0., 0., 0., 0., 4.43000011e-02, 0., 0.,
    8.86000022e-02, 0., 0., 1.32900000e-01, 0., 0., 1.77200004e-01, 0.,
    4.43000011e-02, 0., 0., 4.43000011e-02, 4.43000011e-02, 0.,
    4.43000011e-02, 8.86000022e-02, 0., 4.43000011e-02, 1.32900000e-01,
    0., 4.43000011e-02, 1.77200004e-01, 0., 8.86000022e-02, 0., 0.,
    8.86000022e-02, 4.43000011e-02, 0., 8.86000022e-02, 8.86000022e-02,
    0., 8.86000022e-02, 1.32900000e-01, 0., 8.86000022e-02,
    1.77200004e-01, 0., 1.32900000e-01, 0., 0., 1.32900000e-01,
    4.43000011e-02, 0., 1.32900000e-01, 8.86000022e-02, 0.,
    1.32900000e-01, 1.32900000e-01, 0., 1.32900000e-01, 1.77200004e-01,
    0. ]
CalibrationFrameExtRotation: !!opencv-matrix
   rows: 3
   cols: 1
   dt: d
   data: [ -1.7457266436118049e+00, -1.9597254723708331e+00,
       3.3610558072298136e-01 ]
CalibrationFrameExtTranslation: !!opencv-matrix
   rows: 3
   cols: 1
   dt: d
   data: [ 3.5743124363413557e-02, 2.6160280746407444e-02,
       1.0614224538366508e+00 ]
CalibrationFrameRMSerror: 2.5401675701141357e-01
