%YAML:1.0
---
CalibrationFramePatternImage: [ 1.52826782e+02, 1.97712463e+02,
    1.88869019e+02, 2.00302948e+02, 2.24445541e+02, 2.02837158e+02,
    2.59484375e+02, 2.05347031e+02, 2.93555023e+02, 2.07841644e+02,
    1.51849655e+02, 2.33959412e+02, 1.88369171e+02, 2.36069092e+02,
    2.24344879e+02, 2.38223389e+02, 2.59590668e+02, 2.40199646e+02,
    2.93962616e+02, 2.42296722e+02, 1.51032684e+02, 2.70685120e+02,
    1.88001724e+02, 2.72415405e+02, 2.24182251e+02, 2.74066315e+02,
    2.59603333e+02, 2.75721893e+02, 2.94250122e+02, 2.77234436e+02,
    1.50518921e+02, 3.08228333e+02, 1.87623901e+02, 3.09445190e+02,
    2.23915527e+02, 3.10688171e+02, 2.59442841e+02, 3.11793121e+02,
    2.94352570e+02, 3.12700378e+02 ]
CalibrationFramePatternWorld: [ 0., 0., 0., 0., 4.43000011e-02, 0., 0.,
    8.86000022e-02, 0., 0., 1.32900000e-01, 0., 0., 1.77200004e-01, 0.,
    4.43000011e-02, 0., 0., 4.43000011e-02, 4.43000011e-02, 0.,
    4.43000011e-02, 8.86000022e-02, 0., 4.43000011e-02, 1.32900000e-01,
    0., 4.43000011e-02, 1.77200004e-01, 0., 8.86000022e-02, 0., 0.,
    8.86000022e-02, 4.43000011e-02, 0., 8.86000022e-02, 8.86000022e-02,
    0., 8.86000022e-02, 1.32900000e-01, 0., 8.86000022e-02,
    1.77200004e-01, 0., 1.32900000e-01, 0., 0., 1.32900000e-01,
    4.43000011e-02, 0., 1.32900000e-01, 8.86000022e-02, 0.,
    1.32900000e-01, 1.32900000e-01, 0., 1.32900000e-01, 1.77200004e-01,
    0. ]
CalibrationFrameExtRotation: !!opencv-matrix
   rows: 3
   cols: 1
   dt: d
   data: [ 1.9297783187567572e+00, 1.9606430873231311e+00,
       1.8715047236800064e-01 ]
CalibrationFrameExtTranslation: !!opencv-matrix
   rows: 3
   cols: 1
   dt: d
   data: [ -2.0837283077336666e-01, -8.0833450419026967e-02,
       9.7262723423614017e-01 ]
CalibrationFrameRMSerror: 1.5265816450119019e-01
