%YAML:1.0
---
CalibrationFramePatternImage: [ 1.99752350e+02, 2.93915802e+02,
    2.29144684e+02, 2.90217285e+02, 2.58823792e+02, 2.86885040e+02,
    2.88015106e+02, 2.83300598e+02, 3.17094421e+02, 2.79798370e+02,
    2.03231400e+02, 3.23509186e+02, 2.32922958e+02, 3.19806641e+02,
    2.62409363e+02, 3.16213501e+02, 2.91616058e+02, 3.12571564e+02,
    3.20511108e+02, 3.09011871e+02, 2.06993881e+02, 3.52591736e+02,
    2.36453430e+02, 3.49006622e+02, 2.65989716e+02, 3.45431946e+02,
    2.94984619e+02, 3.41527679e+02, 3.23953979e+02, 3.37828217e+02,
    2.10824097e+02, 3.81467682e+02, 2.40027603e+02, 3.77693756e+02,
    2.69185028e+02, 3.74122314e+02, 2.98369629e+02, 3.70237427e+02,
    3.27107117e+02, 3.66451416e+02 ]
CalibrationFramePatternWorld: [ 0., 0., 0., 0., 4.43000011e-02, 0., 0.,
    8.86000022e-02, 0., 0., 1.32900000e-01, 0., 0., 1.77200004e-01, 0.,
    4.43000011e-02, 0., 0., 4.43000011e-02, 4.43000011e-02, 0.,
    4.43000011e-02, 8.86000022e-02, 0., 4.43000011e-02, 1.32900000e-01,
    0., 4.43000011e-02, 1.77200004e-01, 0., 8.86000022e-02, 0., 0.,
    8.86000022e-02, 4.43000011e-02, 0., 8.86000022e-02, 8.86000022e-02,
    0., 8.86000022e-02, 1.32900000e-01, 0., 8.86000022e-02,
    1.77200004e-01, 0., 1.32900000e-01, 0., 0., 1.32900000e-01,
    4.43000011e-02, 0., 1.32900000e-01, 8.86000022e-02, 0.,
    1.32900000e-01, 1.32900000e-01, 0., 1.32900000e-01, 1.77200004e-01,
    0. ]
CalibrationFrameExtRotation: !!opencv-matrix
   rows: 3
   cols: 1
   dt: d
   data: [ 2.2603617405313861e+00, 2.0142195929872799e+00,
       2.0516466939685152e-01 ]
CalibrationFrameExtTranslation: !!opencv-matrix
   rows: 3
   cols: 1
   dt: d
   data: [ -1.8947169853094614e-01, 4.2441378263689440e-02,
       1.2174304581278632e+00 ]
CalibrationFrameRMSerror: 1.3144566118717194e-01
