%YAML:1.0
---
CalibrationFramePatternImage: [ 2.47096451e+02, 2.53234238e+02,
    2.73719452e+02, 2.56275330e+02, 3.00879547e+02, 2.59443268e+02,
    3.29123566e+02, 2.62855103e+02, 3.58228699e+02, 2.66100555e+02,
    2.45842422e+02, 2.83050140e+02, 2.72238831e+02, 2.86593170e+02,
    2.99329803e+02, 2.90452698e+02, 3.27420654e+02, 2.94452393e+02,
    3.56337158e+02, 2.98319366e+02, 2.44610641e+02, 3.12654205e+02,
    2.70711761e+02, 3.16717987e+02, 2.97634491e+02, 3.21118652e+02,
    3.25632019e+02, 3.25397278e+02, 3.54423553e+02, 3.29851807e+02,
    2.44070419e+02, 3.41507111e+02, 2.69874939e+02, 3.46350525e+02,
    2.96829712e+02, 3.51103210e+02, 3.24461639e+02, 3.55898346e+02,
    3.53033997e+02, 3.60861176e+02 ]
CalibrationFramePatternWorld: [ 0., 0., 0., 0., 4.43000011e-02, 0., 0.,
    8.86000022e-02, 0., 0., 1.32900000e-01, 0., 0., 1.77200004e-01, 0.,
    4.43000011e-02, 0., 0., 4.43000011e-02, 4.43000011e-02, 0.,
    4.43000011e-02, 8.86000022e-02, 0., 4.43000011e-02, 1.32900000e-01,
    0., 4.43000011e-02, 1.77200004e-01, 0., 8.86000022e-02, 0., 0.,
    8.86000022e-02, 4.43000011e-02, 0., 8.86000022e-02, 8.86000022e-02,
    0., 8.86000022e-02, 1.32900000e-01, 0., 8.86000022e-02,
    1.77200004e-01, 0., 1.32900000e-01, 0., 0., 1.32900000e-01,
    4.43000011e-02, 0., 1.32900000e-01, 8.86000022e-02, 0.,
    1.32900000e-01, 1.32900000e-01, 0., 1.32900000e-01, 1.77200004e-01,
    0. ]
CalibrationFrameExtRotation: !!opencv-matrix
   rows: 3
   cols: 1
   dt: d
   data: [ -1.8327246209285712e+00, -1.9939323207886210e+00,
       3.2442504831214425e-01 ]
CalibrationFrameExtTranslation: !!opencv-matrix
   rows: 3
   cols: 1
   dt: d
   data: [ -1.1711081915718280e-01, -1.7887669418047637e-02,
       1.2002222397000430e+00 ]
CalibrationFrameRMSerror: 2.0948562026023865e-01
