%YAML:1.0
---
CalibrationFramePatternImage: [ 2.58829102e+02, 1.46644577e+02,
    2.84968140e+02, 1.46545578e+02, 3.11208344e+02, 1.46257355e+02,
    3.38014587e+02, 1.46208633e+02, 3.65029510e+02, 1.46077286e+02,
    2.57223083e+02, 1.72820908e+02, 2.83594360e+02, 1.72980164e+02,
    3.10031036e+02, 1.72985397e+02, 3.36987305e+02, 1.73052536e+02,
    3.64044434e+02, 1.73348541e+02, 2.55872223e+02, 1.99085190e+02,
    2.82114410e+02, 1.99359314e+02, 3.08753418e+02, 1.99854431e+02,
    3.35794556e+02, 2.00215515e+02, 3.63004639e+02, 2.00553619e+02,
    2.54654388e+02, 2.25864334e+02, 2.80961670e+02, 2.26261551e+02,
    3.07598938e+02, 2.26950531e+02, 3.34673584e+02, 2.27644135e+02,
    3.61993073e+02, 2.28413498e+02 ]
CalibrationFramePatternWorld: [ 0., 0., 0., 0., 4.43000011e-02, 0., 0.,
    8.86000022e-02, 0., 0., 1.32900000e-01, 0., 0., 1.77200004e-01, 0.,
    4.43000011e-02, 0., 0., 4.43000011e-02, 4.43000011e-02, 0.,
    4.43000011e-02, 8.86000022e-02, 0., 4.43000011e-02, 1.32900000e-01,
    0., 4.43000011e-02, 1.77200004e-01, 0., 8.86000022e-02, 0., 0.,
    8.86000022e-02, 4.43000011e-02, 0., 8.86000022e-02, 8.86000022e-02,
    0., 8.86000022e-02, 1.32900000e-01, 0., 8.86000022e-02,
    1.77200004e-01, 0., 1.32900000e-01, 0., 0., 1.32900000e-01,
    4.43000011e-02, 0., 1.32900000e-01, 8.86000022e-02, 0.,
    1.32900000e-01, 1.32900000e-01, 0., 1.32900000e-01, 1.77200004e-01,
    0. ]
CalibrationFrameExtRotation: !!opencv-matrix
   rows: 3
   cols: 1
   dt: d
   data: [ -2.1007555812282468e+00, -2.1785998787986012e+00,
       2.8536445708180430e-01 ]
CalibrationFrameExtTranslation: !!opencv-matrix
   rows: 3
   cols: 1
   dt: d
   data: [ -1.1375958112624264e-01, -1.9716907640152415e-01,
       1.3575165074778310e+00 ]
CalibrationFrameRMSerror: 1.6513004899024963e-01
