%YAML:1.0
---
CalibrationFramePatternImage: [ 4.00620300e+02, 1.21207245e+02,
    4.33499207e+02, 1.26497696e+02, 4.67046448e+02, 1.32113556e+02,
    5.01487610e+02, 1.38106552e+02, 5.36549988e+02, 1.44327667e+02,
    3.95073517e+02, 1.55655273e+02, 4.27505737e+02, 1.61554016e+02,
    4.60918915e+02, 1.67809021e+02, 4.95343353e+02, 1.74150757e+02,
    5.30247925e+02, 1.80841156e+02, 3.89531219e+02, 1.89743713e+02,
    4.21784943e+02, 1.96315491e+02, 4.55130096e+02, 2.03044144e+02,
    4.89189026e+02, 2.09900345e+02, 5.23925659e+02, 2.16988663e+02,
    3.84512848e+02, 2.23759460e+02, 4.16467773e+02, 2.30663162e+02,
    4.49367828e+02, 2.37918442e+02, 4.83061005e+02, 2.45241058e+02,
    5.17441528e+02, 2.52961853e+02 ]
CalibrationFramePatternWorld: [ 0., 0., 0., 0., 4.43000011e-02, 0., 0.,
    8.86000022e-02, 0., 0., 1.32900000e-01, 0., 0., 1.77200004e-01, 0.,
    4.43000011e-02, 0., 0., 4.43000011e-02, 4.43000011e-02, 0.,
    4.43000011e-02, 8.86000022e-02, 0., 4.43000011e-02, 1.32900000e-01,
    0., 4.43000011e-02, 1.77200004e-01, 0., 8.86000022e-02, 0., 0.,
    8.86000022e-02, 4.43000011e-02, 0., 8.86000022e-02, 8.86000022e-02,
    0., 8.86000022e-02, 1.32900000e-01, 0., 8.86000022e-02,
    1.77200004e-01, 0., 1.32900000e-01, 0., 0., 1.32900000e-01,
    4.43000011e-02, 0., 1.32900000e-01, 8.86000022e-02, 0.,
    1.32900000e-01, 1.32900000e-01, 0., 1.32900000e-01, 1.77200004e-01,
    0. ]
CalibrationFrameExtRotation: !!opencv-matrix
   rows: 3
   cols: 1
   dt: d
   data: [ -1.7138389346696439e+00, -2.0804931551451857e+00,
       2.9242191824399072e-01 ]
CalibrationFrameExtTranslation: !!opencv-matrix
   rows: 3
   cols: 1
   dt: d
   data: [ 9.1193620803813547e-02, -1.8216690440221503e-01,
       1.0294929651795477e+00 ]
CalibrationFrameRMSerror: 1.7118139564990997e-01
