%YAML:1.0
---
CalibrationFramePatternImage: [ 4.20822693e+02, 2.91445923e+02,
    4.52675598e+02, 2.93687805e+02, 4.85225708e+02, 2.95820709e+02,
    5.18625732e+02, 2.98046509e+02, 5.52956421e+02, 3.00112457e+02,
    4.18014587e+02, 3.25585846e+02, 4.49732849e+02, 3.28345581e+02,
    4.82295288e+02, 3.31226349e+02, 5.15758911e+02, 3.33925354e+02,
    5.50207397e+02, 3.36632141e+02, 4.15365723e+02, 3.59488342e+02,
    4.46833038e+02, 3.62801025e+02, 4.79372742e+02, 3.66117401e+02,
    5.12954102e+02, 3.69397156e+02, 5.47120667e+02, 3.72816986e+02,
    4.13112030e+02, 3.93041931e+02, 4.44507507e+02, 3.96957489e+02,
    4.76891479e+02, 4.00926147e+02, 5.10110931e+02, 4.04820587e+02,
    5.44071960e+02, 4.08807343e+02 ]
CalibrationFramePatternWorld: [ 0., 0., 0., 0., 4.43000011e-02, 0., 0.,
    8.86000022e-02, 0., 0., 1.32900000e-01, 0., 0., 1.77200004e-01, 0.,
    4.43000011e-02, 0., 0., 4.43000011e-02, 4.43000011e-02, 0.,
    4.43000011e-02, 8.86000022e-02, 0., 4.43000011e-02, 1.32900000e-01,
    0., 4.43000011e-02, 1.77200004e-01, 0., 8.86000022e-02, 0., 0.,
    8.86000022e-02, 4.43000011e-02, 0., 8.86000022e-02, 8.86000022e-02,
    0., 8.86000022e-02, 1.32900000e-01, 0., 8.86000022e-02,
    1.77200004e-01, 0., 1.32900000e-01, 0., 0., 1.32900000e-01,
    4.43000011e-02, 0., 1.32900000e-01, 8.86000022e-02, 0.,
    1.32900000e-01, 1.32900000e-01, 0., 1.32900000e-01, 1.77200004e-01,
    0. ]
CalibrationFrameExtRotation: !!opencv-matrix
   rows: 3
   cols: 1
   dt: d
   data: [ -1.8704278990223102e+00, -1.9939217839409054e+00,
       5.7476486709578889e-01 ]
CalibrationFrameExtTranslation: !!opencv-matrix
   rows: 3
   cols: 1
   dt: d
   data: [ 1.1947820223530743e-01, 3.3897230398698984e-02,
       1.0645653420446863e+00 ]
CalibrationFrameRMSerror: 1.9848909974098206e-01
