%YAML:1.0
---
CalibrationFramePatternImage: [ 3.97714905e+02, 2.90460266e+02,
    4.33951721e+02, 2.89093689e+02, 4.69803406e+02, 2.87712921e+02,
    5.04911255e+02, 2.86253601e+02, 5.39267700e+02, 2.84862732e+02,
    3.99340485e+02, 3.27091522e+02, 4.35777374e+02, 3.25524292e+02,
    4.71760406e+02, 3.23912354e+02, 5.06936646e+02, 3.22174622e+02,
    5.41314331e+02, 3.20557343e+02, 4.00702911e+02, 3.63428955e+02,
    4.37231628e+02, 3.61715515e+02, 4.73155823e+02, 3.59822693e+02,
    5.08308807e+02, 3.57987549e+02, 5.42848022e+02, 3.56106140e+02,
    4.01855988e+02, 3.99660919e+02, 4.38228363e+02, 3.97842163e+02,
    4.74033142e+02, 3.95938171e+02, 5.09288177e+02, 3.93804291e+02,
    5.43729980e+02, 3.91517975e+02 ]
CalibrationFramePatternWorld: [ 0., 0., 0., 0., 4.43000011e-02, 0., 0.,
    8.86000022e-02, 0., 0., 1.32900000e-01, 0., 0., 1.77200004e-01, 0.,
    4.43000011e-02, 0., 0., 4.43000011e-02, 4.43000011e-02, 0.,
    4.43000011e-02, 8.86000022e-02, 0., 4.43000011e-02, 1.32900000e-01,
    0., 4.43000011e-02, 1.77200004e-01, 0., 8.86000022e-02, 0., 0.,
    8.86000022e-02, 4.43000011e-02, 0., 8.86000022e-02, 8.86000022e-02,
    0., 8.86000022e-02, 1.32900000e-01, 0., 8.86000022e-02,
    1.77200004e-01, 0., 1.32900000e-01, 0., 0., 1.32900000e-01,
    4.43000011e-02, 0., 1.32900000e-01, 8.86000022e-02, 0.,
    1.32900000e-01, 1.32900000e-01, 0., 1.32900000e-01, 1.77200004e-01,
    0. ]
CalibrationFrameExtRotation: !!opencv-matrix
   rows: 3
   cols: 1
   dt: d
   data: [ 2.2042122995709690e+00, 2.1275737381140325e+00,
       -8.7640758913862485e-02 ]
CalibrationFrameExtTranslation: !!opencv-matrix
   rows: 3
   cols: 1
   dt: d
   data: [ 8.4337638558703451e-02, 3.0503433176912401e-02,
       9.9887269174399518e-01 ]
CalibrationFrameRMSerror: 1.6189527511596680e-01
