%YAML:1.0
---
CalibrationFramePatternImage: [ 3.90261292e+02, 1.08454109e+02,
    4.25970978e+02, 1.12125122e+02, 4.61571686e+02, 1.15798973e+02,
    4.96677429e+02, 1.19528076e+02, 5.30972656e+02, 1.23410805e+02,
    3.87124664e+02, 1.44260788e+02, 4.23060089e+02, 1.47757767e+02,
    4.58588440e+02, 1.51348511e+02, 4.93641052e+02, 1.54979736e+02,
    5.27913940e+02, 1.58928711e+02, 3.83933929e+02, 1.79791916e+02,
    4.19824036e+02, 1.83297363e+02, 4.55286499e+02, 1.86752945e+02,
    4.90195618e+02, 1.90335007e+02, 5.24645508e+02, 1.94116272e+02,
    3.80479736e+02, 2.15246780e+02, 4.16156708e+02, 2.18636490e+02,
    4.51524506e+02, 2.22070633e+02, 4.86291138e+02, 2.25687912e+02,
    5.20746887e+02, 2.28994644e+02 ]
CalibrationFramePatternWorld: [ 0., 0., 0., 0., 4.43000011e-02, 0., 0.,
    8.86000022e-02, 0., 0., 1.32900000e-01, 0., 0., 1.77200004e-01, 0.,
    4.43000011e-02, 0., 0., 4.43000011e-02, 4.43000011e-02, 0.,
    4.43000011e-02, 8.86000022e-02, 0., 4.43000011e-02, 1.32900000e-01,
    0., 4.43000011e-02, 1.77200004e-01, 0., 8.86000022e-02, 0., 0.,
    8.86000022e-02, 4.43000011e-02, 0., 8.86000022e-02, 8.86000022e-02,
    0., 8.86000022e-02, 1.32900000e-01, 0., 8.86000022e-02,
    1.77200004e-01, 0., 1.32900000e-01, 0., 0., 1.32900000e-01,
    4.43000011e-02, 0., 1.32900000e-01, 8.86000022e-02, 0.,
    1.32900000e-01, 1.32900000e-01, 0., 1.32900000e-01, 1.77200004e-01,
    0. ]
CalibrationFrameExtRotation: !!opencv-matrix
   rows: 3
   cols: 1
   dt: d
   data: [ 2.1844903208213320e+00, 2.3901343945321432e+00,
       1.2590405123769904e-01 ]
CalibrationFrameExtTranslation: !!opencv-matrix
   rows: 3
   cols: 1
   dt: d
   data: [ 7.6400476339373760e-02, -1.9307870841748678e-01,
       1.0020208195751177e+00 ]
CalibrationFrameRMSerror: 1.8561898171901703e-01
