%YAML:1.0
---
CalibrationFramePatternImage: [ 3.96616669e+02, 9.12387314e+01,
    4.27511963e+02, 1.01431816e+02, 4.59176758e+02, 1.12053337e+02,
    4.91686554e+02, 1.23252853e+02, 5.25080139e+02, 1.34804276e+02,
    3.86272736e+02, 1.24148567e+02, 4.16782257e+02, 1.34698334e+02,
    4.48190887e+02, 1.45939941e+02, 4.80535889e+02, 1.57653305e+02,
    5.13783447e+02, 1.69627213e+02, 3.76223480e+02, 1.56744827e+02,
    4.06307922e+02, 1.67879639e+02, 4.37538910e+02, 1.79556702e+02,
    4.69610107e+02, 1.91533691e+02, 5.02421844e+02, 2.04029404e+02,
    3.66598206e+02, 1.89212234e+02, 3.96511292e+02, 2.00758820e+02,
    4.27339386e+02, 2.12826859e+02, 4.58931519e+02, 2.25103973e+02,
    4.91364807e+02, 2.37958664e+02 ]
CalibrationFramePatternWorld: [ 0., 0., 0., 0., 4.43000011e-02, 0., 0.,
    8.86000022e-02, 0., 0., 1.32900000e-01, 0., 0., 1.77200004e-01, 0.,
    4.43000011e-02, 0., 0., 4.43000011e-02, 4.43000011e-02, 0.,
    4.43000011e-02, 8.86000022e-02, 0., 4.43000011e-02, 1.32900000e-01,
    0., 4.43000011e-02, 1.77200004e-01, 0., 8.86000022e-02, 0., 0.,
    8.86000022e-02, 4.43000011e-02, 0., 8.86000022e-02, 8.86000022e-02,
    0., 8.86000022e-02, 1.32900000e-01, 0., 8.86000022e-02,
    1.77200004e-01, 0., 1.32900000e-01, 0., 0., 1.32900000e-01,
    4.43000011e-02, 0., 1.32900000e-01, 8.86000022e-02, 0.,
    1.32900000e-01, 1.32900000e-01, 0., 1.32900000e-01, 1.77200004e-01,
    0. ]
CalibrationFrameExtRotation: !!opencv-matrix
   rows: 3
   cols: 1
   dt: d
   data: [ -1.5222896021099925e+00, -2.1769346878922020e+00,
       2.4803591596803240e-01 ]
CalibrationFrameExtTranslation: !!opencv-matrix
   rows: 3
   cols: 1
   dt: d
   data: [ 8.6365712787577598e-02, -2.2139127430797034e-01,
       1.0312740187606839e+00 ]
CalibrationFrameRMSerror: 2.2828556597232819e-01
