%YAML:1.0
---
CalibrationFramePatternImage: [ 7.50124588e+01, 6.02386665e+01,
    1.01835983e+02, 6.60149536e+01, 1.29479279e+02, 7.18333359e+01,
    1.58286331e+02, 7.84641037e+01, 1.88216415e+02, 8.53479538e+01,
    7.04818726e+01, 9.20332336e+01, 9.66783295e+01, 9.83124390e+01,
    1.24317970e+02, 1.05140244e+02, 1.52886459e+02, 1.12227280e+02,
    1.82567261e+02, 1.19894478e+02, 6.62149353e+01, 1.23081070e+02,
    9.23313751e+01, 1.30156891e+02, 1.19448235e+02, 1.37662521e+02,
    1.47654129e+02, 1.45400543e+02, 1.76999649e+02, 1.53514008e+02,
    6.26028595e+01, 1.53554459e+02, 8.84952393e+01, 1.61365082e+02,
    1.15366280e+02, 1.69355621e+02, 1.43171585e+02, 1.77644775e+02,
    1.71898178e+02, 1.86500061e+02 ]
CalibrationFramePatternWorld: [ 0., 0., 0., 0., 4.43000011e-02, 0., 0.,
    8.86000022e-02, 0., 0., 1.32900000e-01, 0., 0., 1.77200004e-01, 0.,
    4.43000011e-02, 0., 0., 4.43000011e-02, 4.43000011e-02, 0.,
    4.43000011e-02, 8.86000022e-02, 0., 4.43000011e-02, 1.32900000e-01,
    0., 4.43000011e-02, 1.77200004e-01, 0., 8.86000022e-02, 0., 0.,
    8.86000022e-02, 4.43000011e-02, 0., 8.86000022e-02, 8.86000022e-02,
    0., 8.86000022e-02, 1.32900000e-01, 0., 8.86000022e-02,
    1.77200004e-01, 0., 1.32900000e-01, 0., 0., 1.32900000e-01,
    4.43000011e-02, 0., 1.32900000e-01, 8.86000022e-02, 0.,
    1.32900000e-01, 1.32900000e-01, 0., 1.32900000e-01, 1.77200004e-01,
    0. ]
CalibrationFrameExtRotation: !!opencv-matrix
   rows: 3
   cols: 1
   dt: d
   data: [ -1.6570710619286400e+00, -2.1544936450622867e+00,
       -1.4311211260474160e-02 ]
CalibrationFrameExtTranslation: !!opencv-matrix
   rows: 3
   cols: 1
   dt: d
   data: [ -3.3782610079672354e-01, -2.7620030926714811e-01,
       1.0513614868665702e+00 ]
CalibrationFrameRMSerror: 2.8812813758850098e-01
