%YAML:1.0
---
CalibrationFramePatternImage: [ 2.52948212e+02, 5.65744781e+01,
    2.89114807e+02, 5.75847931e+01, 3.25892242e+02, 5.88308258e+01,
    3.63375092e+02, 6.04417038e+01, 4.01489990e+02, 6.23558006e+01,
    2.50824600e+02, 9.34857178e+01, 2.86632385e+02, 9.50125122e+01,
    3.23425293e+02, 9.66064148e+01, 3.60829956e+02, 9.85617676e+01,
    3.99129272e+02, 1.00671623e+02, 2.48903992e+02, 1.30204056e+02,
    2.84579437e+02, 1.32151031e+02, 3.21212524e+02, 1.34292343e+02,
    3.58702179e+02, 1.36538742e+02, 3.96723999e+02, 1.39155487e+02,
    2.47506500e+02, 1.66951630e+02, 2.83091644e+02, 1.69151642e+02,
    3.19528107e+02, 1.71754700e+02, 3.56674622e+02, 1.74330307e+02,
    3.94446838e+02, 1.77243118e+02 ]
CalibrationFramePatternWorld: [ 0., 0., 0., 0., 4.43000011e-02, 0., 0.,
    8.86000022e-02, 0., 0., 1.32900000e-01, 0., 0., 1.77200004e-01, 0.,
    4.43000011e-02, 0., 0., 4.43000011e-02, 4.43000011e-02, 0.,
    4.43000011e-02, 8.86000022e-02, 0., 4.43000011e-02, 1.32900000e-01,
    0., 4.43000011e-02, 1.77200004e-01, 0., 8.86000022e-02, 0., 0.,
    8.86000022e-02, 4.43000011e-02, 0., 8.86000022e-02, 8.86000022e-02,
    0., 8.86000022e-02, 1.32900000e-01, 0., 8.86000022e-02,
    1.77200004e-01, 0., 1.32900000e-01, 0., 0., 1.32900000e-01,
    4.43000011e-02, 0., 1.32900000e-01, 8.86000022e-02, 0.,
    1.32900000e-01, 1.32900000e-01, 0., 1.32900000e-01, 1.77200004e-01,
    0. ]
CalibrationFrameExtRotation: !!opencv-matrix
   rows: 3
   cols: 1
   dt: d
   data: [ -1.9443224595795898e+00, -2.0988297413995989e+00,
       5.1073705743649132e-02 ]
CalibrationFrameExtTranslation: !!opencv-matrix
   rows: 3
   cols: 1
   dt: d
   data: [ -8.8714341439100897e-02, -2.4868804776133904e-01,
       9.5999757624550397e-01 ]
CalibrationFrameRMSerror: 1.9236895442008972e-01
