%YAML:1.0
---
CalibrationFramePatternImage: [ 2.01455109e+02, 6.95566025e+01,
    2.37776840e+02, 6.67578506e+01, 2.72885803e+02, 6.43971024e+01,
    3.06766174e+02, 6.22491226e+01, 3.39055511e+02, 6.04424171e+01,
    2.03482956e+02, 1.08922821e+02, 2.39610504e+02, 1.05461090e+02,
    2.74533600e+02, 1.02353409e+02, 3.07974548e+02, 9.93628693e+01,
    3.39975098e+02, 9.66658173e+01, 2.05532715e+02, 1.47747681e+02,
    2.41388138e+02, 1.43574020e+02, 2.75901794e+02, 1.39621033e+02,
    3.08981384e+02, 136., 3.40629944e+02, 1.32506195e+02, 2.07168488e+02,
    1.85976273e+02, 2.42561310e+02, 1.81076096e+02, 2.76679779e+02,
    1.76464828e+02, 3.09463623e+02, 1.72098801e+02, 3.40881897e+02,
    1.67905167e+02 ]
CalibrationFramePatternWorld: [ 0., 0., 0., 0., 4.43000011e-02, 0., 0.,
    8.86000022e-02, 0., 0., 1.32900000e-01, 0., 0., 1.77200004e-01, 0.,
    4.43000011e-02, 0., 0., 4.43000011e-02, 4.43000011e-02, 0.,
    4.43000011e-02, 8.86000022e-02, 0., 4.43000011e-02, 1.32900000e-01,
    0., 4.43000011e-02, 1.77200004e-01, 0., 8.86000022e-02, 0., 0.,
    8.86000022e-02, 4.43000011e-02, 0., 8.86000022e-02, 8.86000022e-02,
    0., 8.86000022e-02, 1.32900000e-01, 0., 8.86000022e-02,
    1.77200004e-01, 0., 1.32900000e-01, 0., 0., 1.32900000e-01,
    4.43000011e-02, 0., 1.32900000e-01, 8.86000022e-02, 0.,
    1.32900000e-01, 1.32900000e-01, 0., 1.32900000e-01, 1.77200004e-01,
    0. ]
CalibrationFrameExtRotation: !!opencv-matrix
   rows: 3
   cols: 1
   dt: d
   data: [ 2.1218494416087261e+00, 1.9104979912283997e+00,
       8.5423404833363648e-01 ]
CalibrationFrameExtTranslation: !!opencv-matrix
   rows: 3
   cols: 1
   dt: d
   data: [ -1.3898131230181618e-01, -2.1682452709673886e-01,
       8.9015014306676543e-01 ]
CalibrationFrameRMSerror: 2.1866163611412048e-01
