%YAML:1.0
---
CalibrationFramePatternImage: [ 2.08009262e+02, 1.58888000e+02,
    2.35559189e+02, 1.68757339e+02, 2.63824341e+02, 1.79251694e+02,
    2.93751312e+02, 1.89977325e+02, 3.24588562e+02, 2.01477615e+02,
    1.96124725e+02, 1.91494843e+02, 2.23010437e+02, 2.02201920e+02,
    2.51281174e+02, 2.13191925e+02, 2.80600189e+02, 2.24896149e+02,
    3.11250061e+02, 2.37105148e+02, 1.84639114e+02, 2.24050964e+02,
    2.11056351e+02, 2.35264084e+02, 2.38901749e+02, 2.47092529e+02,
    2.68047943e+02, 2.59451355e+02, 2.98488342e+02, 2.72300018e+02,
    1.73981247e+02, 2.56455231e+02, 2.00263245e+02, 2.68328522e+02,
    2.27561798e+02, 2.80861511e+02, 2.56239563e+02, 2.93936340e+02,
    2.86015808e+02, 3.07291626e+02 ]
CalibrationFramePatternWorld: [ 0., 0., 0., 0., 4.43000011e-02, 0., 0.,
    8.86000022e-02, 0., 0., 1.32900000e-01, 0., 0., 1.77200004e-01, 0.,
    4.43000011e-02, 0., 0., 4.43000011e-02, 4.43000011e-02, 0.,
    4.43000011e-02, 8.86000022e-02, 0., 4.43000011e-02, 1.32900000e-01,
    0., 4.43000011e-02, 1.77200004e-01, 0., 8.86000022e-02, 0., 0.,
    8.86000022e-02, 4.43000011e-02, 0., 8.86000022e-02, 8.86000022e-02,
    0., 8.86000022e-02, 1.32900000e-01, 0., 8.86000022e-02,
    1.77200004e-01, 0., 1.32900000e-01, 0., 0., 1.32900000e-01,
    4.43000011e-02, 0., 1.32900000e-01, 8.86000022e-02, 0.,
    1.32900000e-01, 1.32900000e-01, 0., 1.32900000e-01, 1.77200004e-01,
    0. ]
CalibrationFrameExtRotation: !!opencv-matrix
   rows: 3
   cols: 1
   dt: d
   data: [ -1.5722601602478148e+00, -2.2961869231824545e+00,
       4.4455482651482453e-01 ]
CalibrationFrameExtTranslation: !!opencv-matrix
   rows: 3
   cols: 1
   dt: d
   data: [ -1.5198332875831319e-01, -1.3585101133776933e-01,
       1.0403853079046981e+00 ]
CalibrationFrameRMSerror: 2.5630572438240051e-01
