%YAML:1.0
---
CalibrationFramePatternImage: [ 3.77417572e+02, 2.90663544e+02,
    4.11399719e+02, 2.87725189e+02, 4.44407959e+02, 2.84749542e+02,
    4.76073029e+02, 2.81916840e+02, 5.06205719e+02, 2.79073822e+02,
    3.80690735e+02, 3.28581238e+02, 4.15024994e+02, 3.24855499e+02,
    4.47955200e+02, 3.21186951e+02, 4.79455780e+02, 3.17585999e+02,
    5.09686707e+02, 3.14166229e+02, 3.83683533e+02, 3.65877960e+02,
    4.17948334e+02, 3.61674469e+02, 4.50900665e+02, 3.57265045e+02,
    4.82111542e+02, 3.53163666e+02, 5.12227478e+02, 3.48848206e+02,
    3.86180878e+02, 4.02885406e+02, 4.20165985e+02, 3.97913208e+02,
    4.52925568e+02, 3.93053650e+02, 4.84383820e+02, 3.88291199e+02,
    5.14272034e+02, 3.83448547e+02 ]
CalibrationFramePatternWorld: [ 0., 0., 0., 0., 4.43000011e-02, 0., 0.,
    8.86000022e-02, 0., 0., 1.32900000e-01, 0., 0., 1.77200004e-01, 0.,
    4.43000011e-02, 0., 0., 4.43000011e-02, 4.43000011e-02, 0.,
    4.43000011e-02, 8.86000022e-02, 0., 4.43000011e-02, 1.32900000e-01,
    0., 4.43000011e-02, 1.77200004e-01, 0., 8.86000022e-02, 0., 0.,
    8.86000022e-02, 4.43000011e-02, 0., 8.86000022e-02, 8.86000022e-02,
    0., 8.86000022e-02, 1.32900000e-01, 0., 8.86000022e-02,
    1.77200004e-01, 0., 1.32900000e-01, 0., 0., 1.32900000e-01,
    4.43000011e-02, 0., 1.32900000e-01, 8.86000022e-02, 0.,
    1.32900000e-01, 1.32900000e-01, 0., 1.32900000e-01, 1.77200004e-01,
    0. ]
CalibrationFrameExtRotation: !!opencv-matrix
   rows: 3
   cols: 1
   dt: d
   data: [ 2.0959903853473474e+00, 1.9371068808927661e+00,
       3.0164414084150898e-01 ]
CalibrationFrameExtTranslation: !!opencv-matrix
   rows: 3
   cols: 1
   dt: d
   data: [ 5.7475425623115022e-02, 2.9683891324459016e-02,
       9.6396500812305430e-01 ]
CalibrationFrameRMSerror: 2.5984779000282288e-01
