%YAML:1.0
---
CalibrationFramePatternImage: [ 2.14136093e+02, 2.24541290e+02,
    2.42339615e+02, 2.26963364e+02, 2.69977631e+02, 2.29153305e+02,
    2.97101959e+02, 2.31565826e+02, 3.23753723e+02, 2.33907211e+02,
    2.11137070e+02, 2.53901352e+02, 2.39207520e+02, 2.55967743e+02,
    2.66729156e+02, 2.57998352e+02, 2.94016785e+02, 2.60028534e+02,
    3.20276794e+02, 2.61885193e+02, 2.08283524e+02, 2.82864349e+02,
    2.36361115e+02, 2.84658508e+02, 2.63983093e+02, 2.86496613e+02,
    2.90947296e+02, 2.88040253e+02, 3.17176392e+02, 2.89615326e+02,
    2.05368073e+02, 3.11532562e+02, 2.33282425e+02, 3.13074432e+02,
    2.60560822e+02, 3.14472961e+02, 2.87523987e+02, 3.15638947e+02,
    3.13816772e+02, 3.17121735e+02 ]
CalibrationFramePatternWorld: [ 0., 0., 0., 0., 4.43000011e-02, 0., 0.,
    8.86000022e-02, 0., 0., 1.32900000e-01, 0., 0., 1.77200004e-01, 0.,
    4.43000011e-02, 0., 0., 4.43000011e-02, 4.43000011e-02, 0.,
    4.43000011e-02, 8.86000022e-02, 0., 4.43000011e-02, 1.32900000e-01,
    0., 4.43000011e-02, 1.77200004e-01, 0., 8.86000022e-02, 0., 0.,
    8.86000022e-02, 4.43000011e-02, 0., 8.86000022e-02, 8.86000022e-02,
    0., 8.86000022e-02, 1.32900000e-01, 0., 8.86000022e-02,
    1.77200004e-01, 0., 1.32900000e-01, 0., 0., 1.32900000e-01,
    4.43000011e-02, 0., 1.32900000e-01, 8.86000022e-02, 0.,
    1.32900000e-01, 1.32900000e-01, 0., 1.32900000e-01, 1.77200004e-01,
    0. ]
CalibrationFrameExtRotation: !!opencv-matrix
   rows: 3
   cols: 1
   dt: d
   data: [ 1.9481086180347700e+00, 2.1441326463659109e+00,
       5.4639930591935004e-01 ]
CalibrationFrameExtTranslation: !!opencv-matrix
   rows: 3
   cols: 1
   dt: d
   data: [ -1.6913530638504981e-01, -6.1093673598495886e-02,
       1.2268360498478164e+00 ]
CalibrationFrameRMSerror: 1.4994929730892181e-01
