%YAML:1.0
---
CalibrationFramePatternImage: [ 8.02860336e+01, 8.70325775e+01,
    1.08870346e+02, 7.41151962e+01, 1.38035156e+02, 6.11996536e+01,
    1.68451614e+02, 4.81894112e+01, 1.99680832e+02, 3.51614113e+01,
    9.00214462e+01, 1.18178734e+02, 1.18552231e+02, 1.05884697e+02,
    1.48199509e+02, 9.31978683e+01, 1.78784332e+02, 8.04420853e+01,
    2.10317612e+02, 6.77336044e+01, 1.00587799e+02, 1.49837036e+02,
    1.29114792e+02, 1.37814087e+02, 1.58914001e+02, 1.25684731e+02,
    1.89771576e+02, 1.13210564e+02, 2.21517883e+02, 1.00715996e+02,
    1.11839882e+02, 1.81582047e+02, 1.40667526e+02, 1.70131119e+02,
    1.70499008e+02, 1.58334244e+02, 2.01470764e+02, 1.46299728e+02,
    2.33257462e+02, 1.34142532e+02 ]
CalibrationFramePatternWorld: [ 0., 0., 0., 0., 4.43000011e-02, 0., 0.,
    8.86000022e-02, 0., 0., 1.32900000e-01, 0., 0., 1.77200004e-01, 0.,
    4.43000011e-02, 0., 0., 4.43000011e-02, 4.43000011e-02, 0.,
    4.43000011e-02, 8.86000022e-02, 0., 4.43000011e-02, 1.32900000e-01,
    0., 4.43000011e-02, 1.77200004e-01, 0., 8.86000022e-02, 0., 0.,
    8.86000022e-02, 4.43000011e-02, 0., 8.86000022e-02, 8.86000022e-02,
    0., 8.86000022e-02, 1.32900000e-01, 0., 8.86000022e-02,
    1.77200004e-01, 0., 1.32900000e-01, 0., 0., 1.32900000e-01,
    4.43000011e-02, 0., 1.32900000e-01, 8.86000022e-02, 0.,
    1.32900000e-01, 1.32900000e-01, 0., 1.32900000e-01, 1.77200004e-01,
    0. ]
CalibrationFrameExtRotation: !!opencv-matrix
   rows: 3
   cols: 1
   dt: d
   data: [ -2.3499847405606671e+00, -1.6943531490241941e+00,
       9.5633731981524653e-02 ]
CalibrationFrameExtTranslation: !!opencv-matrix
   rows: 3
   cols: 1
   dt: d
   data: [ -3.2305702878307579e-01, -2.3408603942956152e-01,
       1.0342259314134892e+00 ]
CalibrationFrameRMSerror: 2.6348075270652771e-01
