%YAML:1.0
---
CalibrationFramePatternImage: [ 4.75974007e+01, 8.31530533e+01,
    8.16258774e+01, 7.65139847e+01, 1.15491676e+02, 7.00432968e+01,
    1.48907898e+02, 6.38875313e+01, 1.81925110e+02, 5.80972443e+01,
    5.41833649e+01, 1.17136429e+02, 8.82604141e+01, 1.10053207e+02,
    1.22309380e+02, 1.03148041e+02, 1.55904846e+02, 9.67575455e+01,
    1.88919266e+02, 9.05967560e+01, 6.10828094e+01, 1.51199158e+02,
    9.53667679e+01, 1.43824005e+02, 1.29378265e+02, 1.36626648e+02,
    1.62982727e+02, 1.29766388e+02, 1.95997986e+02, 1.23222221e+02,
    6.82250900e+01, 1.85723831e+02, 1.02605705e+02, 1.78116776e+02,
    1.36531830e+02, 1.70668655e+02, 1.70168457e+02, 1.63455139e+02,
    2.03201157e+02, 1.56502319e+02 ]
CalibrationFramePatternWorld: [ 0., 0., 0., 0., 4.43000011e-02, 0., 0.,
    8.86000022e-02, 0., 0., 1.32900000e-01, 0., 0., 1.77200004e-01, 0.,
    4.43000011e-02, 0., 0., 4.43000011e-02, 4.43000011e-02, 0.,
    4.43000011e-02, 8.86000022e-02, 0., 4.43000011e-02, 1.32900000e-01,
    0., 4.43000011e-02, 1.77200004e-01, 0., 8.86000022e-02, 0., 0.,
    8.86000022e-02, 4.43000011e-02, 0., 8.86000022e-02, 8.86000022e-02,
    0., 8.86000022e-02, 1.32900000e-01, 0., 8.86000022e-02,
    1.77200004e-01, 0., 1.32900000e-01, 0., 0., 1.32900000e-01,
    4.43000011e-02, 0., 1.32900000e-01, 8.86000022e-02, 0.,
    1.32900000e-01, 1.32900000e-01, 0., 1.32900000e-01, 1.77200004e-01,
    0. ]
CalibrationFrameExtRotation: !!opencv-matrix
   rows: 3
   cols: 1
   dt: d
   data: [ 2.2659359721315080e+00, 1.7879724525675782e+00,
       4.2163462433881810e-01 ]
CalibrationFrameExtTranslation: !!opencv-matrix
   rows: 3
   cols: 1
   dt: d
   data: [ -3.4936932046212776e-01, -2.2822149209285159e-01,
       9.7777349768339561e-01 ]
CalibrationFrameRMSerror: 1.2933862209320068e-01
