%YAML:1.0
---
CalibrationFramePatternImage: [ 2.58125000e+02, 1.23123756e+02,
    2.84706726e+02, 1.23941467e+02, 3.11227081e+02, 1.24619858e+02,
    3.37987000e+02, 1.25642502e+02, 3.64605377e+02, 1.26541588e+02,
    2.56990631e+02, 1.49277771e+02, 2.83621094e+02, 1.50181641e+02,
    3.10142761e+02, 1.50977036e+02, 3.36906372e+02, 1.51932587e+02,
    3.63696411e+02, 1.52929367e+02, 2.55737686e+02, 1.75461288e+02,
    2.82226227e+02, 1.76442978e+02, 3.09016541e+02, 1.77197311e+02,
    3.35836761e+02, 1.78209808e+02, 3.62683746e+02, 1.79364960e+02,
    2.54759598e+02, 2.01940521e+02, 2.81247833e+02, 2.02895905e+02,
    3.08028839e+02, 2.03753830e+02, 3.34953888e+02, 2.04715256e+02,
    3.61529297e+02, 2.05919418e+02 ]
CalibrationFramePatternWorld: [ 0., 0., 0., 0., 4.43000011e-02, 0., 0.,
    8.86000022e-02, 0., 0., 1.32900000e-01, 0., 0., 1.77200004e-01, 0.,
    4.43000011e-02, 0., 0., 4.43000011e-02, 4.43000011e-02, 0.,
    4.43000011e-02, 8.86000022e-02, 0., 4.43000011e-02, 1.32900000e-01,
    0., 4.43000011e-02, 1.77200004e-01, 0., 8.86000022e-02, 0., 0.,
    8.86000022e-02, 4.43000011e-02, 0., 8.86000022e-02, 8.86000022e-02,
    0., 8.86000022e-02, 1.32900000e-01, 0., 8.86000022e-02,
    1.77200004e-01, 0., 1.32900000e-01, 0., 0., 1.32900000e-01,
    4.43000011e-02, 0., 1.32900000e-01, 8.86000022e-02, 0.,
    1.32900000e-01, 1.32900000e-01, 0., 1.32900000e-01, 1.77200004e-01,
    0. ]
CalibrationFrameExtRotation: !!opencv-matrix
   rows: 3
   cols: 1
   dt: d
   data: [ 2.2019793286642479e+00, 2.2911747990282785e+00,
       -1.5239022344940454e-03 ]
CalibrationFrameExtTranslation: !!opencv-matrix
   rows: 3
   cols: 1
   dt: d
   data: [ -1.1612114259936338e-01, -2.3854757873198634e-01,
       1.3682378416594858e+00 ]
CalibrationFrameRMSerror: 1.0426002740859985e-01
