%YAML:1.0
---
CalibrationFramePatternImage: [ 2.24890976e+02, 3.00593048e+02,
    2.41584671e+02, 3.05140839e+02, 2.57892395e+02, 3.09579987e+02,
    2.73960083e+02, 3.14024536e+02, 2.89832031e+02, 3.18348450e+02,
    3.05148438e+02, 3.22770660e+02, 3.20306030e+02, 3.26519379e+02,
    2.20614365e+02, 3.19092438e+02, 2.37461197e+02, 3.23646149e+02,
    2.53859161e+02, 3.28100189e+02, 2.70103973e+02, 3.32186981e+02,
    2.85728790e+02, 3.36444214e+02, 3.01391907e+02, 3.40518250e+02,
    3.16350830e+02, 3.44616455e+02, 2.16131668e+02, 3.37656647e+02,
    2.32930664e+02, 3.42041473e+02, 2.49631668e+02, 3.46274323e+02,
    2.65676727e+02, 3.50234436e+02, 2.81881714e+02, 3.54332733e+02,
    2.97324921e+02, 3.58313751e+02, 3.12483826e+02, 3.62105591e+02,
    2.11567337e+02, 3.56160889e+02, 2.28593369e+02, 3.60260529e+02,
    2.45214569e+02, 3.64350342e+02, 2.61732544e+02, 3.68307343e+02,
    2.77650024e+02, 3.72120636e+02, 2.93475861e+02, 3.75918427e+02,
    3.08575500e+02, 3.79580963e+02, 2.07315948e+02, 3.74505402e+02,
    2.24138428e+02, 3.78462280e+02, 2.41001740e+02, 3.82446014e+02,
    2.57252136e+02, 3.86251923e+02, 2.73283966e+02, 3.89923981e+02,
    2.89188232e+02, 3.93561584e+02, 3.04795990e+02, 3.97270599e+02 ]
CalibrationFramePatternWorld: [ 0., 0., 0., 0., 2.70000007e-02, 0., 0.,
    5.40000014e-02, 0., 0., 8.10000002e-02, 0., 0., 1.08000003e-01, 0.,
    0., 1.35000005e-01, 0., 0., 1.62000000e-01, 0., 2.70000007e-02, 0.,
    0., 2.70000007e-02, 2.70000007e-02, 0., 2.70000007e-02,
    5.40000014e-02, 0., 2.70000007e-02, 8.10000002e-02, 0.,
    2.70000007e-02, 1.08000003e-01, 0., 2.70000007e-02, 1.35000005e-01,
    0., 2.70000007e-02, 1.62000000e-01, 0., 5.40000014e-02, 0., 0.,
    5.40000014e-02, 2.70000007e-02, 0., 5.40000014e-02, 5.40000014e-02,
    0., 5.40000014e-02, 8.10000002e-02, 0., 5.40000014e-02,
    1.08000003e-01, 0., 5.40000014e-02, 1.35000005e-01, 0.,
    5.40000014e-02, 1.62000000e-01, 0., 8.10000002e-02, 0., 0.,
    8.10000002e-02, 2.70000007e-02, 0., 8.10000002e-02, 5.40000014e-02,
    0., 8.10000002e-02, 8.10000002e-02, 0., 8.10000002e-02,
    1.08000003e-01, 0., 8.10000002e-02, 1.35000005e-01, 0.,
    8.10000002e-02, 1.62000000e-01, 0., 1.08000003e-01, 0., 0.,
    1.08000003e-01, 2.70000007e-02, 0., 1.08000003e-01, 5.40000014e-02,
    0., 1.08000003e-01, 8.10000002e-02, 0., 1.08000003e-01,
    1.08000003e-01, 0., 1.08000003e-01, 1.35000005e-01, 0.,
    1.08000003e-01, 1.62000000e-01, 0. ]
CalibrationFrameExtRotation: !!opencv-matrix
   rows: 3
   cols: 1
   dt: d
   data: [ 1.6546539689653181e+00, 2.1542901449809122e+00,
       3.8353127290335365e-01 ]
CalibrationFrameExtTranslation: !!opencv-matrix
   rows: 3
   cols: 1
   dt: d
   data: [ -5.5256064480076680e-02, 4.1964408537025329e-02,
       1.1592304566575966e+00 ]
CalibrationFrameRMSerror: 2.0488725602626801e-01
