%YAML:1.0
---
CalibrationFramePatternImage: [ 2.84598724e+02, 2.88505798e+02,
    3.02368317e+02, 2.94609253e+02, 3.20138611e+02, 3.00574554e+02,
    3.37660370e+02, 3.06400299e+02, 3.55464478e+02, 3.12456085e+02,
    3.73228882e+02, 3.18445404e+02, 3.90683289e+02, 3.24238220e+02,
    2.78346466e+02, 3.06380646e+02, 2.96325134e+02, 3.12160614e+02,
    3.13876495e+02, 3.18304077e+02, 3.31594666e+02, 3.24315155e+02,
    3.49248871e+02, 3.30061981e+02, 3.66870972e+02, 3.36240723e+02,
    3.84405945e+02, 3.41860229e+02, 2.72635101e+02, 3.23534149e+02,
    2.90173492e+02, 3.29530945e+02, 3.07882385e+02, 3.35726135e+02,
    3.25326111e+02, 3.41534607e+02, 3.43241577e+02, 3.47619904e+02,
    3.60597321e+02, 3.53467682e+02, 3.78211823e+02, 3.59354431e+02,
    2.66523163e+02, 3.40646423e+02, 2.84440918e+02, 3.46889496e+02,
    3.01602570e+02, 3.52857208e+02, 3.19414673e+02, 3.58795380e+02,
    3.36869263e+02, 3.64794403e+02, 3.54466888e+02, 3.70726135e+02,
    3.71498627e+02, 3.76643188e+02, 2.60708374e+02, 3.57692200e+02,
    2.78020905e+02, 3.63947571e+02, 2.95856110e+02, 3.69902008e+02,
    3.13237885e+02, 3.75679077e+02, 3.30665192e+02, 3.81868469e+02,
    3.48026733e+02, 3.87670013e+02, 3.65752289e+02, 3.93956940e+02 ]
CalibrationFramePatternWorld: [ 0., 0., 0., 0., 2.70000007e-02, 0., 0.,
    5.40000014e-02, 0., 0., 8.10000002e-02, 0., 0., 1.08000003e-01, 0.,
    0., 1.35000005e-01, 0., 0., 1.62000000e-01, 0., 2.70000007e-02, 0.,
    0., 2.70000007e-02, 2.70000007e-02, 0., 2.70000007e-02,
    5.40000014e-02, 0., 2.70000007e-02, 8.10000002e-02, 0.,
    2.70000007e-02, 1.08000003e-01, 0., 2.70000007e-02, 1.35000005e-01,
    0., 2.70000007e-02, 1.62000000e-01, 0., 5.40000014e-02, 0., 0.,
    5.40000014e-02, 2.70000007e-02, 0., 5.40000014e-02, 5.40000014e-02,
    0., 5.40000014e-02, 8.10000002e-02, 0., 5.40000014e-02,
    1.08000003e-01, 0., 5.40000014e-02, 1.35000005e-01, 0.,
    5.40000014e-02, 1.62000000e-01, 0., 8.10000002e-02, 0., 0.,
    8.10000002e-02, 2.70000007e-02, 0., 8.10000002e-02, 5.40000014e-02,
    0., 8.10000002e-02, 8.10000002e-02, 0., 8.10000002e-02,
    1.08000003e-01, 0., 8.10000002e-02, 1.35000005e-01, 0.,
    8.10000002e-02, 1.62000000e-01, 0., 1.08000003e-01, 0., 0.,
    1.08000003e-01, 2.70000007e-02, 0., 1.08000003e-01, 5.40000014e-02,
    0., 1.08000003e-01, 8.10000002e-02, 0., 1.08000003e-01,
    1.08000003e-01, 0., 1.08000003e-01, 1.35000005e-01, 0.,
    1.08000003e-01, 1.62000000e-01, 0. ]
CalibrationFrameExtRotation: !!opencv-matrix
   rows: 3
   cols: 1
   dt: d
   data: [ -1.7812606372040674e+00, -2.4918037067981813e+00,
       6.6156178048383363e-02 ]
CalibrationFrameExtTranslation: !!opencv-matrix
   rows: 3
   cols: 1
   dt: d
   data: [ 2.9348792145380127e-02, 2.6141290035664975e-02,
       1.1999603702517425e+00 ]
CalibrationFrameRMSerror: 2.0451055467128754e-01
