%YAML:1.0
---
CalibrationFramePatternImage: [ 4.50548920e+02, 1.32658752e+02,
    4.67887909e+02, 1.39813583e+02, 4.85510559e+02, 1.46768250e+02,
    5.02843719e+02, 1.53802399e+02, 5.20421936e+02, 1.60862930e+02,
    5.37635803e+02, 1.68032059e+02, 5.54642456e+02, 1.75241104e+02,
    4.43479065e+02, 1.49866104e+02, 4.61274750e+02, 1.56865112e+02,
    4.78597443e+02, 1.63689590e+02, 4.96170349e+02, 1.70878723e+02,
    5.13169922e+02, 1.77770050e+02, 5.30417480e+02, 1.84743668e+02,
    5.47218140e+02, 1.91710342e+02, 4.37038239e+02, 1.66427353e+02,
    4.54324921e+02, 1.73402390e+02, 4.71869568e+02, 1.80515930e+02,
    4.89068665e+02, 1.87316330e+02, 5.06282104e+02, 1.94352798e+02,
    5.23201172e+02, 2.01309204e+02, 5.40107483e+02, 2.08151245e+02,
    4.30407745e+02, 1.82870361e+02, 4.47769806e+02, 1.89703796e+02,
    4.65010101e+02, 1.96481522e+02, 4.82201324e+02, 2.03652237e+02,
    4.99299835e+02, 2.10435562e+02, 5.16337524e+02, 2.17578201e+02,
    5.32843262e+02, 2.24024963e+02, 4.24141632e+02, 1.99125626e+02,
    4.41184845e+02, 2.05864639e+02, 4.58485229e+02, 2.12804459e+02,
    4.75366821e+02, 2.19482513e+02, 4.92419189e+02, 2.26306335e+02,
    5.09227173e+02, 2.33177002e+02, 5.26091980e+02, 2.39962875e+02 ]
CalibrationFramePatternWorld: [ 0., 0., 0., 0., 2.70000007e-02, 0., 0.,
    5.40000014e-02, 0., 0., 8.10000002e-02, 0., 0., 1.08000003e-01, 0.,
    0., 1.35000005e-01, 0., 0., 1.62000000e-01, 0., 2.70000007e-02, 0.,
    0., 2.70000007e-02, 2.70000007e-02, 0., 2.70000007e-02,
    5.40000014e-02, 0., 2.70000007e-02, 8.10000002e-02, 0.,
    2.70000007e-02, 1.08000003e-01, 0., 2.70000007e-02, 1.35000005e-01,
    0., 2.70000007e-02, 1.62000000e-01, 0., 5.40000014e-02, 0., 0.,
    5.40000014e-02, 2.70000007e-02, 0., 5.40000014e-02, 5.40000014e-02,
    0., 5.40000014e-02, 8.10000002e-02, 0., 5.40000014e-02,
    1.08000003e-01, 0., 5.40000014e-02, 1.35000005e-01, 0.,
    5.40000014e-02, 1.62000000e-01, 0., 8.10000002e-02, 0., 0.,
    8.10000002e-02, 2.70000007e-02, 0., 8.10000002e-02, 5.40000014e-02,
    0., 8.10000002e-02, 8.10000002e-02, 0., 8.10000002e-02,
    1.08000003e-01, 0., 8.10000002e-02, 1.35000005e-01, 0.,
    8.10000002e-02, 1.62000000e-01, 0., 1.08000003e-01, 0., 0.,
    1.08000003e-01, 2.70000007e-02, 0., 1.08000003e-01, 5.40000014e-02,
    0., 1.08000003e-01, 8.10000002e-02, 0., 1.08000003e-01,
    1.08000003e-01, 0., 1.08000003e-01, 1.35000005e-01, 0.,
    1.08000003e-01, 1.62000000e-01, 0. ]
CalibrationFrameExtRotation: !!opencv-matrix
   rows: 3
   cols: 1
   dt: d
   data: [ -1.5140401670673971e+00, -2.1737954536374939e+00,
       -1.8981396664050337e-01 ]
CalibrationFrameExtTranslation: !!opencv-matrix
   rows: 3
   cols: 1
   dt: d
   data: [ 2.6378284137644897e-01, -1.9696525381537305e-01,
       1.1528093406947644e+00 ]
CalibrationFrameRMSerror: 2.2379912436008453e-01
