%YAML:1.0
---
CalibrationFramePatternImage: [ 1.40019669e+02, 3.43246674e+02,
    1.57658691e+02, 3.38480621e+02, 1.75447571e+02, 3.34027466e+02,
    1.92897720e+02, 3.29219238e+02, 2.10904922e+02, 3.24603516e+02,
    2.28527496e+02, 3.19991791e+02, 2.46230972e+02, 3.15118408e+02,
    1.44800690e+02, 3.61104828e+02, 1.62711746e+02, 3.56410858e+02,
    1.80245316e+02, 3.51826172e+02, 1.98227585e+02, 3.47077454e+02,
    2.15738083e+02, 3.42516083e+02, 2.33437714e+02, 3.37708191e+02,
    2.51019592e+02, 3.33145874e+02, 1.49833694e+02, 3.78307190e+02,
    1.67436356e+02, 3.73810669e+02, 1.85279083e+02, 3.69217560e+02,
    2.02581909e+02, 3.64535706e+02, 2.20383072e+02, 3.59897217e+02,
    2.37940414e+02, 3.55388000e+02, 2.55703293e+02, 3.50477692e+02,
    1.54653992e+02, 3.95555817e+02, 1.72485901e+02, 3.90933044e+02,
    1.89790405e+02, 3.86575256e+02, 2.07610107e+02, 3.81911407e+02,
    2.25163940e+02, 3.77390930e+02, 2.42877548e+02, 3.72753143e+02,
    2.60269501e+02, 3.68053802e+02, 1.59690521e+02, 4.12607361e+02,
    1.77079880e+02, 4.08118011e+02, 1.94822357e+02, 4.03588013e+02,
    2.12231018e+02, 3.99236115e+02, 2.29837387e+02, 3.94337006e+02,
    2.47486435e+02, 3.90206696e+02, 2.65032013e+02, 3.85170319e+02 ]
CalibrationFramePatternWorld: [ 0., 0., 0., 0., 2.70000007e-02, 0., 0.,
    5.40000014e-02, 0., 0., 8.10000002e-02, 0., 0., 1.08000003e-01, 0.,
    0., 1.35000005e-01, 0., 0., 1.62000000e-01, 0., 2.70000007e-02, 0.,
    0., 2.70000007e-02, 2.70000007e-02, 0., 2.70000007e-02,
    5.40000014e-02, 0., 2.70000007e-02, 8.10000002e-02, 0.,
    2.70000007e-02, 1.08000003e-01, 0., 2.70000007e-02, 1.35000005e-01,
    0., 2.70000007e-02, 1.62000000e-01, 0., 5.40000014e-02, 0., 0.,
    5.40000014e-02, 2.70000007e-02, 0., 5.40000014e-02, 5.40000014e-02,
    0., 5.40000014e-02, 8.10000002e-02, 0., 5.40000014e-02,
    1.08000003e-01, 0., 5.40000014e-02, 1.35000005e-01, 0.,
    5.40000014e-02, 1.62000000e-01, 0., 8.10000002e-02, 0., 0.,
    8.10000002e-02, 2.70000007e-02, 0., 8.10000002e-02, 5.40000014e-02,
    0., 8.10000002e-02, 8.10000002e-02, 0., 8.10000002e-02,
    1.08000003e-01, 0., 8.10000002e-02, 1.35000005e-01, 0.,
    8.10000002e-02, 1.62000000e-01, 0., 1.08000003e-01, 0., 0.,
    1.08000003e-01, 2.70000007e-02, 0., 1.08000003e-01, 5.40000014e-02,
    0., 1.08000003e-01, 8.10000002e-02, 0., 1.08000003e-01,
    1.08000003e-01, 0., 1.08000003e-01, 1.35000005e-01, 0.,
    1.08000003e-01, 1.62000000e-01, 0. ]
CalibrationFrameExtRotation: !!opencv-matrix
   rows: 3
   cols: 1
   dt: d
   data: [ -2.5500080257845870e+00, -1.9648323073580412e+00,
       -9.8129330098870787e-02 ]
CalibrationFrameExtTranslation: !!opencv-matrix
   rows: 3
   cols: 1
   dt: d
   data: [ -1.8229359203171389e-01, 1.0760904077841260e-01,
       1.2017680611862578e+00 ]
CalibrationFrameRMSerror: 2.1165454387664795e-01
