%YAML:1.0
---
CalibrationFramePatternImage: [ 1.12620567e+02, 1.61823288e+02,
    1.31141205e+02, 1.65201706e+02, 1.49527206e+02, 1.68813004e+02,
    1.68038879e+02, 1.72102188e+02, 1.86382858e+02, 1.75365326e+02,
    2.04584900e+02, 1.78944504e+02, 2.22742416e+02, 1.82016678e+02,
    1.09965309e+02, 1.77980942e+02, 1.28797577e+02, 1.81561630e+02,
    1.47402466e+02, 1.84931885e+02, 1.66152390e+02, 1.88382339e+02,
    1.84625931e+02, 1.91496719e+02, 2.03347443e+02, 1.94598114e+02,
    2.21511292e+02, 1.98107025e+02, 1.07617622e+02, 1.94422806e+02,
    1.26445534e+02, 1.97925797e+02, 1.45602615e+02, 2.01402740e+02,
    1.64219055e+02, 2.04436432e+02, 1.83144409e+02, 2.07510376e+02,
    2.01872299e+02, 2.10804123e+02, 2.20379517e+02, 2.14014709e+02,
    1.04888252e+02, 2.11183334e+02, 1.24196983e+02, 2.14765839e+02,
    1.43382889e+02, 2.17971176e+02, 1.62617691e+02, 2.21256042e+02,
    1.81648514e+02, 2.24313797e+02, 2.00748520e+02, 2.27282623e+02,
    2.19444473e+02, 2.30430496e+02, 1.02696350e+02, 2.28580658e+02,
    1.22183479e+02, 2.31923325e+02, 1.41550659e+02, 2.35365952e+02,
    1.60861588e+02, 2.38244492e+02, 1.80205170e+02, 2.41331055e+02,
    1.99414413e+02, 2.44286118e+02, 2.18527985e+02, 2.47144012e+02 ]
CalibrationFramePatternWorld: [ 0., 0., 0., 0., 2.70000007e-02, 0., 0.,
    5.40000014e-02, 0., 0., 8.10000002e-02, 0., 0., 1.08000003e-01, 0.,
    0., 1.35000005e-01, 0., 0., 1.62000000e-01, 0., 2.70000007e-02, 0.,
    0., 2.70000007e-02, 2.70000007e-02, 0., 2.70000007e-02,
    5.40000014e-02, 0., 2.70000007e-02, 8.10000002e-02, 0.,
    2.70000007e-02, 1.08000003e-01, 0., 2.70000007e-02, 1.35000005e-01,
    0., 2.70000007e-02, 1.62000000e-01, 0., 5.40000014e-02, 0., 0.,
    5.40000014e-02, 2.70000007e-02, 0., 5.40000014e-02, 5.40000014e-02,
    0., 5.40000014e-02, 8.10000002e-02, 0., 5.40000014e-02,
    1.08000003e-01, 0., 5.40000014e-02, 1.35000005e-01, 0.,
    5.40000014e-02, 1.62000000e-01, 0., 8.10000002e-02, 0., 0.,
    8.10000002e-02, 2.70000007e-02, 0., 8.10000002e-02, 5.40000014e-02,
    0., 8.10000002e-02, 8.10000002e-02, 0., 8.10000002e-02,
    1.08000003e-01, 0., 8.10000002e-02, 1.35000005e-01, 0.,
    8.10000002e-02, 1.62000000e-01, 0., 1.08000003e-01, 0., 0.,
    1.08000003e-01, 2.70000007e-02, 0., 1.08000003e-01, 5.40000014e-02,
    0., 1.08000003e-01, 8.10000002e-02, 0., 1.08000003e-01,
    1.08000003e-01, 0., 1.08000003e-01, 1.35000005e-01, 0.,
    1.08000003e-01, 1.62000000e-01, 0. ]
CalibrationFrameExtRotation: !!opencv-matrix
   rows: 3
   cols: 1
   dt: d
   data: [ 1.7578504903996446e+00, 1.9464192042774988e+00,
       -1.5771579340186356e-01 ]
CalibrationFrameExtTranslation: !!opencv-matrix
   rows: 3
   cols: 1
   dt: d
   data: [ -2.1492188647460961e-01, -1.5421905501723962e-01,
       1.1524469629239518e+00 ]
CalibrationFrameRMSerror: 2.5367256999015808e-01
