%YAML:1.0
---
CalibrationFramePatternImage: [ 2.74410828e+02, 1.60447586e+02,
    2.91486053e+02, 1.55609695e+02, 3.08615540e+02, 1.50784683e+02,
    3.25686920e+02, 1.45816193e+02, 3.43221405e+02, 1.40737534e+02,
    3.60634399e+02, 1.35926041e+02, 3.77949463e+02, 1.30864548e+02,
    2.78306274e+02, 1.77408752e+02, 2.95662811e+02, 1.72588272e+02,
    3.12790619e+02, 1.67792511e+02, 3.30370361e+02, 1.62728668e+02,
    3.47660156e+02, 1.58161743e+02, 3.65251709e+02, 1.52895493e+02,
    3.82637177e+02, 1.48245316e+02, 2.82624176e+02, 1.94372864e+02,
    2.99625427e+02, 1.89591904e+02, 3.17327454e+02, 1.84708694e+02,
    3.34484344e+02, 1.79943298e+02, 3.52144531e+02, 1.74946838e+02,
    3.69667358e+02, 1.70289352e+02, 3.87238373e+02, 1.65475723e+02,
    2.86381927e+02, 2.11188095e+02, 3.03921387e+02, 2.06432007e+02,
    3.21331512e+02, 2.01899185e+02, 3.38917877e+02, 1.96919769e+02,
    3.56460022e+02, 1.92181030e+02, 3.74306946e+02, 1.87528000e+02,
    3.91621307e+02, 1.82647751e+02, 2.90641479e+02, 2.28280609e+02,
    3.07950836e+02, 2.23562637e+02, 3.25642151e+02, 2.19104218e+02,
    3.42984436e+02, 2.14250351e+02, 3.60766815e+02, 2.09363129e+02,
    3.78536804e+02, 2.04814453e+02, 3.96343445e+02, 1.99746002e+02 ]
CalibrationFramePatternWorld: [ 0., 0., 0., 0., 2.70000007e-02, 0., 0.,
    5.40000014e-02, 0., 0., 8.10000002e-02, 0., 0., 1.08000003e-01, 0.,
    0., 1.35000005e-01, 0., 0., 1.62000000e-01, 0., 2.70000007e-02, 0.,
    0., 2.70000007e-02, 2.70000007e-02, 0., 2.70000007e-02,
    5.40000014e-02, 0., 2.70000007e-02, 8.10000002e-02, 0.,
    2.70000007e-02, 1.08000003e-01, 0., 2.70000007e-02, 1.35000005e-01,
    0., 2.70000007e-02, 1.62000000e-01, 0., 5.40000014e-02, 0., 0.,
    5.40000014e-02, 2.70000007e-02, 0., 5.40000014e-02, 5.40000014e-02,
    0., 5.40000014e-02, 8.10000002e-02, 0., 5.40000014e-02,
    1.08000003e-01, 0., 5.40000014e-02, 1.35000005e-01, 0.,
    5.40000014e-02, 1.62000000e-01, 0., 8.10000002e-02, 0., 0.,
    8.10000002e-02, 2.70000007e-02, 0., 8.10000002e-02, 5.40000014e-02,
    0., 8.10000002e-02, 8.10000002e-02, 0., 8.10000002e-02,
    1.08000003e-01, 0., 8.10000002e-02, 1.35000005e-01, 0.,
    8.10000002e-02, 1.62000000e-01, 0., 1.08000003e-01, 0., 0.,
    1.08000003e-01, 2.70000007e-02, 0., 1.08000003e-01, 5.40000014e-02,
    0., 1.08000003e-01, 8.10000002e-02, 0., 1.08000003e-01,
    1.08000003e-01, 0., 1.08000003e-01, 1.35000005e-01, 0.,
    1.08000003e-01, 1.62000000e-01, 0. ]
CalibrationFrameExtRotation: !!opencv-matrix
   rows: 3
   cols: 1
   dt: d
   data: [ -2.3810951080595899e+00, -1.8660378740620012e+00,
       3.7882162030121691e-01 ]
CalibrationFrameExtTranslation: !!opencv-matrix
   rows: 3
   cols: 1
   dt: d
   data: [ 1.5224438529994671e-02, -1.6752004733976936e-01,
       1.2473652922326510e+00 ]
CalibrationFrameRMSerror: 2.0200388133525848e-01
