%YAML:1.0
---
CalibrationFramePatternImage: [ 1.11036102e+02, 1.33580902e+02,
    1.27947243e+02, 1.39914658e+02, 1.45319412e+02, 1.46309769e+02,
    1.62446228e+02, 1.52511642e+02, 1.79736954e+02, 1.59044693e+02,
    1.97112778e+02, 1.65626678e+02, 2.14247086e+02, 1.72354767e+02,
    1.06103828e+02, 1.49311066e+02, 1.22961357e+02, 1.55583115e+02,
    1.39861221e+02, 1.62062836e+02, 1.56926804e+02, 1.68320251e+02,
    1.73903534e+02, 1.74807800e+02, 1.90979126e+02, 1.81370544e+02,
    2.08045731e+02, 1.87657547e+02, 1.01279556e+02, 1.64565887e+02,
    1.18006279e+02, 1.70831741e+02, 1.34928452e+02, 1.77186127e+02,
    1.51699219e+02, 1.83226181e+02, 1.68448364e+02, 1.89867020e+02,
    1.85354645e+02, 1.96505447e+02, 2.02326492e+02, 2.02742691e+02,
    9.65102005e+01, 1.79598038e+02, 1.13125374e+02, 1.85797043e+02,
    1.29748306e+02, 1.91815643e+02, 1.46484573e+02, 1.98341034e+02,
    1.62970993e+02, 2.04937820e+02, 1.79752335e+02, 2.11182419e+02,
    1.96247757e+02, 2.17678314e+02, 9.20912323e+01, 1.93757111e+02,
    1.08454094e+02, 1.99821747e+02, 1.24867210e+02, 2.06266083e+02,
    1.41348862e+02, 2.12467834e+02, 1.57712616e+02, 2.18872131e+02,
    1.74088837e+02, 2.25543076e+02, 1.90692703e+02, 2.31771652e+02 ]
CalibrationFramePatternWorld: [ 0., 0., 0., 0., 2.70000007e-02, 0., 0.,
    5.40000014e-02, 0., 0., 8.10000002e-02, 0., 0., 1.08000003e-01, 0.,
    0., 1.35000005e-01, 0., 0., 1.62000000e-01, 0., 2.70000007e-02, 0.,
    0., 2.70000007e-02, 2.70000007e-02, 0., 2.70000007e-02,
    5.40000014e-02, 0., 2.70000007e-02, 8.10000002e-02, 0.,
    2.70000007e-02, 1.08000003e-01, 0., 2.70000007e-02, 1.35000005e-01,
    0., 2.70000007e-02, 1.62000000e-01, 0., 5.40000014e-02, 0., 0.,
    5.40000014e-02, 2.70000007e-02, 0., 5.40000014e-02, 5.40000014e-02,
    0., 5.40000014e-02, 8.10000002e-02, 0., 5.40000014e-02,
    1.08000003e-01, 0., 5.40000014e-02, 1.35000005e-01, 0.,
    5.40000014e-02, 1.62000000e-01, 0., 8.10000002e-02, 0., 0.,
    8.10000002e-02, 2.70000007e-02, 0., 8.10000002e-02, 5.40000014e-02,
    0., 8.10000002e-02, 8.10000002e-02, 0., 8.10000002e-02,
    1.08000003e-01, 0., 8.10000002e-02, 1.35000005e-01, 0.,
    8.10000002e-02, 1.62000000e-01, 0., 1.08000003e-01, 0., 0.,
    1.08000003e-01, 2.70000007e-02, 0., 1.08000003e-01, 5.40000014e-02,
    0., 1.08000003e-01, 8.10000002e-02, 0., 1.08000003e-01,
    1.08000003e-01, 0., 1.08000003e-01, 1.35000005e-01, 0.,
    1.08000003e-01, 1.62000000e-01, 0. ]
CalibrationFrameExtRotation: !!opencv-matrix
   rows: 3
   cols: 1
   dt: d
   data: [ -1.4977706747691693e+00, -2.2480827328643564e+00,
       -5.5221879879003932e-01 ]
CalibrationFrameExtTranslation: !!opencv-matrix
   rows: 3
   cols: 1
   dt: d
   data: [ -2.2335613348165884e-01, -2.0121207088340393e-01,
       1.1832953632339520e+00 ]
CalibrationFrameRMSerror: 2.4245162308216095e-01
