%YAML:1.0
---
CalibrationFramePatternImage: [ 8.24152298e+01, 7.61355667e+01,
    9.85159988e+01, 8.29063034e+01, 1.14796860e+02, 9.00846252e+01,
    1.30696411e+02, 9.68930740e+01, 1.47255234e+02, 1.04103317e+02,
    1.63264664e+02, 1.10843689e+02, 1.79505127e+02, 1.17862778e+02,
    7.52105713e+01, 9.25025558e+01, 9.14398422e+01, 9.92326813e+01,
    1.07479027e+02, 1.06326050e+02, 1.23756371e+02, 1.13260231e+02,
    1.39772964e+02, 1.20238052e+02, 1.56066971e+02, 1.27165451e+02,
    1.72170975e+02, 1.33911865e+02, 6.83375397e+01, 1.08514374e+02,
    8.43154831e+01, 1.15460876e+02, 1.00579552e+02, 1.22361641e+02,
    1.16501053e+02, 1.29198151e+02, 1.32758926e+02, 1.36040237e+02,
    1.48926620e+02, 1.42581192e+02, 1.65081482e+02, 1.49447678e+02,
    6.14514236e+01, 1.24446442e+02, 7.77686539e+01, 1.31320557e+02,
    9.38691177e+01, 1.38096756e+02, 1.10016182e+02, 1.44724335e+02,
    1.25916283e+02, 1.51460709e+02, 1.42093002e+02, 1.58329071e+02,
    1.58090927e+02, 1.65059280e+02, 5.52150917e+01, 1.40323380e+02,
    7.11864471e+01, 1.46879807e+02, 8.72688980e+01, 1.53766998e+02,
    1.03239677e+02, 1.60395981e+02, 1.19322838e+02, 1.67120483e+02,
    1.35228943e+02, 1.73824310e+02, 1.51475662e+02, 1.80425491e+02 ]
CalibrationFramePatternWorld: [ 0., 0., 0., 0., 2.70000007e-02, 0., 0.,
    5.40000014e-02, 0., 0., 8.10000002e-02, 0., 0., 1.08000003e-01, 0.,
    0., 1.35000005e-01, 0., 0., 1.62000000e-01, 0., 2.70000007e-02, 0.,
    0., 2.70000007e-02, 2.70000007e-02, 0., 2.70000007e-02,
    5.40000014e-02, 0., 2.70000007e-02, 8.10000002e-02, 0.,
    2.70000007e-02, 1.08000003e-01, 0., 2.70000007e-02, 1.35000005e-01,
    0., 2.70000007e-02, 1.62000000e-01, 0., 5.40000014e-02, 0., 0.,
    5.40000014e-02, 2.70000007e-02, 0., 5.40000014e-02, 5.40000014e-02,
    0., 5.40000014e-02, 8.10000002e-02, 0., 5.40000014e-02,
    1.08000003e-01, 0., 5.40000014e-02, 1.35000005e-01, 0.,
    5.40000014e-02, 1.62000000e-01, 0., 8.10000002e-02, 0., 0.,
    8.10000002e-02, 2.70000007e-02, 0., 8.10000002e-02, 5.40000014e-02,
    0., 8.10000002e-02, 8.10000002e-02, 0., 8.10000002e-02,
    1.08000003e-01, 0., 8.10000002e-02, 1.35000005e-01, 0.,
    8.10000002e-02, 1.62000000e-01, 0., 1.08000003e-01, 0., 0.,
    1.08000003e-01, 2.70000007e-02, 0., 1.08000003e-01, 5.40000014e-02,
    0., 1.08000003e-01, 8.10000002e-02, 0., 1.08000003e-01,
    1.08000003e-01, 0., 1.08000003e-01, 1.35000005e-01, 0.,
    1.08000003e-01, 1.62000000e-01, 0. ]
CalibrationFrameExtRotation: !!opencv-matrix
   rows: 3
   cols: 1
   dt: d
   data: [ -1.6142962845751367e+00, -2.5136977721002527e+00,
       -5.4913647381060304e-01 ]
CalibrationFrameExtTranslation: !!opencv-matrix
   rows: 3
   cols: 1
   dt: d
   data: [ -2.7373031495776617e-01, -2.9324441601161783e-01,
       1.2005938645351442e+00 ]
CalibrationFrameRMSerror: 2.0554047822952271e-01
