%YAML:1.0
---
CalibrationFramePatternImage: [ 2.71462341e+02, 1.96064865e+02,
    2.89384705e+02, 1.91127167e+02, 3.07255646e+02, 1.86731766e+02,
    3.25016876e+02, 1.82000946e+02, 3.42811523e+02, 1.77277451e+02,
    3.60366150e+02, 1.72792648e+02, 3.77796173e+02, 1.68159470e+02,
    2.76337738e+02, 2.11918900e+02, 2.94645874e+02, 2.07227173e+02,
    3.12514923e+02, 2.02483978e+02, 3.30681671e+02, 1.97695221e+02,
    3.48468597e+02, 1.92973129e+02, 3.66279755e+02, 1.88460281e+02,
    3.83593628e+02, 1.84049286e+02, 2.81248169e+02, 2.28304901e+02,
    2.99424164e+02, 2.23332413e+02, 3.17796631e+02, 2.18609650e+02,
    3.35783905e+02, 2.13611313e+02, 3.53763336e+02, 2.08939667e+02,
    3.71766144e+02, 2.04338898e+02, 3.89397736e+02, 1.99529037e+02,
    2.85902710e+02, 2.44491302e+02, 3.04616760e+02, 2.39637421e+02,
    3.22959473e+02, 2.34962769e+02, 3.41369019e+02, 2.30061478e+02,
    3.59391968e+02, 2.25232361e+02, 3.77617310e+02, 2.20240234e+02,
    3.95082062e+02, 2.15533249e+02, 2.90968933e+02, 2.61053040e+02,
    3.09481842e+02, 2.56251892e+02, 3.28316681e+02, 2.51516998e+02,
    3.46601196e+02, 2.46461487e+02, 3.65073395e+02, 2.41500397e+02,
    3.83142517e+02, 2.36562836e+02, 4.01193878e+02, 2.31581024e+02 ]
CalibrationFramePatternWorld: [ 0., 0., 0., 0., 2.70000007e-02, 0., 0.,
    5.40000014e-02, 0., 0., 8.10000002e-02, 0., 0., 1.08000003e-01, 0.,
    0., 1.35000005e-01, 0., 0., 1.62000000e-01, 0., 2.70000007e-02, 0.,
    0., 2.70000007e-02, 2.70000007e-02, 0., 2.70000007e-02,
    5.40000014e-02, 0., 2.70000007e-02, 8.10000002e-02, 0.,
    2.70000007e-02, 1.08000003e-01, 0., 2.70000007e-02, 1.35000005e-01,
    0., 2.70000007e-02, 1.62000000e-01, 0., 5.40000014e-02, 0., 0.,
    5.40000014e-02, 2.70000007e-02, 0., 5.40000014e-02, 5.40000014e-02,
    0., 5.40000014e-02, 8.10000002e-02, 0., 5.40000014e-02,
    1.08000003e-01, 0., 5.40000014e-02, 1.35000005e-01, 0.,
    5.40000014e-02, 1.62000000e-01, 0., 8.10000002e-02, 0., 0.,
    8.10000002e-02, 2.70000007e-02, 0., 8.10000002e-02, 5.40000014e-02,
    0., 8.10000002e-02, 8.10000002e-02, 0., 8.10000002e-02,
    1.08000003e-01, 0., 8.10000002e-02, 1.35000005e-01, 0.,
    8.10000002e-02, 1.62000000e-01, 0., 1.08000003e-01, 0., 0.,
    1.08000003e-01, 2.70000007e-02, 0., 1.08000003e-01, 5.40000014e-02,
    0., 1.08000003e-01, 8.10000002e-02, 0., 1.08000003e-01,
    1.08000003e-01, 0., 1.08000003e-01, 1.35000005e-01, 0.,
    1.08000003e-01, 1.62000000e-01, 0. ]
CalibrationFrameExtRotation: !!opencv-matrix
   rows: 3
   cols: 1
   dt: d
   data: [ 2.2676675785723113e+00, 1.7268587340754527e+00,
       -4.2439287272893933e-01 ]
CalibrationFrameExtTranslation: !!opencv-matrix
   rows: 3
   cols: 1
   dt: d
   data: [ 1.0437936231463139e-02, -1.0928932969897721e-01,
       1.2042926334701198e+00 ]
CalibrationFrameRMSerror: 1.9336178898811340e-01
