%YAML:1.0
---
CalibrationFramePatternImage: [ 1.32809860e+02, 1.30318375e+02,
    1.49741959e+02, 1.24817551e+02, 1.67232193e+02, 1.19336098e+02,
    1.84387466e+02, 1.13870697e+02, 2.01977905e+02, 1.08362915e+02,
    2.19413300e+02, 1.03070030e+02, 2.37080643e+02, 9.73598251e+01,
    1.37127838e+02, 1.47436844e+02, 1.54599731e+02, 1.42063324e+02,
    1.71667480e+02, 1.36707794e+02, 1.89352280e+02, 1.31098724e+02,
    2.06666092e+02, 1.25782578e+02, 2.24488556e+02, 1.20337212e+02,
    2.41924652e+02, 1.14980103e+02, 1.41834610e+02, 1.64571732e+02,
    1.58896500e+02, 1.59229401e+02, 1.76575500e+02, 1.53946945e+02,
    1.93835861e+02, 1.48544876e+02, 2.11613266e+02, 1.43064957e+02,
    2.29177643e+02, 1.37662842e+02, 2.47118271e+02, 1.32348251e+02,
    1.46134003e+02, 1.81712662e+02, 1.63592300e+02, 1.76375351e+02,
    1.80986755e+02, 1.71117767e+02, 1.98712723e+02, 1.65843719e+02,
    2.16297455e+02, 1.60538849e+02, 2.34159500e+02, 1.55091583e+02,
    2.51736557e+02, 1.49970337e+02, 1.50763687e+02, 1.99125732e+02,
    1.68017609e+02, 1.93816010e+02, 1.85713455e+02, 1.88563370e+02,
    2.03400894e+02, 1.83137299e+02, 2.21138870e+02, 1.77889343e+02,
    2.38885086e+02, 1.72763672e+02, 2.56853516e+02, 1.67405975e+02 ]
CalibrationFramePatternWorld: [ 0., 0., 0., 0., 2.70000007e-02, 0., 0.,
    5.40000014e-02, 0., 0., 8.10000002e-02, 0., 0., 1.08000003e-01, 0.,
    0., 1.35000005e-01, 0., 0., 1.62000000e-01, 0., 2.70000007e-02, 0.,
    0., 2.70000007e-02, 2.70000007e-02, 0., 2.70000007e-02,
    5.40000014e-02, 0., 2.70000007e-02, 8.10000002e-02, 0.,
    2.70000007e-02, 1.08000003e-01, 0., 2.70000007e-02, 1.35000005e-01,
    0., 2.70000007e-02, 1.62000000e-01, 0., 5.40000014e-02, 0., 0.,
    5.40000014e-02, 2.70000007e-02, 0., 5.40000014e-02, 5.40000014e-02,
    0., 5.40000014e-02, 8.10000002e-02, 0., 5.40000014e-02,
    1.08000003e-01, 0., 5.40000014e-02, 1.35000005e-01, 0.,
    5.40000014e-02, 1.62000000e-01, 0., 8.10000002e-02, 0., 0.,
    8.10000002e-02, 2.70000007e-02, 0., 8.10000002e-02, 5.40000014e-02,
    0., 8.10000002e-02, 8.10000002e-02, 0., 8.10000002e-02,
    1.08000003e-01, 0., 8.10000002e-02, 1.35000005e-01, 0.,
    8.10000002e-02, 1.62000000e-01, 0., 1.08000003e-01, 0., 0.,
    1.08000003e-01, 2.70000007e-02, 0., 1.08000003e-01, 5.40000014e-02,
    0., 1.08000003e-01, 8.10000002e-02, 0., 1.08000003e-01,
    1.08000003e-01, 0., 1.08000003e-01, 1.35000005e-01, 0.,
    1.08000003e-01, 1.62000000e-01, 0. ]
CalibrationFrameExtRotation: !!opencv-matrix
   rows: 3
   cols: 1
   dt: d
   data: [ -2.4576183168525856e+00, -1.8616943084236268e+00,
       1.4653049755657974e-01 ]
CalibrationFrameExtTranslation: !!opencv-matrix
   rows: 3
   cols: 1
   dt: d
   data: [ -1.9460285098330052e-01, -2.0909120224196981e-01,
       1.2057830331110986e+00 ]
CalibrationFrameRMSerror: 1.9100478291511536e-01
