%YAML:1.0
---
CalibrationFramePatternImage: [ 1.99495026e+02, 1.98045044e+02,
    2.17451797e+02, 1.94172897e+02, 2.34854019e+02, 1.90507019e+02,
    2.52214600e+02, 1.86707870e+02, 2.69138458e+02, 1.83232254e+02,
    2.85610962e+02, 1.79536713e+02, 3.01960083e+02, 1.76160110e+02,
    2.04867111e+02, 2.17445450e+02, 2.22796783e+02, 2.13392685e+02,
    2.40250381e+02, 2.09348938e+02, 2.57490234e+02, 2.05459244e+02,
    2.74213593e+02, 2.01654892e+02, 2.91008026e+02, 1.97917313e+02,
    3.06991516e+02, 1.94434982e+02, 2.10302765e+02, 2.36550766e+02,
    2.27869629e+02, 2.32280228e+02, 2.45670288e+02, 2.28127762e+02,
    2.62692078e+02, 2.24062256e+02, 2.79624786e+02, 2.20121964e+02,
    2.96132690e+02, 2.16161835e+02, 3.12107819e+02, 2.12284882e+02,
    2.15701111e+02, 2.55674194e+02, 2.33608490e+02, 2.51221954e+02,
    2.50864502e+02, 2.46829941e+02, 2.68125427e+02, 2.42516251e+02,
    2.84902924e+02, 2.38333710e+02, 3.01526367e+02, 2.34102173e+02,
    3.17427643e+02, 2.30236755e+02, 2.21595642e+02, 2.74686676e+02,
    2.39072083e+02, 2.70111664e+02, 2.56596527e+02, 2.65521027e+02,
    2.73667633e+02, 2.61002380e+02, 2.90327576e+02, 2.56565887e+02,
    3.06785095e+02, 2.52212036e+02, 3.22974792e+02, 2.47909775e+02 ]
CalibrationFramePatternWorld: [ 0., 0., 0., 0., 2.70000007e-02, 0., 0.,
    5.40000014e-02, 0., 0., 8.10000002e-02, 0., 0., 1.08000003e-01, 0.,
    0., 1.35000005e-01, 0., 0., 1.62000000e-01, 0., 2.70000007e-02, 0.,
    0., 2.70000007e-02, 2.70000007e-02, 0., 2.70000007e-02,
    5.40000014e-02, 0., 2.70000007e-02, 8.10000002e-02, 0.,
    2.70000007e-02, 1.08000003e-01, 0., 2.70000007e-02, 1.35000005e-01,
    0., 2.70000007e-02, 1.62000000e-01, 0., 5.40000014e-02, 0., 0.,
    5.40000014e-02, 2.70000007e-02, 0., 5.40000014e-02, 5.40000014e-02,
    0., 5.40000014e-02, 8.10000002e-02, 0., 5.40000014e-02,
    1.08000003e-01, 0., 5.40000014e-02, 1.35000005e-01, 0.,
    5.40000014e-02, 1.62000000e-01, 0., 8.10000002e-02, 0., 0.,
    8.10000002e-02, 2.70000007e-02, 0., 8.10000002e-02, 5.40000014e-02,
    0., 8.10000002e-02, 8.10000002e-02, 0., 8.10000002e-02,
    1.08000003e-01, 0., 8.10000002e-02, 1.35000005e-01, 0.,
    8.10000002e-02, 1.62000000e-01, 0., 1.08000003e-01, 0., 0.,
    1.08000003e-01, 2.70000007e-02, 0., 1.08000003e-01, 5.40000014e-02,
    0., 1.08000003e-01, 8.10000002e-02, 0., 1.08000003e-01,
    1.08000003e-01, 0., 1.08000003e-01, 1.35000005e-01, 0.,
    1.08000003e-01, 1.62000000e-01, 0. ]
CalibrationFrameExtRotation: !!opencv-matrix
   rows: 3
   cols: 1
   dt: d
   data: [ 2.1819768547393648e+00, 1.6582422021321941e+00,
       3.4576098109122966e-01 ]
CalibrationFrameExtTranslation: !!opencv-matrix
   rows: 3
   cols: 1
   dt: d
   data: [ -8.7225626931315775e-02, -9.8180442499234299e-02,
       1.1127131287639831e+00 ]
CalibrationFrameRMSerror: 1.9483377039432526e-01
