%YAML:1.0
---
CalibrationFramePatternImage: [ 2.67421143e+02, 1.08280579e+02,
    2.84433075e+02, 1.02856400e+02, 3.01627716e+02, 9.73593521e+01,
    3.18916718e+02, 9.20097580e+01, 3.36086365e+02, 8.66352081e+01,
    3.53245392e+02, 8.12415314e+01, 3.70238556e+02, 7.59040222e+01,
    2.72182159e+02, 1.24616440e+02, 2.89356201e+02, 1.19080177e+02,
    3.06465820e+02, 1.13940788e+02, 3.23999146e+02, 1.08463158e+02,
    3.41132141e+02, 1.03212852e+02, 3.58683716e+02, 9.77182693e+01,
    3.75959259e+02, 9.27321320e+01, 2.77068237e+02, 1.41016693e+02,
    2.94125275e+02, 1.35674515e+02, 3.11641479e+02, 1.30313995e+02,
    3.28937988e+02, 1.24950226e+02, 3.46497131e+02, 1.19664062e+02,
    3.63820770e+02, 1.14301132e+02, 3.81194550e+02, 1.09170471e+02,
    2.81485657e+02, 1.57618973e+02, 2.99137115e+02, 1.52122864e+02,
    3.16402496e+02, 1.46984375e+02, 3.34017426e+02, 1.41619415e+02,
    3.51506500e+02, 1.36383408e+02, 3.68959259e+02, 1.30838943e+02,
    3.86428528e+02, 1.25642006e+02, 2.86446869e+02, 1.74334549e+02,
    3.03755768e+02, 1.68921722e+02, 3.21419861e+02, 1.63695755e+02,
    3.38787018e+02, 1.58470428e+02, 3.56484192e+02, 1.53181976e+02,
    3.74317444e+02, 1.47639252e+02, 3.91871033e+02, 1.42415604e+02 ]
CalibrationFramePatternWorld: [ 0., 0., 0., 0., 2.70000007e-02, 0., 0.,
    5.40000014e-02, 0., 0., 8.10000002e-02, 0., 0., 1.08000003e-01, 0.,
    0., 1.35000005e-01, 0., 0., 1.62000000e-01, 0., 2.70000007e-02, 0.,
    0., 2.70000007e-02, 2.70000007e-02, 0., 2.70000007e-02,
    5.40000014e-02, 0., 2.70000007e-02, 8.10000002e-02, 0.,
    2.70000007e-02, 1.08000003e-01, 0., 2.70000007e-02, 1.35000005e-01,
    0., 2.70000007e-02, 1.62000000e-01, 0., 5.40000014e-02, 0., 0.,
    5.40000014e-02, 2.70000007e-02, 0., 5.40000014e-02, 5.40000014e-02,
    0., 5.40000014e-02, 8.10000002e-02, 0., 5.40000014e-02,
    1.08000003e-01, 0., 5.40000014e-02, 1.35000005e-01, 0.,
    5.40000014e-02, 1.62000000e-01, 0., 8.10000002e-02, 0., 0.,
    8.10000002e-02, 2.70000007e-02, 0., 8.10000002e-02, 5.40000014e-02,
    0., 8.10000002e-02, 8.10000002e-02, 0., 8.10000002e-02,
    1.08000003e-01, 0., 8.10000002e-02, 1.35000005e-01, 0.,
    8.10000002e-02, 1.62000000e-01, 0., 1.08000003e-01, 0., 0.,
    1.08000003e-01, 2.70000007e-02, 0., 1.08000003e-01, 5.40000014e-02,
    0., 1.08000003e-01, 8.10000002e-02, 0., 1.08000003e-01,
    1.08000003e-01, 0., 1.08000003e-01, 1.35000005e-01, 0.,
    1.08000003e-01, 1.62000000e-01, 0. ]
CalibrationFrameExtRotation: !!opencv-matrix
   rows: 3
   cols: 1
   dt: d
   data: [ 2.5310973753195012e+00, 1.9132742482871310e+00,
       -3.2341928835577610e-01 ]
CalibrationFrameExtTranslation: !!opencv-matrix
   rows: 3
   cols: 1
   dt: d
   data: [ 4.5893529028638380e-03, -2.4664455458310125e-01,
       1.2371398122698776e+00 ]
CalibrationFrameRMSerror: 1.8111102283000946e-01
