%YAML:1.0
---
CalibrationFramePatternImage: [ 2.51535187e+02, 3.58445831e+02,
    2.69964020e+02, 3.57196808e+02, 2.88377838e+02, 3.55986938e+02,
    3.06952057e+02, 3.54311188e+02, 3.25366791e+02, 3.53212830e+02,
    3.43365723e+02, 3.51726013e+02, 3.61337769e+02, 3.50271149e+02,
    2.52321213e+02, 3.76463928e+02, 2.70916718e+02, 3.74735504e+02,
    2.89129120e+02, 3.73450836e+02, 3.07490967e+02, 3.72273651e+02,
    3.25548920e+02, 3.70630402e+02, 3.43787689e+02, 3.69432709e+02,
    3.61400879e+02, 3.67918243e+02, 2.53381104e+02, 3.93536316e+02,
    2.71595032e+02, 3.92120209e+02, 2.89877045e+02, 3.90863068e+02,
    3.07940186e+02, 3.89518158e+02, 3.26123291e+02, 3.87918610e+02,
    3.44073944e+02, 3.86403748e+02, 3.61840576e+02, 3.84920319e+02,
    2.53889999e+02, 4.10471619e+02, 2.72377838e+02, 4.09087708e+02,
    2.90542236e+02, 4.07755463e+02, 3.08785217e+02, 4.06269470e+02,
    3.26652100e+02, 4.04598358e+02, 3.44528442e+02, 4.03398560e+02,
    3.61978516e+02, 4.01809998e+02, 2.55345200e+02, 4.27267151e+02,
    2.73369049e+02, 4.25932159e+02, 2.91377380e+02, 4.24344635e+02,
    3.09144501e+02, 4.22941132e+02, 3.27062988e+02, 4.21243256e+02,
    3.45245392e+02, 4.19637024e+02, 3.62086670e+02, 4.18266205e+02 ]
CalibrationFramePatternWorld: [ 0., 0., 0., 0., 2.70000007e-02, 0., 0.,
    5.40000014e-02, 0., 0., 8.10000002e-02, 0., 0., 1.08000003e-01, 0.,
    0., 1.35000005e-01, 0., 0., 1.62000000e-01, 0., 2.70000007e-02, 0.,
    0., 2.70000007e-02, 2.70000007e-02, 0., 2.70000007e-02,
    5.40000014e-02, 0., 2.70000007e-02, 8.10000002e-02, 0.,
    2.70000007e-02, 1.08000003e-01, 0., 2.70000007e-02, 1.35000005e-01,
    0., 2.70000007e-02, 1.62000000e-01, 0., 5.40000014e-02, 0., 0.,
    5.40000014e-02, 2.70000007e-02, 0., 5.40000014e-02, 5.40000014e-02,
    0., 5.40000014e-02, 8.10000002e-02, 0., 5.40000014e-02,
    1.08000003e-01, 0., 5.40000014e-02, 1.35000005e-01, 0.,
    5.40000014e-02, 1.62000000e-01, 0., 8.10000002e-02, 0., 0.,
    8.10000002e-02, 2.70000007e-02, 0., 8.10000002e-02, 5.40000014e-02,
    0., 8.10000002e-02, 8.10000002e-02, 0., 8.10000002e-02,
    1.08000003e-01, 0., 8.10000002e-02, 1.35000005e-01, 0.,
    8.10000002e-02, 1.62000000e-01, 0., 1.08000003e-01, 0., 0.,
    1.08000003e-01, 2.70000007e-02, 0., 1.08000003e-01, 5.40000014e-02,
    0., 1.08000003e-01, 8.10000002e-02, 0., 1.08000003e-01,
    1.08000003e-01, 0., 1.08000003e-01, 1.35000005e-01, 0.,
    1.08000003e-01, 1.62000000e-01, 0. ]
CalibrationFrameExtRotation: !!opencv-matrix
   rows: 3
   cols: 1
   dt: d
   data: [ -2.2346984093607078e+00, -2.1158984818335504e+00,
       -2.9193606871775457e-01 ]
CalibrationFrameExtTranslation: !!opencv-matrix
   rows: 3
   cols: 1
   dt: d
   data: [ -1.8673012837650466e-02, 1.2837032336947221e-01,
       1.1943238894605892e+00 ]
CalibrationFrameRMSerror: 2.0036579668521881e-01
