%YAML:1.0
---
CalibrationFramePatternImage: [ 8.93001251e+01, 1.27720764e+02,
    1.06048309e+02, 1.21678513e+02, 1.22606689e+02, 1.16053276e+02,
    1.38907135e+02, 1.10227188e+02, 1.55468185e+02, 1.04363434e+02,
    1.71549255e+02, 9.86786499e+01, 1.88034714e+02, 9.31915283e+01,
    9.50283585e+01, 1.43085709e+02, 1.12224243e+02, 1.37033951e+02,
    1.28389481e+02, 1.31045654e+02, 1.45310776e+02, 1.25152161e+02,
    1.61561966e+02, 1.19413452e+02, 1.78112213e+02, 1.13562874e+02,
    1.94367752e+02, 1.08144493e+02, 1.01200699e+02, 1.58398941e+02,
    1.17654770e+02, 1.52358612e+02, 1.34775925e+02, 1.46418106e+02,
    1.51292816e+02, 1.40517319e+02, 1.67884216e+02, 1.34570023e+02,
    1.84292023e+02, 1.28853134e+02, 2.00814941e+02, 1.23130867e+02,
    1.06701309e+02, 1.74144165e+02, 1.23903557e+02, 1.68086456e+02,
    1.40607590e+02, 1.61870834e+02, 1.57560974e+02, 1.56003403e+02,
    1.74113998e+02, 1.50074127e+02, 1.90793182e+02, 1.44087067e+02,
    2.07081268e+02, 1.38271423e+02, 1.12742981e+02, 1.90050446e+02,
    1.29800552e+02, 1.83944778e+02, 1.46785339e+02, 1.77770035e+02,
    1.63739792e+02, 1.71612198e+02, 1.80536972e+02, 1.65424545e+02,
    1.96909225e+02, 1.59533234e+02, 2.13741821e+02, 1.53473709e+02 ]
CalibrationFramePatternWorld: [ 0., 0., 0., 0., 2.70000007e-02, 0., 0.,
    5.40000014e-02, 0., 0., 8.10000002e-02, 0., 0., 1.08000003e-01, 0.,
    0., 1.35000005e-01, 0., 0., 1.62000000e-01, 0., 2.70000007e-02, 0.,
    0., 2.70000007e-02, 2.70000007e-02, 0., 2.70000007e-02,
    5.40000014e-02, 0., 2.70000007e-02, 8.10000002e-02, 0.,
    2.70000007e-02, 1.08000003e-01, 0., 2.70000007e-02, 1.35000005e-01,
    0., 2.70000007e-02, 1.62000000e-01, 0., 5.40000014e-02, 0., 0.,
    5.40000014e-02, 2.70000007e-02, 0., 5.40000014e-02, 5.40000014e-02,
    0., 5.40000014e-02, 8.10000002e-02, 0., 5.40000014e-02,
    1.08000003e-01, 0., 5.40000014e-02, 1.35000005e-01, 0.,
    5.40000014e-02, 1.62000000e-01, 0., 8.10000002e-02, 0., 0.,
    8.10000002e-02, 2.70000007e-02, 0., 8.10000002e-02, 5.40000014e-02,
    0., 8.10000002e-02, 8.10000002e-02, 0., 8.10000002e-02,
    1.08000003e-01, 0., 8.10000002e-02, 1.35000005e-01, 0.,
    8.10000002e-02, 1.62000000e-01, 0., 1.08000003e-01, 0., 0.,
    1.08000003e-01, 2.70000007e-02, 0., 1.08000003e-01, 5.40000014e-02,
    0., 1.08000003e-01, 8.10000002e-02, 0., 1.08000003e-01,
    1.08000003e-01, 0., 1.08000003e-01, 1.35000005e-01, 0.,
    1.08000003e-01, 1.62000000e-01, 0. ]
CalibrationFrameExtRotation: !!opencv-matrix
   rows: 3
   cols: 1
   dt: d
   data: [ 2.4014277200455765e+00, 1.6177474978122044e+00,
       -3.0671466791473735e-02 ]
CalibrationFrameExtTranslation: !!opencv-matrix
   rows: 3
   cols: 1
   dt: d
   data: [ -2.6619263402517196e-01, -2.1874088386265850e-01,
       1.2299015169784382e+00 ]
CalibrationFrameRMSerror: 1.8900550901889801e-01
