%YAML:1.0
---
CalibrationFramePatternImage: [ 9.93759003e+01, 3.48799744e+02,
    1.17045135e+02, 3.46823334e+02, 1.34670212e+02, 3.44836121e+02,
    1.51848541e+02, 3.43012970e+02, 1.69260284e+02, 3.41004181e+02,
    1.86100357e+02, 3.39059509e+02, 2.02817871e+02, 3.37069183e+02,
    1.00389046e+02, 3.66951660e+02, 1.17908112e+02, 3.64625305e+02,
    1.35305054e+02, 3.62604218e+02, 1.52471207e+02, 3.60424072e+02,
    1.69510651e+02, 3.58371704e+02, 1.86383789e+02, 3.56230408e+02,
    2.02810791e+02, 3.54325256e+02, 1.01432205e+02, 3.84187500e+02,
    1.18752747e+02, 3.82173584e+02, 1.35908127e+02, 3.79638489e+02,
    1.52868515e+02, 3.77592590e+02, 1.70107422e+02, 3.75262207e+02,
    1.86845825e+02, 3.73124908e+02, 2.03240707e+02, 3.70829254e+02,
    1.02280914e+02, 4.01365509e+02, 1.19551575e+02, 3.99063171e+02,
    1.36631561e+02, 3.96518677e+02, 1.53579651e+02, 3.94141876e+02,
    1.70677261e+02, 3.92015869e+02, 1.87411194e+02, 3.89625641e+02,
    2.03395706e+02, 3.87503479e+02, 1.03538475e+02, 4.17987671e+02,
    1.20568192e+02, 4.15584808e+02, 1.37577713e+02, 4.13155457e+02,
    1.54283905e+02, 4.10771637e+02, 1.71105118e+02, 4.08107330e+02,
    1.87625366e+02, 4.05748901e+02, 2.03977310e+02, 4.03584930e+02 ]
CalibrationFramePatternWorld: [ 0., 0., 0., 0., 2.70000007e-02, 0., 0.,
    5.40000014e-02, 0., 0., 8.10000002e-02, 0., 0., 1.08000003e-01, 0.,
    0., 1.35000005e-01, 0., 0., 1.62000000e-01, 0., 2.70000007e-02, 0.,
    0., 2.70000007e-02, 2.70000007e-02, 0., 2.70000007e-02,
    5.40000014e-02, 0., 2.70000007e-02, 8.10000002e-02, 0.,
    2.70000007e-02, 1.08000003e-01, 0., 2.70000007e-02, 1.35000005e-01,
    0., 2.70000007e-02, 1.62000000e-01, 0., 5.40000014e-02, 0., 0.,
    5.40000014e-02, 2.70000007e-02, 0., 5.40000014e-02, 5.40000014e-02,
    0., 5.40000014e-02, 8.10000002e-02, 0., 5.40000014e-02,
    1.08000003e-01, 0., 5.40000014e-02, 1.35000005e-01, 0.,
    5.40000014e-02, 1.62000000e-01, 0., 8.10000002e-02, 0., 0.,
    8.10000002e-02, 2.70000007e-02, 0., 8.10000002e-02, 5.40000014e-02,
    0., 8.10000002e-02, 8.10000002e-02, 0., 8.10000002e-02,
    1.08000003e-01, 0., 8.10000002e-02, 1.35000005e-01, 0.,
    8.10000002e-02, 1.62000000e-01, 0., 1.08000003e-01, 0., 0.,
    1.08000003e-01, 2.70000007e-02, 0., 1.08000003e-01, 5.40000014e-02,
    0., 1.08000003e-01, 8.10000002e-02, 0., 1.08000003e-01,
    1.08000003e-01, 0., 1.08000003e-01, 1.35000005e-01, 0.,
    1.08000003e-01, 1.62000000e-01, 0. ]
CalibrationFrameExtRotation: !!opencv-matrix
   rows: 3
   cols: 1
   dt: d
   data: [ -2.3386919223248710e+00, -2.2473079849939102e+00,
       -7.7331103367201504e-01 ]
CalibrationFrameExtTranslation: !!opencv-matrix
   rows: 3
   cols: 1
   dt: d
   data: [ -2.3717527021006127e-01, 1.1398609534498601e-01,
       1.1686354418903111e+00 ]
CalibrationFrameRMSerror: 1.9475328922271729e-01
