%YAML:1.0
---
CalibrationFramePatternImage: [ 2.16607025e+02, 2.36714874e+02,
    2.35133026e+02, 2.40000076e+02, 2.53708008e+02, 2.42896286e+02,
    2.71951569e+02, 2.45569443e+02, 2.89952271e+02, 2.48548843e+02,
    3.07611572e+02, 2.51229004e+02, 3.25108856e+02, 2.53934738e+02,
    2.11783875e+02, 2.54622910e+02, 2.30531448e+02, 2.57417969e+02,
    2.48676743e+02, 2.60351532e+02, 2.66952332e+02, 2.63098480e+02,
    2.84652100e+02, 2.65587311e+02, 3.02479614e+02, 2.68208130e+02,
    3.19560150e+02, 2.70697357e+02, 2.07284332e+02, 2.72032013e+02,
    2.25661728e+02, 2.74460510e+02, 2.43992035e+02, 2.77378021e+02,
    2.61920929e+02, 2.79661469e+02, 2.79662933e+02, 2.82245087e+02,
    2.97087463e+02, 2.84663605e+02, 3.14233826e+02, 2.86902374e+02,
    2.02664841e+02, 2.88802979e+02, 2.21096970e+02, 2.91388184e+02,
    2.39306244e+02, 2.93645111e+02, 2.57288788e+02, 2.96103851e+02,
    2.74752228e+02, 2.98355774e+02, 2.92376556e+02, 3.00660248e+02,
    3.09273682e+02, 3.02905182e+02, 1.98660431e+02, 3.05511597e+02,
    2.16752106e+02, 3.07697296e+02, 2.34662109e+02, 3.10071594e+02,
    2.52477524e+02, 3.12235992e+02, 2.70114532e+02, 3.14316803e+02,
    2.87328461e+02, 3.16498932e+02, 3.04537903e+02, 3.18438721e+02 ]
CalibrationFramePatternWorld: [ 0., 0., 0., 0., 2.70000007e-02, 0., 0.,
    5.40000014e-02, 0., 0., 8.10000002e-02, 0., 0., 1.08000003e-01, 0.,
    0., 1.35000005e-01, 0., 0., 1.62000000e-01, 0., 2.70000007e-02, 0.,
    0., 2.70000007e-02, 2.70000007e-02, 0., 2.70000007e-02,
    5.40000014e-02, 0., 2.70000007e-02, 8.10000002e-02, 0.,
    2.70000007e-02, 1.08000003e-01, 0., 2.70000007e-02, 1.35000005e-01,
    0., 2.70000007e-02, 1.62000000e-01, 0., 5.40000014e-02, 0., 0.,
    5.40000014e-02, 2.70000007e-02, 0., 5.40000014e-02, 5.40000014e-02,
    0., 5.40000014e-02, 8.10000002e-02, 0., 5.40000014e-02,
    1.08000003e-01, 0., 5.40000014e-02, 1.35000005e-01, 0.,
    5.40000014e-02, 1.62000000e-01, 0., 8.10000002e-02, 0., 0.,
    8.10000002e-02, 2.70000007e-02, 0., 8.10000002e-02, 5.40000014e-02,
    0., 8.10000002e-02, 8.10000002e-02, 0., 8.10000002e-02,
    1.08000003e-01, 0., 8.10000002e-02, 1.35000005e-01, 0.,
    8.10000002e-02, 1.62000000e-01, 0., 1.08000003e-01, 0., 0.,
    1.08000003e-01, 2.70000007e-02, 0., 1.08000003e-01, 5.40000014e-02,
    0., 1.08000003e-01, 8.10000002e-02, 0., 1.08000003e-01,
    1.08000003e-01, 0., 1.08000003e-01, 1.35000005e-01, 0.,
    1.08000003e-01, 1.62000000e-01, 0. ]
CalibrationFrameExtRotation: !!opencv-matrix
   rows: 3
   cols: 1
   dt: d
   data: [ -1.8478418932306224e+00, -2.2876524422011904e+00,
       -7.6435347049547753e-01 ]
CalibrationFrameExtTranslation: !!opencv-matrix
   rows: 3
   cols: 1
   dt: d
   data: [ -6.5496872554448859e-02, -4.6160305059960285e-02,
       1.1330792667256071e+00 ]
CalibrationFrameRMSerror: 1.9554284214973450e-01
