%YAML:1.0
---
CalibrationFramePatternImage: [ 2.75166748e+02, 2.63510193e+02,
    2.93384155e+02, 2.59553467e+02, 3.11533936e+02, 2.55750290e+02,
    3.29352905e+02, 2.51778244e+02, 3.47211365e+02, 2.47905777e+02,
    3.64710815e+02, 2.44013611e+02, 3.82181519e+02, 2.40225128e+02,
    2.79570007e+02, 2.80437378e+02, 2.98206116e+02, 2.76545319e+02,
    3.16221771e+02, 2.72486969e+02, 3.34495880e+02, 2.68675323e+02,
    3.52337128e+02, 2.64752838e+02, 3.70160034e+02, 2.60762817e+02,
    3.87453918e+02, 2.56834320e+02, 2.84260712e+02, 2.97646423e+02,
    3.02503448e+02, 2.93597198e+02, 3.21109131e+02, 2.89621033e+02,
    3.39209839e+02, 2.85551514e+02, 3.57311218e+02, 2.81598358e+02,
    3.75254944e+02, 2.77586090e+02, 3.92769714e+02, 2.73621429e+02,
    2.88509491e+02, 3.14876465e+02, 3.07307617e+02, 3.10901276e+02,
    3.25632996e+02, 3.06896515e+02, 3.44287292e+02, 3.02740845e+02,
    3.62187164e+02, 2.98614380e+02, 3.80352295e+02, 2.94479889e+02,
    3.98190216e+02, 2.90369049e+02, 2.93224243e+02, 3.32310577e+02,
    3.11856293e+02, 3.28176666e+02, 3.30658020e+02, 3.24189301e+02,
    3.48869446e+02, 3.19835876e+02, 3.67293732e+02, 3.15652649e+02,
    3.85367310e+02, 3.11670990e+02, 4.03539032e+02, 3.07302979e+02 ]
CalibrationFramePatternWorld: [ 0., 0., 0., 0., 2.70000007e-02, 0., 0.,
    5.40000014e-02, 0., 0., 8.10000002e-02, 0., 0., 1.08000003e-01, 0.,
    0., 1.35000005e-01, 0., 0., 1.62000000e-01, 0., 2.70000007e-02, 0.,
    0., 2.70000007e-02, 2.70000007e-02, 0., 2.70000007e-02,
    5.40000014e-02, 0., 2.70000007e-02, 8.10000002e-02, 0.,
    2.70000007e-02, 1.08000003e-01, 0., 2.70000007e-02, 1.35000005e-01,
    0., 2.70000007e-02, 1.62000000e-01, 0., 5.40000014e-02, 0., 0.,
    5.40000014e-02, 2.70000007e-02, 0., 5.40000014e-02, 5.40000014e-02,
    0., 5.40000014e-02, 8.10000002e-02, 0., 5.40000014e-02,
    1.08000003e-01, 0., 5.40000014e-02, 1.35000005e-01, 0.,
    5.40000014e-02, 1.62000000e-01, 0., 8.10000002e-02, 0., 0.,
    8.10000002e-02, 2.70000007e-02, 0., 8.10000002e-02, 5.40000014e-02,
    0., 8.10000002e-02, 8.10000002e-02, 0., 8.10000002e-02,
    1.08000003e-01, 0., 8.10000002e-02, 1.35000005e-01, 0.,
    8.10000002e-02, 1.62000000e-01, 0., 1.08000003e-01, 0., 0.,
    1.08000003e-01, 2.70000007e-02, 0., 1.08000003e-01, 5.40000014e-02,
    0., 1.08000003e-01, 8.10000002e-02, 0., 1.08000003e-01,
    1.08000003e-01, 0., 1.08000003e-01, 1.35000005e-01, 0.,
    1.08000003e-01, 1.62000000e-01, 0. ]
CalibrationFrameExtRotation: !!opencv-matrix
   rows: 3
   cols: 1
   dt: d
   data: [ 2.2124067339571836e+00, 1.7523370374553229e+00,
       -3.2407756021979373e-01 ]
CalibrationFrameExtTranslation: !!opencv-matrix
   rows: 3
   cols: 1
   dt: d
   data: [ 1.5660378516132886e-02, -1.0421481055228081e-02,
       1.1968435255774639e+00 ]
CalibrationFrameRMSerror: 1.8655064702033997e-01
