%YAML:1.0
---
CalibrationFramePatternImage: [ 4.67045349e+02, 2.75488525e+02,
    4.85253113e+02, 2.75515564e+02, 5.03490173e+02, 2.75630981e+02,
    5.21425415e+02, 2.75586548e+02, 5.39329285e+02, 2.75449463e+02,
    5.57056091e+02, 2.75658783e+02, 5.74459961e+02, 2.75528412e+02,
    4.66876434e+02, 2.94420959e+02, 4.85626923e+02, 2.94418121e+02,
    5.03779938e+02, 2.94355164e+02, 5.22014160e+02, 2.94467560e+02,
    5.39542908e+02, 2.94268433e+02, 5.57269592e+02, 2.94151550e+02,
    5.74444763e+02, 2.94006042e+02, 4.67150879e+02, 3.13112427e+02,
    4.85620758e+02, 3.13037811e+02, 5.03843231e+02, 3.13046417e+02,
    5.21701355e+02, 3.12800293e+02, 5.39879456e+02, 3.12811646e+02,
    5.57362183e+02, 3.12556122e+02, 5.74540161e+02, 3.12442719e+02,
    4.67134827e+02, 3.31666229e+02, 4.85938782e+02, 3.31797821e+02,
    5.03561279e+02, 3.31531982e+02, 5.21880798e+02, 3.31357269e+02,
    5.39635193e+02, 3.31298035e+02, 5.57548035e+02, 3.30954132e+02,
    5.74766785e+02, 3.30702881e+02, 4.67147827e+02, 3.50335297e+02,
    4.85737152e+02, 3.49674133e+02, 5.03474609e+02, 3.49730194e+02,
    5.21520813e+02, 3.49748016e+02, 5.39504456e+02, 3.49378876e+02,
    5.57275940e+02, 3.49030426e+02, 5.74749023e+02, 3.49002502e+02 ]
CalibrationFramePatternWorld: [ 0., 0., 0., 0., 2.70000007e-02, 0., 0.,
    5.40000014e-02, 0., 0., 8.10000002e-02, 0., 0., 1.08000003e-01, 0.,
    0., 1.35000005e-01, 0., 0., 1.62000000e-01, 0., 2.70000007e-02, 0.,
    0., 2.70000007e-02, 2.70000007e-02, 0., 2.70000007e-02,
    5.40000014e-02, 0., 2.70000007e-02, 8.10000002e-02, 0.,
    2.70000007e-02, 1.08000003e-01, 0., 2.70000007e-02, 1.35000005e-01,
    0., 2.70000007e-02, 1.62000000e-01, 0., 5.40000014e-02, 0., 0.,
    5.40000014e-02, 2.70000007e-02, 0., 5.40000014e-02, 5.40000014e-02,
    0., 5.40000014e-02, 8.10000002e-02, 0., 5.40000014e-02,
    1.08000003e-01, 0., 5.40000014e-02, 1.35000005e-01, 0.,
    5.40000014e-02, 1.62000000e-01, 0., 8.10000002e-02, 0., 0.,
    8.10000002e-02, 2.70000007e-02, 0., 8.10000002e-02, 5.40000014e-02,
    0., 8.10000002e-02, 8.10000002e-02, 0., 8.10000002e-02,
    1.08000003e-01, 0., 8.10000002e-02, 1.35000005e-01, 0.,
    8.10000002e-02, 1.62000000e-01, 0., 1.08000003e-01, 0., 0.,
    1.08000003e-01, 2.70000007e-02, 0., 1.08000003e-01, 5.40000014e-02,
    0., 1.08000003e-01, 8.10000002e-02, 0., 1.08000003e-01,
    1.08000003e-01, 0., 1.08000003e-01, 1.35000005e-01, 0.,
    1.08000003e-01, 1.62000000e-01, 0. ]
CalibrationFrameExtRotation: !!opencv-matrix
   rows: 3
   cols: 1
   dt: d
   data: [ 2.1943722629093303e+00, 2.2127366124894379e+00,
       -1.6934064702718110e-01 ]
CalibrationFrameExtTranslation: !!opencv-matrix
   rows: 3
   cols: 1
   dt: d
   data: [ 2.8990867015496646e-01, 7.6791908933986908e-03,
       1.1662086439650956e+00 ]
CalibrationFrameRMSerror: 2.3229391872882843e-01
