%YAML:1.0
---
CalibrationFramePatternImage: [ 2.71478241e+02, 2.34654221e+02,
    2.89212311e+02, 2.41100510e+02, 3.06904999e+02, 2.47507736e+02,
    3.24175537e+02, 2.53769958e+02, 3.41398651e+02, 2.59950806e+02,
    3.58507233e+02, 2.66185486e+02, 3.75313782e+02, 2.72186646e+02,
    2.64276947e+02, 2.52427460e+02, 2.82293945e+02, 2.58675507e+02,
    2.99552826e+02, 2.64809357e+02, 3.17027985e+02, 2.70966217e+02,
    3.34225647e+02, 2.76702728e+02, 3.51288239e+02, 2.82960907e+02,
    3.67954895e+02, 2.88787933e+02, 2.57513306e+02, 2.69273254e+02,
    2.75193359e+02, 2.75229065e+02, 2.92779266e+02, 2.81341278e+02,
    3.09899261e+02, 2.87371307e+02, 3.27255768e+02, 2.93240875e+02,
    3.44044739e+02, 2.99223724e+02, 3.60792114e+02, 3.04575623e+02,
    2.50732819e+02, 2.85906586e+02, 2.68478821e+02, 2.91828918e+02,
    2.85687683e+02, 2.97709717e+02, 3.03031036e+02, 3.03356567e+02,
    3.20103729e+02, 3.09379150e+02, 3.37105011e+02, 3.15107880e+02,
    3.53530853e+02, 3.20616241e+02, 2.44457260e+02, 3.02127686e+02,
    2.61817200e+02, 3.08118591e+02, 2.79120514e+02, 3.13851257e+02,
    2.96277710e+02, 3.19600189e+02, 3.13397125e+02, 3.25249817e+02,
    3.30046661e+02, 3.30800171e+02, 3.46878510e+02, 3.36215637e+02 ]
CalibrationFramePatternWorld: [ 0., 0., 0., 0., 2.70000007e-02, 0., 0.,
    5.40000014e-02, 0., 0., 8.10000002e-02, 0., 0., 1.08000003e-01, 0.,
    0., 1.35000005e-01, 0., 0., 1.62000000e-01, 0., 2.70000007e-02, 0.,
    0., 2.70000007e-02, 2.70000007e-02, 0., 2.70000007e-02,
    5.40000014e-02, 0., 2.70000007e-02, 8.10000002e-02, 0.,
    2.70000007e-02, 1.08000003e-01, 0., 2.70000007e-02, 1.35000005e-01,
    0., 2.70000007e-02, 1.62000000e-01, 0., 5.40000014e-02, 0., 0.,
    5.40000014e-02, 2.70000007e-02, 0., 5.40000014e-02, 5.40000014e-02,
    0., 5.40000014e-02, 8.10000002e-02, 0., 5.40000014e-02,
    1.08000003e-01, 0., 5.40000014e-02, 1.35000005e-01, 0.,
    5.40000014e-02, 1.62000000e-01, 0., 8.10000002e-02, 0., 0.,
    8.10000002e-02, 2.70000007e-02, 0., 8.10000002e-02, 5.40000014e-02,
    0., 8.10000002e-02, 8.10000002e-02, 0., 8.10000002e-02,
    1.08000003e-01, 0., 8.10000002e-02, 1.35000005e-01, 0.,
    8.10000002e-02, 1.62000000e-01, 0., 1.08000003e-01, 0., 0.,
    1.08000003e-01, 2.70000007e-02, 0., 1.08000003e-01, 5.40000014e-02,
    0., 1.08000003e-01, 8.10000002e-02, 0., 1.08000003e-01,
    1.08000003e-01, 0., 1.08000003e-01, 1.35000005e-01, 0.,
    1.08000003e-01, 1.62000000e-01, 0. ]
CalibrationFrameExtRotation: !!opencv-matrix
   rows: 3
   cols: 1
   dt: d
   data: [ -1.6957703558714192e+00, -2.4467013688043182e+00,
       -4.3653048432634078e-01 ]
CalibrationFrameExtTranslation: !!opencv-matrix
   rows: 3
   cols: 1
   dt: d
   data: [ 9.8700420478859043e-03, -5.0502057423078908e-02,
       1.1713075528921961e+00 ]
CalibrationFrameRMSerror: 2.2400034964084625e-01
