%YAML:1.0
---
CalibrationFramePatternImage: [ 4.71122437e+02, 2.33324387e+02,
    4.88136810e+02, 2.38683350e+02, 5.05606995e+02, 2.44177719e+02,
    5.22909302e+02, 2.49659531e+02, 5.40826538e+02, 2.55436554e+02,
    5.58287048e+02, 2.61036469e+02, 5.76254333e+02, 2.66962677e+02,
    4.66762878e+02, 2.50707138e+02, 4.84046204e+02, 2.56240021e+02,
    5.01223358e+02, 2.61734558e+02, 5.18588989e+02, 2.67495270e+02,
    5.35874451e+02, 2.73141693e+02, 5.53681885e+02, 2.79239532e+02,
    5.71004211e+02, 2.85001434e+02, 4.62998718e+02, 2.67658295e+02,
    4.79590546e+02, 2.73157227e+02, 4.96670135e+02, 2.78880493e+02,
    5.13946411e+02, 2.84702850e+02, 5.31172791e+02, 2.90651245e+02,
    5.48465759e+02, 2.96497375e+02, 5.66021667e+02, 3.02532013e+02,
    4.58541199e+02, 2.84116150e+02, 4.75321411e+02, 2.89948151e+02,
    4.92215820e+02, 2.95558868e+02, 5.09368774e+02, 3.01408905e+02,
    5.26189026e+02, 3.07548889e+02, 5.43487061e+02, 3.13700836e+02,
    5.60470154e+02, 3.19909393e+02, 4.54615814e+02, 3.00528076e+02,
    4.70982269e+02, 3.06213776e+02, 4.87935547e+02, 3.12198761e+02,
    5.04480804e+02, 3.18185059e+02, 5.21540100e+02, 3.24344757e+02,
    5.38318420e+02, 3.30449188e+02, 5.55381592e+02, 3.36792236e+02 ]
CalibrationFramePatternWorld: [ 0., 0., 0., 0., 2.70000007e-02, 0., 0.,
    5.40000014e-02, 0., 0., 8.10000002e-02, 0., 0., 1.08000003e-01, 0.,
    0., 1.35000005e-01, 0., 0., 1.62000000e-01, 0., 2.70000007e-02, 0.,
    0., 2.70000007e-02, 2.70000007e-02, 0., 2.70000007e-02,
    5.40000014e-02, 0., 2.70000007e-02, 8.10000002e-02, 0.,
    2.70000007e-02, 1.08000003e-01, 0., 2.70000007e-02, 1.35000005e-01,
    0., 2.70000007e-02, 1.62000000e-01, 0., 5.40000014e-02, 0., 0.,
    5.40000014e-02, 2.70000007e-02, 0., 5.40000014e-02, 5.40000014e-02,
    0., 5.40000014e-02, 8.10000002e-02, 0., 5.40000014e-02,
    1.08000003e-01, 0., 5.40000014e-02, 1.35000005e-01, 0.,
    5.40000014e-02, 1.62000000e-01, 0., 8.10000002e-02, 0., 0.,
    8.10000002e-02, 2.70000007e-02, 0., 8.10000002e-02, 5.40000014e-02,
    0., 8.10000002e-02, 8.10000002e-02, 0., 8.10000002e-02,
    1.08000003e-01, 0., 8.10000002e-02, 1.35000005e-01, 0.,
    8.10000002e-02, 1.62000000e-01, 0., 1.08000003e-01, 0., 0.,
    1.08000003e-01, 2.70000007e-02, 0., 1.08000003e-01, 5.40000014e-02,
    0., 1.08000003e-01, 8.10000002e-02, 0., 1.08000003e-01,
    1.08000003e-01, 0., 1.08000003e-01, 1.35000005e-01, 0.,
    1.08000003e-01, 1.62000000e-01, 0. ]
CalibrationFrameExtRotation: !!opencv-matrix
   rows: 3
   cols: 1
   dt: d
   data: [ -1.5395770056498668e+00, -1.9922238080441619e+00,
       2.1852039459266315e-01 ]
CalibrationFrameExtTranslation: !!opencv-matrix
   rows: 3
   cols: 1
   dt: d
   data: [ 2.9787401106721184e-01, -5.4183223549948097e-02,
       1.1735882679679692e+00 ]
CalibrationFrameRMSerror: 2.3356115818023682e-01
