%YAML:1.0
---
CalibrationFramePatternImage: [ 1.11688118e+02, 9.93866272e+01,
    1.27972366e+02, 1.04605125e+02, 1.44367493e+02, 1.09874802e+02,
    1.60758087e+02, 1.15298080e+02, 1.77666153e+02, 1.20843407e+02,
    1.94637665e+02, 1.26421120e+02, 2.11655060e+02, 1.32100296e+02,
    1.07788628e+02, 1.16199387e+02, 1.23857773e+02, 1.21484200e+02,
    1.40196915e+02, 1.26838837e+02, 1.56519180e+02, 1.32373566e+02,
    1.73175705e+02, 1.37993042e+02, 1.90028580e+02, 1.43615295e+02,
    2.07110001e+02, 1.49285751e+02, 1.04183632e+02, 1.32628082e+02,
    1.19978249e+02, 1.38036255e+02, 1.36208435e+02, 1.43433563e+02,
    1.52488174e+02, 1.48988953e+02, 1.68852798e+02, 1.54729858e+02,
    1.85490295e+02, 1.60449631e+02, 2.02524475e+02, 1.66253540e+02,
    1.00337120e+02, 1.48791916e+02, 1.16159981e+02, 1.54211029e+02,
    1.32285568e+02, 1.59781448e+02, 1.48450348e+02, 1.65415817e+02,
    1.64575455e+02, 1.71042892e+02, 1.81333679e+02, 1.77033920e+02,
    1.97785553e+02, 1.82841171e+02, 9.69747772e+01, 1.64683914e+02,
    1.12568390e+02, 1.70192200e+02, 1.28504517e+02, 1.75672897e+02,
    1.44466782e+02, 1.81461990e+02, 1.60731216e+02, 1.87250641e+02,
    1.76971100e+02, 1.93038284e+02, 1.93510361e+02, 1.98898941e+02 ]
CalibrationFramePatternWorld: [ 0., 0., 0., 0., 2.70000007e-02, 0., 0.,
    5.40000014e-02, 0., 0., 8.10000002e-02, 0., 0., 1.08000003e-01, 0.,
    0., 1.35000005e-01, 0., 0., 1.62000000e-01, 0., 2.70000007e-02, 0.,
    0., 2.70000007e-02, 2.70000007e-02, 0., 2.70000007e-02,
    5.40000014e-02, 0., 2.70000007e-02, 8.10000002e-02, 0.,
    2.70000007e-02, 1.08000003e-01, 0., 2.70000007e-02, 1.35000005e-01,
    0., 2.70000007e-02, 1.62000000e-01, 0., 5.40000014e-02, 0., 0.,
    5.40000014e-02, 2.70000007e-02, 0., 5.40000014e-02, 5.40000014e-02,
    0., 5.40000014e-02, 8.10000002e-02, 0., 5.40000014e-02,
    1.08000003e-01, 0., 5.40000014e-02, 1.35000005e-01, 0.,
    5.40000014e-02, 1.62000000e-01, 0., 8.10000002e-02, 0., 0.,
    8.10000002e-02, 2.70000007e-02, 0., 8.10000002e-02, 5.40000014e-02,
    0., 8.10000002e-02, 8.10000002e-02, 0., 8.10000002e-02,
    1.08000003e-01, 0., 8.10000002e-02, 1.35000005e-01, 0.,
    8.10000002e-02, 1.62000000e-01, 0., 1.08000003e-01, 0., 0.,
    1.08000003e-01, 2.70000007e-02, 0., 1.08000003e-01, 5.40000014e-02,
    0., 1.08000003e-01, 8.10000002e-02, 0., 1.08000003e-01,
    1.08000003e-01, 0., 1.08000003e-01, 1.35000005e-01, 0.,
    1.08000003e-01, 1.62000000e-01, 0. ]
CalibrationFrameExtRotation: !!opencv-matrix
   rows: 3
   cols: 1
   dt: d
   data: [ -1.5821651201931592e+00, -2.2141237879833802e+00,
       -2.3971132265350076e-01 ]
CalibrationFrameExtTranslation: !!opencv-matrix
   rows: 3
   cols: 1
   dt: d
   data: [ -2.2757183588137758e-01, -2.5692576416011875e-01,
       1.2040095220765858e+00 ]
CalibrationFrameRMSerror: 1.5507732331752777e-01
