%YAML:1.0
---
CalibrationFramePatternImage: [ 1.12559479e+02, 3.00511597e+02,
    1.30280945e+02, 2.99780396e+02, 1.47553436e+02, 2.99116272e+02,
    1.64399704e+02, 2.98496887e+02, 1.81394241e+02, 2.97971375e+02,
    1.97573288e+02, 2.97262299e+02, 2.13795044e+02, 2.96496643e+02,
    1.12222847e+02, 3.19599304e+02, 1.29540100e+02, 3.18718079e+02,
    1.46719635e+02, 3.17782135e+02, 1.63661392e+02, 3.16759369e+02,
    1.80264572e+02, 3.16204773e+02, 1.96733398e+02, 3.15162994e+02,
    2.12562714e+02, 3.14204895e+02, 1.11533028e+02, 3.38391235e+02,
    1.28897903e+02, 3.37176392e+02, 1.46095840e+02, 3.36046509e+02,
    1.62764572e+02, 3.34829437e+02, 1.79460449e+02, 3.33684967e+02,
    1.95613373e+02, 3.32837921e+02, 2.11623444e+02, 3.31524231e+02,
    1.11204674e+02, 3.56673950e+02, 1.28385757e+02, 3.55262024e+02,
    1.45318558e+02, 3.54006500e+02, 1.62155273e+02, 3.52568970e+02,
    1.78853943e+02, 3.51499268e+02, 1.95131241e+02, 3.50057648e+02,
    2.10681259e+02, 3.48784515e+02, 1.10884186e+02, 3.74738342e+02,
    1.27712357e+02, 3.73186646e+02, 1.45041779e+02, 3.71701080e+02,
    1.61655777e+02, 3.70210754e+02, 1.78171799e+02, 3.68697906e+02,
    1.94179214e+02, 3.67255554e+02, 2.10050873e+02, 3.65799713e+02 ]
CalibrationFramePatternWorld: [ 0., 0., 0., 0., 2.70000007e-02, 0., 0.,
    5.40000014e-02, 0., 0., 8.10000002e-02, 0., 0., 1.08000003e-01, 0.,
    0., 1.35000005e-01, 0., 0., 1.62000000e-01, 0., 2.70000007e-02, 0.,
    0., 2.70000007e-02, 2.70000007e-02, 0., 2.70000007e-02,
    5.40000014e-02, 0., 2.70000007e-02, 8.10000002e-02, 0.,
    2.70000007e-02, 1.08000003e-01, 0., 2.70000007e-02, 1.35000005e-01,
    0., 2.70000007e-02, 1.62000000e-01, 0., 5.40000014e-02, 0., 0.,
    5.40000014e-02, 2.70000007e-02, 0., 5.40000014e-02, 5.40000014e-02,
    0., 5.40000014e-02, 8.10000002e-02, 0., 5.40000014e-02,
    1.08000003e-01, 0., 5.40000014e-02, 1.35000005e-01, 0.,
    5.40000014e-02, 1.62000000e-01, 0., 8.10000002e-02, 0., 0.,
    8.10000002e-02, 2.70000007e-02, 0., 8.10000002e-02, 5.40000014e-02,
    0., 8.10000002e-02, 8.10000002e-02, 0., 8.10000002e-02,
    1.08000003e-01, 0., 8.10000002e-02, 1.35000005e-01, 0.,
    8.10000002e-02, 1.62000000e-01, 0., 1.08000003e-01, 0., 0.,
    1.08000003e-01, 2.70000007e-02, 0., 1.08000003e-01, 5.40000014e-02,
    0., 1.08000003e-01, 8.10000002e-02, 0., 1.08000003e-01,
    1.08000003e-01, 0., 1.08000003e-01, 1.35000005e-01, 0.,
    1.08000003e-01, 1.62000000e-01, 0. ]
CalibrationFrameExtRotation: !!opencv-matrix
   rows: 3
   cols: 1
   dt: d
   data: [ 1.9259524630898219e+00, 1.9698151333645428e+00,
       7.4368385474235499e-01 ]
CalibrationFrameExtTranslation: !!opencv-matrix
   rows: 3
   cols: 1
   dt: d
   data: [ -2.1072845068944954e-01, 4.2453884355937298e-02,
       1.1360251899763096e+00 ]
CalibrationFrameRMSerror: 1.9228617846965790e-01
