%YAML:1.0
---
CalibrationFramePatternImage: [ 2.69685883e+02, 5.23590813e+01,
    2.87526306e+02, 5.76900330e+01, 3.05347198e+02, 6.33084373e+01,
    3.23126373e+02, 6.89310150e+01, 3.40797791e+02, 7.44087601e+01,
    3.58121277e+02, 8.03242416e+01, 3.75517151e+02, 8.55832901e+01,
    2.64268158e+02, 6.91797485e+01, 2.82032776e+02, 7.46218109e+01,
    2.99661285e+02, 7.99263611e+01, 3.17221130e+02, 8.54734421e+01,
    3.34575928e+02, 9.08405304e+01, 3.52231720e+02, 9.62828979e+01,
    3.69280640e+02, 1.01887215e+02, 2.58792938e+02, 8.53567963e+01,
    2.76371246e+02, 9.06833496e+01, 2.94112946e+02, 9.61526031e+01,
    3.11430328e+02, 1.01347450e+02, 3.28666016e+02, 1.06633354e+02,
    3.46100342e+02, 1.12102921e+02, 3.63066803e+02, 1.17285339e+02,
    2.53657516e+02, 1.01317627e+02, 2.71135559e+02, 1.06531052e+02,
    2.88301971e+02, 1.11854759e+02, 3.05920197e+02, 1.16986031e+02,
    3.23011444e+02, 1.22352814e+02, 3.40146912e+02, 1.27630272e+02,
    3.56901917e+02, 1.32958527e+02, 2.48472931e+02, 1.16782570e+02,
    2.65900421e+02, 1.22151611e+02, 2.83137482e+02, 1.27152023e+02,
    3.00110199e+02, 1.32444748e+02, 3.17325714e+02, 1.37630173e+02,
    3.34375916e+02, 1.42853912e+02, 3.51130676e+02, 1.48009048e+02 ]
CalibrationFramePatternWorld: [ 0., 0., 0., 0., 2.70000007e-02, 0., 0.,
    5.40000014e-02, 0., 0., 8.10000002e-02, 0., 0., 1.08000003e-01, 0.,
    0., 1.35000005e-01, 0., 0., 1.62000000e-01, 0., 2.70000007e-02, 0.,
    0., 2.70000007e-02, 2.70000007e-02, 0., 2.70000007e-02,
    5.40000014e-02, 0., 2.70000007e-02, 8.10000002e-02, 0.,
    2.70000007e-02, 1.08000003e-01, 0., 2.70000007e-02, 1.35000005e-01,
    0., 2.70000007e-02, 1.62000000e-01, 0., 5.40000014e-02, 0., 0.,
    5.40000014e-02, 2.70000007e-02, 0., 5.40000014e-02, 5.40000014e-02,
    0., 5.40000014e-02, 8.10000002e-02, 0., 5.40000014e-02,
    1.08000003e-01, 0., 5.40000014e-02, 1.35000005e-01, 0.,
    5.40000014e-02, 1.62000000e-01, 0., 8.10000002e-02, 0., 0.,
    8.10000002e-02, 2.70000007e-02, 0., 8.10000002e-02, 5.40000014e-02,
    0., 8.10000002e-02, 8.10000002e-02, 0., 8.10000002e-02,
    1.08000003e-01, 0., 8.10000002e-02, 1.35000005e-01, 0.,
    8.10000002e-02, 1.62000000e-01, 0., 1.08000003e-01, 0., 0.,
    1.08000003e-01, 2.70000007e-02, 0., 1.08000003e-01, 5.40000014e-02,
    0., 1.08000003e-01, 8.10000002e-02, 0., 1.08000003e-01,
    1.08000003e-01, 0., 1.08000003e-01, 1.35000005e-01, 0.,
    1.08000003e-01, 1.62000000e-01, 0. ]
CalibrationFrameExtRotation: !!opencv-matrix
   rows: 3
   cols: 1
   dt: d
   data: [ -1.5717648879935362e+00, -2.1599228547841562e+00,
       -5.9698347809636731e-01 ]
CalibrationFrameExtTranslation: !!opencv-matrix
   rows: 3
   cols: 1
   dt: d
   data: [ 7.2848318809257797e-03, -3.1648359385237140e-01,
       1.1705989854777421e+00 ]
CalibrationFrameRMSerror: 1.6965645551681519e-01
