%YAML:1.0
---
CalibrationFramePatternImage: [ 2.32155518e+02, 1.78145477e+02,
    2.49630920e+02, 1.86009399e+02, 2.66874939e+02, 1.94039032e+02,
    2.84017426e+02, 2.01798141e+02, 3.01192230e+02, 2.09701294e+02,
    3.18188751e+02, 2.17464386e+02, 3.34849121e+02, 2.25014755e+02,
    2.25461472e+02, 1.95049942e+02, 2.43217316e+02, 2.02757431e+02,
    2.60580353e+02, 2.10772644e+02, 2.78017914e+02, 2.18856613e+02,
    2.94985413e+02, 2.26523636e+02, 3.12199066e+02, 2.34372528e+02,
    3.28872345e+02, 2.42031708e+02, 2.18701477e+02, 2.11867157e+02,
    2.36326889e+02, 2.19804581e+02, 2.53819244e+02, 2.27741302e+02,
    2.71352844e+02, 2.35716156e+02, 2.88901062e+02, 2.43527786e+02,
    3.05863403e+02, 2.51532562e+02, 3.22865326e+02, 2.59024780e+02,
    2.11682892e+02, 2.28809967e+02, 2.29582199e+02, 2.37139313e+02,
    2.47226074e+02, 2.44978104e+02, 2.64969727e+02, 2.53062729e+02,
    2.82360382e+02, 2.60656860e+02, 2.99773804e+02, 2.68493561e+02,
    3.16817780e+02, 2.76403290e+02, 2.04830032e+02, 2.46344009e+02,
    2.22452484e+02, 2.54459076e+02, 2.40425705e+02, 2.62559265e+02,
    2.58070587e+02, 2.70382233e+02, 2.75757904e+02, 2.78221558e+02,
    2.93050598e+02, 2.86029358e+02, 3.10644073e+02, 2.93478790e+02 ]
CalibrationFramePatternWorld: [ 0., 0., 0., 0., 2.70000007e-02, 0., 0.,
    5.40000014e-02, 0., 0., 8.10000002e-02, 0., 0., 1.08000003e-01, 0.,
    0., 1.35000005e-01, 0., 0., 1.62000000e-01, 0., 2.70000007e-02, 0.,
    0., 2.70000007e-02, 2.70000007e-02, 0., 2.70000007e-02,
    5.40000014e-02, 0., 2.70000007e-02, 8.10000002e-02, 0.,
    2.70000007e-02, 1.08000003e-01, 0., 2.70000007e-02, 1.35000005e-01,
    0., 2.70000007e-02, 1.62000000e-01, 0., 5.40000014e-02, 0., 0.,
    5.40000014e-02, 2.70000007e-02, 0., 5.40000014e-02, 5.40000014e-02,
    0., 5.40000014e-02, 8.10000002e-02, 0., 5.40000014e-02,
    1.08000003e-01, 0., 5.40000014e-02, 1.35000005e-01, 0.,
    5.40000014e-02, 1.62000000e-01, 0., 8.10000002e-02, 0., 0.,
    8.10000002e-02, 2.70000007e-02, 0., 8.10000002e-02, 5.40000014e-02,
    0., 8.10000002e-02, 8.10000002e-02, 0., 8.10000002e-02,
    1.08000003e-01, 0., 8.10000002e-02, 1.35000005e-01, 0.,
    8.10000002e-02, 1.62000000e-01, 0., 1.08000003e-01, 0., 0.,
    1.08000003e-01, 2.70000007e-02, 0., 1.08000003e-01, 5.40000014e-02,
    0., 1.08000003e-01, 8.10000002e-02, 0., 1.08000003e-01,
    1.08000003e-01, 0., 1.08000003e-01, 1.35000005e-01, 0.,
    1.08000003e-01, 1.62000000e-01, 0. ]
CalibrationFrameExtRotation: !!opencv-matrix
   rows: 3
   cols: 1
   dt: d
   data: [ 1.5503240192499761e+00, 2.3107237810475296e+00,
       1.6383065297200905e-02 ]
CalibrationFrameExtTranslation: !!opencv-matrix
   rows: 3
   cols: 1
   dt: d
   data: [ -4.4462483088384956e-02, -1.2970524879452724e-01,
       1.1483202939931811e+00 ]
CalibrationFrameRMSerror: 1.9487935304641724e-01
