%YAML:1.0
---
CalibrationFramePatternImage: [ 7.69401855e+01, 1.77993240e+02,
    9.23880157e+01, 1.85661179e+02, 1.08334999e+02, 1.93255585e+02,
    1.24025093e+02, 2.00684113e+02, 1.40227707e+02, 2.08474091e+02,
    1.56246719e+02, 2.16282639e+02, 1.72393997e+02, 2.23742325e+02,
    7.12786865e+01, 1.93412842e+02, 8.66158600e+01, 2.01070343e+02,
    1.02320892e+02, 2.08552216e+02, 1.18204727e+02, 2.15974518e+02,
    1.33841385e+02, 2.23661163e+02, 1.50040558e+02, 2.31227554e+02,
    1.65987946e+02, 2.38909164e+02, 6.58481293e+01, 2.08412750e+02,
    8.11933899e+01, 2.15683594e+02, 9.66432419e+01, 2.23383453e+02,
    1.12398300e+02, 2.30878586e+02, 1.28217331e+02, 2.38077774e+02,
    1.43855087e+02, 2.46072662e+02, 1.60005951e+02, 2.53099640e+02,
    6.05353966e+01, 2.23025635e+02, 7.60258255e+01, 2.30105133e+02,
    9.14678421e+01, 2.37584656e+02, 1.06907112e+02, 2.45006012e+02,
    1.22387245e+02, 2.52590149e+02, 1.38324646e+02, 2.59996552e+02,
    1.53730148e+02, 2.67812195e+02, 5.64206390e+01, 2.36151382e+02,
    7.11440735e+01, 2.43879562e+02, 8.65685349e+01, 2.51179291e+02,
    1.01829193e+02, 2.58654816e+02, 1.17419662e+02, 2.66073456e+02,
    1.32425781e+02, 2.74641632e+02, 1.48161758e+02, 2.81426910e+02 ]
CalibrationFramePatternWorld: [ 0., 0., 0., 0., 2.70000007e-02, 0., 0.,
    5.40000014e-02, 0., 0., 8.10000002e-02, 0., 0., 1.08000003e-01, 0.,
    0., 1.35000005e-01, 0., 0., 1.62000000e-01, 0., 2.70000007e-02, 0.,
    0., 2.70000007e-02, 2.70000007e-02, 0., 2.70000007e-02,
    5.40000014e-02, 0., 2.70000007e-02, 8.10000002e-02, 0.,
    2.70000007e-02, 1.08000003e-01, 0., 2.70000007e-02, 1.35000005e-01,
    0., 2.70000007e-02, 1.62000000e-01, 0., 5.40000014e-02, 0., 0.,
    5.40000014e-02, 2.70000007e-02, 0., 5.40000014e-02, 5.40000014e-02,
    0., 5.40000014e-02, 8.10000002e-02, 0., 5.40000014e-02,
    1.08000003e-01, 0., 5.40000014e-02, 1.35000005e-01, 0.,
    5.40000014e-02, 1.62000000e-01, 0., 8.10000002e-02, 0., 0.,
    8.10000002e-02, 2.70000007e-02, 0., 8.10000002e-02, 5.40000014e-02,
    0., 8.10000002e-02, 8.10000002e-02, 0., 8.10000002e-02,
    1.08000003e-01, 0., 8.10000002e-02, 1.35000005e-01, 0.,
    8.10000002e-02, 1.62000000e-01, 0., 1.08000003e-01, 0., 0.,
    1.08000003e-01, 2.70000007e-02, 0., 1.08000003e-01, 5.40000014e-02,
    0., 1.08000003e-01, 8.10000002e-02, 0., 1.08000003e-01,
    1.08000003e-01, 0., 1.08000003e-01, 1.35000005e-01, 0.,
    1.08000003e-01, 1.62000000e-01, 0. ]
CalibrationFrameExtRotation: !!opencv-matrix
   rows: 3
   cols: 1
   dt: d
   data: [ -1.4542688823454546e+00, -2.3310179474608930e+00,
       -3.8489725809186515e-01 ]
CalibrationFrameExtTranslation: !!opencv-matrix
   rows: 3
   cols: 1
   dt: d
   data: [ -2.8215509675565775e-01, -1.3950134155709940e-01,
       1.2179469110870178e+00 ]
CalibrationFrameRMSerror: 3.3724239468574524e-01
