%YAML:1.0
---
CalibrationFramePatternImage: [ 3.25233978e+02, 2.50143570e+02,
    3.43713989e+02, 2.49716751e+02, 3.62459686e+02, 2.49728302e+02,
    3.81036774e+02, 2.48986160e+02, 3.99613312e+02, 2.48689804e+02,
    4.17851349e+02, 2.48649078e+02, 4.36444122e+02, 2.48360443e+02,
    3.25221985e+02, 2.68400970e+02, 3.44127319e+02, 2.68058533e+02,
    3.62708649e+02, 2.67828674e+02, 3.81406036e+02, 2.67512787e+02,
    3.99857941e+02, 2.67362610e+02, 4.18630585e+02, 2.67161285e+02,
    4.36637756e+02, 2.66705200e+02, 3.25503387e+02, 2.86469574e+02,
    3.44041870e+02, 2.86255371e+02, 3.62967224e+02, 2.86180542e+02,
    3.81401611e+02, 2.85757690e+02, 4.00229889e+02, 2.85875732e+02,
    4.18597534e+02, 2.85376160e+02, 4.36997650e+02, 2.85175842e+02,
    3.25391479e+02, 3.04425568e+02, 3.44178711e+02, 3.04418457e+02,
    3.63005249e+02, 3.04359833e+02, 3.81751770e+02, 3.04159241e+02,
    4.00167114e+02, 3.03894684e+02, 4.18842072e+02, 3.03656250e+02,
    4.37212158e+02, 3.03590088e+02, 3.25446533e+02, 3.22624207e+02,
    3.44030029e+02, 3.22515961e+02, 3.62874573e+02, 3.22459412e+02,
    3.81377045e+02, 3.22209991e+02, 4.00295074e+02, 3.22166595e+02,
    4.18740570e+02, 3.21846130e+02, 4.37343445e+02, 3.21683563e+02 ]
CalibrationFramePatternWorld: [ 0., 0., 0., 0., 2.70000007e-02, 0., 0.,
    5.40000014e-02, 0., 0., 8.10000002e-02, 0., 0., 1.08000003e-01, 0.,
    0., 1.35000005e-01, 0., 0., 1.62000000e-01, 0., 2.70000007e-02, 0.,
    0., 2.70000007e-02, 2.70000007e-02, 0., 2.70000007e-02,
    5.40000014e-02, 0., 2.70000007e-02, 8.10000002e-02, 0.,
    2.70000007e-02, 1.08000003e-01, 0., 2.70000007e-02, 1.35000005e-01,
    0., 2.70000007e-02, 1.62000000e-01, 0., 5.40000014e-02, 0., 0.,
    5.40000014e-02, 2.70000007e-02, 0., 5.40000014e-02, 5.40000014e-02,
    0., 5.40000014e-02, 8.10000002e-02, 0., 5.40000014e-02,
    1.08000003e-01, 0., 5.40000014e-02, 1.35000005e-01, 0.,
    5.40000014e-02, 1.62000000e-01, 0., 8.10000002e-02, 0., 0.,
    8.10000002e-02, 2.70000007e-02, 0., 8.10000002e-02, 5.40000014e-02,
    0., 8.10000002e-02, 8.10000002e-02, 0., 8.10000002e-02,
    1.08000003e-01, 0., 8.10000002e-02, 1.35000005e-01, 0.,
    8.10000002e-02, 1.62000000e-01, 0., 1.08000003e-01, 0., 0.,
    1.08000003e-01, 2.70000007e-02, 0., 1.08000003e-01, 5.40000014e-02,
    0., 1.08000003e-01, 8.10000002e-02, 0., 1.08000003e-01,
    1.08000003e-01, 0., 1.08000003e-01, 1.35000005e-01, 0.,
    1.08000003e-01, 1.62000000e-01, 0. ]
CalibrationFrameExtRotation: !!opencv-matrix
   rows: 3
   cols: 1
   dt: d
   data: [ 2.2036369376143576e+00, 2.2023367440307959e+00,
       -3.1089505962899300e-01 ]
CalibrationFrameExtTranslation: !!opencv-matrix
   rows: 3
   cols: 1
   dt: d
   data: [ 8.9459722960736940e-02, -3.0477208335938095e-02,
       1.2135559421239928e+00 ]
CalibrationFrameRMSerror: 2.5763314962387085e-01
