%YAML:1.0
---
CalibrationFramePatternImage: [ 4.63941681e+02, 6.96886749e+01,
    4.80078552e+02, 7.77668991e+01, 4.96199768e+02, 8.63723450e+01,
    5.12247864e+02, 9.45917740e+01, 5.28579529e+02, 1.03387566e+02,
    5.44575928e+02, 1.11949120e+02, 5.60759766e+02, 1.20826942e+02,
    4.55340912e+02, 8.51254501e+01, 4.71715881e+02, 9.34132385e+01,
    4.87698425e+02, 1.01821274e+02, 5.03967224e+02, 1.10315445e+02,
    5.19963196e+02, 1.18832817e+02, 5.36204346e+02, 1.27822815e+02,
    5.52111938e+02, 1.36511734e+02, 4.47295898e+02, 1.00314560e+02,
    4.63317688e+02, 1.08478172e+02, 4.79327393e+02, 1.17342934e+02,
    4.95471649e+02, 1.25726898e+02, 5.11603638e+02, 1.34621887e+02,
    5.27575989e+02, 1.43516068e+02, 5.43860107e+02, 1.52415039e+02,
    4.38502228e+02, 1.15564659e+02, 4.54717834e+02, 1.23973717e+02,
    4.70584259e+02, 1.32663925e+02, 4.86916870e+02, 1.41322067e+02,
    5.02882874e+02, 1.50243515e+02, 5.19176575e+02, 1.59169449e+02,
    5.34952698e+02, 1.68066315e+02, 4.30293488e+02, 1.30647858e+02,
    4.46013092e+02, 1.39508987e+02, 4.62180420e+02, 1.48351196e+02,
    4.78356354e+02, 1.56879318e+02, 4.94276672e+02, 1.66031601e+02,
    5.10365784e+02, 1.74742996e+02, 5.26617249e+02, 1.84025970e+02 ]
CalibrationFramePatternWorld: [ 0., 0., 0., 0., 2.70000007e-02, 0., 0.,
    5.40000014e-02, 0., 0., 8.10000002e-02, 0., 0., 1.08000003e-01, 0.,
    0., 1.35000005e-01, 0., 0., 1.62000000e-01, 0., 2.70000007e-02, 0.,
    0., 2.70000007e-02, 2.70000007e-02, 0., 2.70000007e-02,
    5.40000014e-02, 0., 2.70000007e-02, 8.10000002e-02, 0.,
    2.70000007e-02, 1.08000003e-01, 0., 2.70000007e-02, 1.35000005e-01,
    0., 2.70000007e-02, 1.62000000e-01, 0., 5.40000014e-02, 0., 0.,
    5.40000014e-02, 2.70000007e-02, 0., 5.40000014e-02, 5.40000014e-02,
    0., 5.40000014e-02, 8.10000002e-02, 0., 5.40000014e-02,
    1.08000003e-01, 0., 5.40000014e-02, 1.35000005e-01, 0.,
    5.40000014e-02, 1.62000000e-01, 0., 8.10000002e-02, 0., 0.,
    8.10000002e-02, 2.70000007e-02, 0., 8.10000002e-02, 5.40000014e-02,
    0., 8.10000002e-02, 8.10000002e-02, 0., 8.10000002e-02,
    1.08000003e-01, 0., 8.10000002e-02, 1.35000005e-01, 0.,
    8.10000002e-02, 1.62000000e-01, 0., 1.08000003e-01, 0., 0.,
    1.08000003e-01, 2.70000007e-02, 0., 1.08000003e-01, 5.40000014e-02,
    0., 1.08000003e-01, 8.10000002e-02, 0., 1.08000003e-01,
    1.08000003e-01, 0., 1.08000003e-01, 1.35000005e-01, 0.,
    1.08000003e-01, 1.62000000e-01, 0. ]
CalibrationFrameExtRotation: !!opencv-matrix
   rows: 3
   cols: 1
   dt: d
   data: [ -1.4866327961726014e+00, -2.5730697751184031e+00,
       2.1787809452271156e-01 ]
CalibrationFrameExtTranslation: !!opencv-matrix
   rows: 3
   cols: 1
   dt: d
   data: [ 2.9571975979921450e-01, -3.0003424887720626e-01,
       1.1875324194929597e+00 ]
CalibrationFrameRMSerror: 2.4408338963985443e-01
