%YAML:1.0
---
CalibrationFramePatternImage: [ 4.73862457e+02, 1.01422134e+02,
    4.91228912e+02, 9.73388367e+01, 5.08668549e+02, 9.33429489e+01,
    5.25687073e+02, 8.93836975e+01, 5.42889709e+02, 8.55556870e+01,
    5.59603455e+02, 8.17789230e+01, 5.76400879e+02, 7.80377808e+01,
    4.78159210e+02, 1.19115219e+02, 4.95838074e+02, 1.14919121e+02,
    5.13116394e+02, 1.11132607e+02, 5.30447327e+02, 1.07051468e+02,
    5.47126892e+02, 1.03185471e+02, 5.64343689e+02, 9.92611542e+01,
    5.80722473e+02, 9.54455414e+01, 4.82563477e+02, 1.36504150e+02,
    5.00113647e+02, 1.32289536e+02, 5.17528870e+02, 1.28368988e+02,
    5.34532898e+02, 1.24306175e+02, 5.51707642e+02, 1.20450745e+02,
    5.68424927e+02, 1.16500145e+02, 5.84909302e+02, 1.12655640e+02,
    4.86595398e+02, 1.53859695e+02, 5.04216614e+02, 1.49814941e+02,
    5.21389404e+02, 1.45615860e+02, 5.38721497e+02, 1.41689453e+02,
    5.55702271e+02, 1.37714615e+02, 5.72546021e+02, 1.33701263e+02,
    5.89187622e+02, 1.29914658e+02, 4.90721985e+02, 1.71200012e+02,
    5.08259186e+02, 1.66983887e+02, 5.25567505e+02, 1.63087860e+02,
    5.42648132e+02, 1.58980484e+02, 5.59703430e+02, 1.54918259e+02,
    5.76560242e+02, 1.50830811e+02, 5.93254395e+02, 1.47392273e+02 ]
CalibrationFramePatternWorld: [ 0., 0., 0., 0., 2.70000007e-02, 0., 0.,
    5.40000014e-02, 0., 0., 8.10000002e-02, 0., 0., 1.08000003e-01, 0.,
    0., 1.35000005e-01, 0., 0., 1.62000000e-01, 0., 2.70000007e-02, 0.,
    0., 2.70000007e-02, 2.70000007e-02, 0., 2.70000007e-02,
    5.40000014e-02, 0., 2.70000007e-02, 8.10000002e-02, 0.,
    2.70000007e-02, 1.08000003e-01, 0., 2.70000007e-02, 1.35000005e-01,
    0., 2.70000007e-02, 1.62000000e-01, 0., 5.40000014e-02, 0., 0.,
    5.40000014e-02, 2.70000007e-02, 0., 5.40000014e-02, 5.40000014e-02,
    0., 5.40000014e-02, 8.10000002e-02, 0., 5.40000014e-02,
    1.08000003e-01, 0., 5.40000014e-02, 1.35000005e-01, 0.,
    5.40000014e-02, 1.62000000e-01, 0., 8.10000002e-02, 0., 0.,
    8.10000002e-02, 2.70000007e-02, 0., 8.10000002e-02, 5.40000014e-02,
    0., 8.10000002e-02, 8.10000002e-02, 0., 8.10000002e-02,
    1.08000003e-01, 0., 8.10000002e-02, 1.35000005e-01, 0.,
    8.10000002e-02, 1.62000000e-01, 0., 1.08000003e-01, 0., 0.,
    1.08000003e-01, 2.70000007e-02, 0., 1.08000003e-01, 5.40000014e-02,
    0., 1.08000003e-01, 8.10000002e-02, 0., 1.08000003e-01,
    1.08000003e-01, 0., 1.08000003e-01, 1.35000005e-01, 0.,
    1.08000003e-01, 1.62000000e-01, 0. ]
CalibrationFrameExtRotation: !!opencv-matrix
   rows: 3
   cols: 1
   dt: d
   data: [ 2.6280133602034743e+00, 2.0692910057555225e+00,
       -1.0786630177262335e-01 ]
CalibrationFrameExtTranslation: !!opencv-matrix
   rows: 3
   cols: 1
   dt: d
   data: [ 3.1235778642095768e-01, -2.5387534479041979e-01,
       1.1995566363193708e+00 ]
CalibrationFrameRMSerror: 2.0379884541034698e-01
