%YAML:1.0
---
CalibrationFramePatternImage: [ 2.05874756e+02, 9.50807953e+01,
    2.21944000e+02, 1.02331444e+02, 2.38154800e+02, 1.10261673e+02,
    2.54535156e+02, 1.17775002e+02, 2.71173523e+02, 1.25529800e+02,
    2.87626526e+02, 1.33575592e+02, 3.04317902e+02, 1.41534225e+02,
    1.97028107e+02, 1.10816963e+02, 2.13299530e+02, 1.18367180e+02,
    2.29516190e+02, 1.26151283e+02, 2.45844040e+02, 1.34044907e+02,
    2.62314056e+02, 1.42025391e+02, 2.79006592e+02, 1.49834213e+02,
    2.95719910e+02, 1.58124115e+02, 1.88520981e+02, 1.26580933e+02,
    2.04578766e+02, 1.34385971e+02, 2.20942657e+02, 1.42110199e+02,
    2.37362778e+02, 1.50223831e+02, 2.53876434e+02, 1.58050354e+02,
    2.70460358e+02, 1.66257935e+02, 2.87343567e+02, 1.74278351e+02,
    1.79779144e+02, 1.42515411e+02, 1.96126938e+02, 1.50381943e+02,
    2.12334885e+02, 1.58327499e+02, 2.28742416e+02, 1.66303970e+02,
    2.45300446e+02, 1.74364532e+02, 2.61952087e+02, 1.82634323e+02,
    2.78628876e+02, 1.90876724e+02, 1.71255936e+02, 1.58511032e+02,
    1.87308014e+02, 1.66470062e+02, 2.03667938e+02, 1.74549545e+02,
    2.20105835e+02, 1.82770615e+02, 2.36614655e+02, 1.90870087e+02,
    2.53313644e+02, 1.99158386e+02, 2.70200043e+02, 2.07672852e+02 ]
CalibrationFramePatternWorld: [ 0., 0., 0., 0., 2.70000007e-02, 0., 0.,
    5.40000014e-02, 0., 0., 8.10000002e-02, 0., 0., 1.08000003e-01, 0.,
    0., 1.35000005e-01, 0., 0., 1.62000000e-01, 0., 2.70000007e-02, 0.,
    0., 2.70000007e-02, 2.70000007e-02, 0., 2.70000007e-02,
    5.40000014e-02, 0., 2.70000007e-02, 8.10000002e-02, 0.,
    2.70000007e-02, 1.08000003e-01, 0., 2.70000007e-02, 1.35000005e-01,
    0., 2.70000007e-02, 1.62000000e-01, 0., 5.40000014e-02, 0., 0.,
    5.40000014e-02, 2.70000007e-02, 0., 5.40000014e-02, 5.40000014e-02,
    0., 5.40000014e-02, 8.10000002e-02, 0., 5.40000014e-02,
    1.08000003e-01, 0., 5.40000014e-02, 1.35000005e-01, 0.,
    5.40000014e-02, 1.62000000e-01, 0., 8.10000002e-02, 0., 0.,
    8.10000002e-02, 2.70000007e-02, 0., 8.10000002e-02, 5.40000014e-02,
    0., 8.10000002e-02, 8.10000002e-02, 0., 8.10000002e-02,
    1.08000003e-01, 0., 8.10000002e-02, 1.35000005e-01, 0.,
    8.10000002e-02, 1.62000000e-01, 0., 1.08000003e-01, 0., 0.,
    1.08000003e-01, 2.70000007e-02, 0., 1.08000003e-01, 5.40000014e-02,
    0., 1.08000003e-01, 8.10000002e-02, 0., 1.08000003e-01,
    1.08000003e-01, 0., 1.08000003e-01, 1.35000005e-01, 0.,
    1.08000003e-01, 1.62000000e-01, 0. ]
CalibrationFrameExtRotation: !!opencv-matrix
   rows: 3
   cols: 1
   dt: d
   data: [ 1.6455308087698104e+00, 2.6907531106170159e+00,
       -1.4911352527695326e-01 ]
CalibrationFrameExtTranslation: !!opencv-matrix
   rows: 3
   cols: 1
   dt: d
   data: [ -8.6288820512341366e-02, -2.6031236814871928e-01,
       1.2011117490059025e+00 ]
CalibrationFrameRMSerror: 1.4796938002109528e-01
