%YAML:1.0
---
CalibrationFramePatternImage: [ 6.74515076e+01, 1.78099854e+02,
    8.47144775e+01, 1.72827438e+02, 1.02206436e+02, 1.67604370e+02,
    1.19407394e+02, 1.62477356e+02, 1.36753418e+02, 1.57526413e+02,
    1.54040756e+02, 1.52460800e+02, 1.71182434e+02, 1.47386993e+02,
    7.24667206e+01, 1.95368637e+02, 9.01034775e+01, 1.90138397e+02,
    1.07284477e+02, 1.84890030e+02, 1.24745743e+02, 1.79683578e+02,
    1.41804886e+02, 1.74736710e+02, 1.59267059e+02, 1.69498291e+02,
    1.76205917e+02, 1.64551971e+02, 7.77135696e+01, 2.12669540e+02,
    9.49239273e+01, 2.07258896e+02, 1.12567520e+02, 2.02157486e+02,
    1.29764465e+02, 1.96779449e+02, 1.47131027e+02, 1.91729111e+02,
    1.64277679e+02, 1.86676956e+02, 1.81434036e+02, 1.81599884e+02,
    8.25834427e+01, 2.29851379e+02, 1.00338524e+02, 2.24510345e+02,
    1.17584274e+02, 2.19271484e+02, 1.35030014e+02, 2.14066772e+02,
    1.52201889e+02, 2.08774811e+02, 1.69591125e+02, 2.03607025e+02,
    1.86591797e+02, 1.98500763e+02, 8.79837036e+01, 2.46972794e+02,
    1.05392822e+02, 2.41704330e+02, 1.22865761e+02, 2.36407074e+02,
    1.40179489e+02, 2.31087097e+02, 1.57574921e+02, 2.25820007e+02,
    1.74626221e+02, 2.20555023e+02, 1.92055359e+02, 2.15353607e+02 ]
CalibrationFramePatternWorld: [ 0., 0., 0., 0., 2.70000007e-02, 0., 0.,
    5.40000014e-02, 0., 0., 8.10000002e-02, 0., 0., 1.08000003e-01, 0.,
    0., 1.35000005e-01, 0., 0., 1.62000000e-01, 0., 2.70000007e-02, 0.,
    0., 2.70000007e-02, 2.70000007e-02, 0., 2.70000007e-02,
    5.40000014e-02, 0., 2.70000007e-02, 8.10000002e-02, 0.,
    2.70000007e-02, 1.08000003e-01, 0., 2.70000007e-02, 1.35000005e-01,
    0., 2.70000007e-02, 1.62000000e-01, 0., 5.40000014e-02, 0., 0.,
    5.40000014e-02, 2.70000007e-02, 0., 5.40000014e-02, 5.40000014e-02,
    0., 5.40000014e-02, 8.10000002e-02, 0., 5.40000014e-02,
    1.08000003e-01, 0., 5.40000014e-02, 1.35000005e-01, 0.,
    5.40000014e-02, 1.62000000e-01, 0., 8.10000002e-02, 0., 0.,
    8.10000002e-02, 2.70000007e-02, 0., 8.10000002e-02, 5.40000014e-02,
    0., 8.10000002e-02, 8.10000002e-02, 0., 8.10000002e-02,
    1.08000003e-01, 0., 8.10000002e-02, 1.35000005e-01, 0.,
    8.10000002e-02, 1.62000000e-01, 0., 1.08000003e-01, 0., 0.,
    1.08000003e-01, 2.70000007e-02, 0., 1.08000003e-01, 5.40000014e-02,
    0., 1.08000003e-01, 8.10000002e-02, 0., 1.08000003e-01,
    1.08000003e-01, 0., 1.08000003e-01, 1.35000005e-01, 0.,
    1.08000003e-01, 1.62000000e-01, 0. ]
CalibrationFrameExtRotation: !!opencv-matrix
   rows: 3
   cols: 1
   dt: d
   data: [ 2.4148806024779139e+00, 1.7737364852246797e+00,
       1.7859922230644598e-01 ]
CalibrationFrameExtTranslation: !!opencv-matrix
   rows: 3
   cols: 1
   dt: d
   data: [ -2.9145056955493931e-01, -1.3776452055752855e-01,
       1.1984441005333824e+00 ]
CalibrationFrameRMSerror: 1.8402650952339172e-01
