%YAML:1.0
---
CalibrationFramePatternImage: [ 1.92665588e+02, 6.34173737e+01,
    2.10654373e+02, 6.48745651e+01, 2.28603195e+02, 6.65802078e+01,
    2.46279205e+02, 6.79815369e+01, 2.63971893e+02, 6.95503235e+01,
    2.81553619e+02, 7.13204651e+01, 2.99149109e+02, 7.28956223e+01,
    1.90738571e+02, 8.13967056e+01, 2.08794876e+02, 8.28518219e+01,
    2.26745850e+02, 8.43885803e+01, 2.44685822e+02, 8.58066101e+01,
    2.62227570e+02, 8.73166504e+01, 2.79847534e+02, 8.89171219e+01,
    2.96979706e+02, 9.05931473e+01, 1.89165070e+02, 9.91630707e+01,
    2.07082184e+02, 1.00464127e+02, 2.25014069e+02, 1.01801308e+02,
    2.42662094e+02, 1.03405884e+02, 2.60346558e+02, 1.04840065e+02,
    2.77824036e+02, 1.06437752e+02, 2.95278229e+02, 1.07806168e+02,
    1.87060013e+02, 1.16605408e+02, 2.05265717e+02, 1.18085213e+02,
    2.22906677e+02, 1.19354179e+02, 2.40786377e+02, 1.20886070e+02,
    2.58312561e+02, 1.22404945e+02, 2.75853912e+02, 1.23877609e+02,
    2.93194305e+02, 1.25447723e+02, 1.85333984e+02, 1.34148956e+02,
    2.03382538e+02, 1.35425125e+02, 2.21046753e+02, 1.36884628e+02,
    2.38690384e+02, 1.38334549e+02, 2.56368103e+02, 1.39632370e+02,
    2.73822144e+02, 1.41187622e+02, 2.91346954e+02, 1.42584808e+02 ]
CalibrationFramePatternWorld: [ 0., 0., 0., 0., 2.70000007e-02, 0., 0.,
    5.40000014e-02, 0., 0., 8.10000002e-02, 0., 0., 1.08000003e-01, 0.,
    0., 1.35000005e-01, 0., 0., 1.62000000e-01, 0., 2.70000007e-02, 0.,
    0., 2.70000007e-02, 2.70000007e-02, 0., 2.70000007e-02,
    5.40000014e-02, 0., 2.70000007e-02, 8.10000002e-02, 0.,
    2.70000007e-02, 1.08000003e-01, 0., 2.70000007e-02, 1.35000005e-01,
    0., 2.70000007e-02, 1.62000000e-01, 0., 5.40000014e-02, 0., 0.,
    5.40000014e-02, 2.70000007e-02, 0., 5.40000014e-02, 5.40000014e-02,
    0., 5.40000014e-02, 8.10000002e-02, 0., 5.40000014e-02,
    1.08000003e-01, 0., 5.40000014e-02, 1.35000005e-01, 0.,
    5.40000014e-02, 1.62000000e-01, 0., 8.10000002e-02, 0., 0.,
    8.10000002e-02, 2.70000007e-02, 0., 8.10000002e-02, 5.40000014e-02,
    0., 8.10000002e-02, 8.10000002e-02, 0., 8.10000002e-02,
    1.08000003e-01, 0., 8.10000002e-02, 1.35000005e-01, 0.,
    8.10000002e-02, 1.62000000e-01, 0., 1.08000003e-01, 0., 0.,
    1.08000003e-01, 2.70000007e-02, 0., 1.08000003e-01, 5.40000014e-02,
    0., 1.08000003e-01, 8.10000002e-02, 0., 1.08000003e-01,
    1.08000003e-01, 0., 1.08000003e-01, 1.35000005e-01, 0.,
    1.08000003e-01, 1.62000000e-01, 0. ]
CalibrationFrameExtRotation: !!opencv-matrix
   rows: 3
   cols: 1
   dt: d
   data: [ 2.1587796316693240e+00, 2.3460941856528801e+00,
       5.5281620061048820e-01 ]
CalibrationFrameExtTranslation: !!opencv-matrix
   rows: 3
   cols: 1
   dt: d
   data: [ -1.0656182296542861e-01, -3.0888702122165085e-01,
       1.2006334198793174e+00 ]
CalibrationFrameRMSerror: 1.8757818639278412e-01
