%YAML:1.0
---
CalibrationFramePatternImage: [ 6.95596771e+01, 1.74352646e+02,
    8.68358078e+01, 1.69359055e+02, 1.04299057e+02, 1.64649200e+02,
    1.21447136e+02, 1.59813110e+02, 1.39073990e+02, 1.55103577e+02,
    1.56403656e+02, 1.50408890e+02, 1.73534546e+02, 1.45705933e+02,
    7.39047089e+01, 1.91449203e+02, 9.15031433e+01, 1.86427689e+02,
    1.08841072e+02, 1.81596512e+02, 1.26386284e+02, 1.76728531e+02,
    1.43671356e+02, 1.72089783e+02, 1.61306061e+02, 1.67397446e+02,
    1.78438721e+02, 1.62751205e+02, 7.85218811e+01, 2.08268707e+02,
    9.58455963e+01, 2.03385315e+02, 1.13506523e+02, 1.98619568e+02,
    1.30859818e+02, 1.93795654e+02, 1.48448471e+02, 1.88999786e+02,
    1.65791153e+02, 1.84261353e+02, 1.83156555e+02, 1.79454315e+02,
    8.27782898e+01, 2.25343353e+02, 1.00585869e+02, 2.20482086e+02,
    1.18073990e+02, 2.15781219e+02, 1.35647232e+02, 2.10726227e+02,
    1.53246613e+02, 2.06049744e+02, 1.70750061e+02, 2.01178375e+02,
    1.88148193e+02, 1.96342636e+02, 8.76065445e+01, 2.42428757e+02,
    1.05003960e+02, 2.37637451e+02, 1.22722458e+02, 2.32813156e+02,
    1.40290970e+02, 2.27748734e+02, 1.57972885e+02, 2.22949127e+02,
    1.75431961e+02, 2.18167007e+02, 1.93259171e+02, 2.13200394e+02 ]
CalibrationFramePatternWorld: [ 0., 0., 0., 0., 2.70000007e-02, 0., 0.,
    5.40000014e-02, 0., 0., 8.10000002e-02, 0., 0., 1.08000003e-01, 0.,
    0., 1.35000005e-01, 0., 0., 1.62000000e-01, 0., 2.70000007e-02, 0.,
    0., 2.70000007e-02, 2.70000007e-02, 0., 2.70000007e-02,
    5.40000014e-02, 0., 2.70000007e-02, 8.10000002e-02, 0.,
    2.70000007e-02, 1.08000003e-01, 0., 2.70000007e-02, 1.35000005e-01,
    0., 2.70000007e-02, 1.62000000e-01, 0., 5.40000014e-02, 0., 0.,
    5.40000014e-02, 2.70000007e-02, 0., 5.40000014e-02, 5.40000014e-02,
    0., 5.40000014e-02, 8.10000002e-02, 0., 5.40000014e-02,
    1.08000003e-01, 0., 5.40000014e-02, 1.35000005e-01, 0.,
    5.40000014e-02, 1.62000000e-01, 0., 8.10000002e-02, 0., 0.,
    8.10000002e-02, 2.70000007e-02, 0., 8.10000002e-02, 5.40000014e-02,
    0., 8.10000002e-02, 8.10000002e-02, 0., 8.10000002e-02,
    1.08000003e-01, 0., 8.10000002e-02, 1.35000005e-01, 0.,
    8.10000002e-02, 1.62000000e-01, 0., 1.08000003e-01, 0., 0.,
    1.08000003e-01, 2.70000007e-02, 0., 1.08000003e-01, 5.40000014e-02,
    0., 1.08000003e-01, 8.10000002e-02, 0., 1.08000003e-01,
    1.08000003e-01, 0., 1.08000003e-01, 1.35000005e-01, 0.,
    1.08000003e-01, 1.62000000e-01, 0. ]
CalibrationFrameExtRotation: !!opencv-matrix
   rows: 3
   cols: 1
   dt: d
   data: [ 2.3745364370316153e+00, 1.7791799715580363e+00,
       1.9768163815738374e-02 ]
CalibrationFrameExtTranslation: !!opencv-matrix
   rows: 3
   cols: 1
   dt: d
   data: [ -2.8973949998135279e-01, -1.4405877916150009e-01,
       1.2041836549906073e+00 ]
CalibrationFrameRMSerror: 1.8236540257930756e-01
