%YAML:1.0
---
CalibrationFramePatternImage: [ 4.59231812e+02, 6.57933502e+01,
    4.77012543e+02, 6.52515717e+01, 4.94519073e+02, 6.49328766e+01,
    5.12022339e+02, 6.45192490e+01, 5.29556030e+02, 6.42316284e+01,
    5.46987549e+02, 6.40886307e+01, 5.64470581e+02, 6.36084976e+01,
    4.59738708e+02, 8.22078705e+01, 4.77571930e+02, 8.16616364e+01,
    4.95280487e+02, 8.14121323e+01, 5.13183594e+02, 8.08672485e+01,
    5.30595215e+02, 8.05751495e+01, 5.48332458e+02, 8.03704910e+01,
    5.65594666e+02, 8.02514801e+01, 4.60414856e+02, 9.85279312e+01,
    4.78086365e+02, 9.81541595e+01, 4.96094696e+02, 9.78897171e+01,
    5.13640869e+02, 9.74615479e+01, 5.31537415e+02, 9.70758896e+01,
    5.49259705e+02, 9.68392792e+01, 5.66734619e+02, 9.66670074e+01,
    4.60582855e+02, 1.14961052e+02, 4.78614349e+02, 1.14603897e+02,
    4.96462524e+02, 1.14434616e+02, 5.14473083e+02, 1.14239456e+02,
    5.32087402e+02, 1.14053116e+02, 5.50198730e+02, 1.13640076e+02,
    5.67643066e+02, 1.13492516e+02, 4.60764587e+02, 1.31573318e+02,
    4.78864990e+02, 1.31403214e+02, 4.96959198e+02, 1.31266678e+02,
    5.14902405e+02, 1.30992676e+02, 5.32839661e+02, 1.30669754e+02,
    5.50760803e+02, 1.30593796e+02, 5.68485474e+02, 1.30405701e+02 ]
CalibrationFramePatternWorld: [ 0., 0., 0., 0., 2.70000007e-02, 0., 0.,
    5.40000014e-02, 0., 0., 8.10000002e-02, 0., 0., 1.08000003e-01, 0.,
    0., 1.35000005e-01, 0., 0., 1.62000000e-01, 0., 2.70000007e-02, 0.,
    0., 2.70000007e-02, 2.70000007e-02, 0., 2.70000007e-02,
    5.40000014e-02, 0., 2.70000007e-02, 8.10000002e-02, 0.,
    2.70000007e-02, 1.08000003e-01, 0., 2.70000007e-02, 1.35000005e-01,
    0., 2.70000007e-02, 1.62000000e-01, 0., 5.40000014e-02, 0., 0.,
    5.40000014e-02, 2.70000007e-02, 0., 5.40000014e-02, 5.40000014e-02,
    0., 5.40000014e-02, 8.10000002e-02, 0., 5.40000014e-02,
    1.08000003e-01, 0., 5.40000014e-02, 1.35000005e-01, 0.,
    5.40000014e-02, 1.62000000e-01, 0., 8.10000002e-02, 0., 0.,
    8.10000002e-02, 2.70000007e-02, 0., 8.10000002e-02, 5.40000014e-02,
    0., 8.10000002e-02, 8.10000002e-02, 0., 8.10000002e-02,
    1.08000003e-01, 0., 8.10000002e-02, 1.35000005e-01, 0.,
    8.10000002e-02, 1.62000000e-01, 0., 1.08000003e-01, 0., 0.,
    1.08000003e-01, 2.70000007e-02, 0., 1.08000003e-01, 5.40000014e-02,
    0., 1.08000003e-01, 8.10000002e-02, 0., 1.08000003e-01,
    1.08000003e-01, 0., 1.08000003e-01, 1.35000005e-01, 0.,
    1.08000003e-01, 1.62000000e-01, 0. ]
CalibrationFrameExtRotation: !!opencv-matrix
   rows: 3
   cols: 1
   dt: d
   data: [ 2.2228900369810600e+00, 2.2747775268891508e+00,
       -4.8058413744511408e-01 ]
CalibrationFrameExtTranslation: !!opencv-matrix
   rows: 3
   cols: 1
   dt: d
   data: [ 2.9725426647367104e-01, -3.1469299724024641e-01,
       1.2229857821382268e+00 ]
CalibrationFrameRMSerror: 1.8304277956485748e-01
