%YAML:1.0
---
CalibrationFramePatternImage: [ 2.32388596e+02, 1.83169434e+02,
    2.49811417e+02, 1.91452454e+02, 2.66846130e+02, 1.99568619e+02,
    2.84009583e+02, 2.07700317e+02, 3.01095795e+02, 2.15793213e+02,
    3.17836914e+02, 2.23964935e+02, 3.34528595e+02, 2.31651550e+02,
    2.24618454e+02, 2.00627151e+02, 2.42336655e+02, 2.08809998e+02,
    2.59679993e+02, 2.17029877e+02, 2.76700134e+02, 2.25220276e+02,
    2.93725067e+02, 2.33154404e+02, 3.10695801e+02, 2.41139526e+02,
    3.27379822e+02, 2.49215622e+02, 2.17156998e+02, 2.18061401e+02,
    2.34491165e+02, 2.26384964e+02, 2.52039078e+02, 2.34578812e+02,
    2.69332611e+02, 2.42674591e+02, 2.86533508e+02, 2.50551178e+02,
    3.03444458e+02, 2.58707886e+02, 3.20362701e+02, 2.66416260e+02,
    2.09487991e+02, 2.35489822e+02, 2.26994125e+02, 2.43818100e+02,
    2.44345413e+02, 2.52114044e+02, 2.62028625e+02, 2.60039093e+02,
    2.79085358e+02, 2.68155396e+02, 2.96302063e+02, 2.76146973e+02,
    3.13091827e+02, 2.83822662e+02, 2.01737961e+02, 2.53376434e+02,
    2.19334610e+02, 2.61512939e+02, 2.36808365e+02, 2.69703613e+02,
    2.54359695e+02, 2.77609283e+02, 2.71663757e+02, 2.85545227e+02,
    2.88751190e+02, 2.93525085e+02, 3.06154938e+02, 3.01270660e+02 ]
CalibrationFramePatternWorld: [ 0., 0., 0., 0., 2.70000007e-02, 0., 0.,
    5.40000014e-02, 0., 0., 8.10000002e-02, 0., 0., 1.08000003e-01, 0.,
    0., 1.35000005e-01, 0., 0., 1.62000000e-01, 0., 2.70000007e-02, 0.,
    0., 2.70000007e-02, 2.70000007e-02, 0., 2.70000007e-02,
    5.40000014e-02, 0., 2.70000007e-02, 8.10000002e-02, 0.,
    2.70000007e-02, 1.08000003e-01, 0., 2.70000007e-02, 1.35000005e-01,
    0., 2.70000007e-02, 1.62000000e-01, 0., 5.40000014e-02, 0., 0.,
    5.40000014e-02, 2.70000007e-02, 0., 5.40000014e-02, 5.40000014e-02,
    0., 5.40000014e-02, 8.10000002e-02, 0., 5.40000014e-02,
    1.08000003e-01, 0., 5.40000014e-02, 1.35000005e-01, 0.,
    5.40000014e-02, 1.62000000e-01, 0., 8.10000002e-02, 0., 0.,
    8.10000002e-02, 2.70000007e-02, 0., 8.10000002e-02, 5.40000014e-02,
    0., 8.10000002e-02, 8.10000002e-02, 0., 8.10000002e-02,
    1.08000003e-01, 0., 8.10000002e-02, 1.35000005e-01, 0.,
    8.10000002e-02, 1.62000000e-01, 0., 1.08000003e-01, 0., 0.,
    1.08000003e-01, 2.70000007e-02, 0., 1.08000003e-01, 5.40000014e-02,
    0., 1.08000003e-01, 8.10000002e-02, 0., 1.08000003e-01,
    1.08000003e-01, 0., 1.08000003e-01, 1.35000005e-01, 0.,
    1.08000003e-01, 1.62000000e-01, 0. ]
CalibrationFrameExtRotation: !!opencv-matrix
   rows: 3
   cols: 1
   dt: d
   data: [ 1.5728467479018773e+00, 2.4131912953451633e+00,
       1.4033739649256929e-01 ]
CalibrationFrameExtTranslation: !!opencv-matrix
   rows: 3
   cols: 1
   dt: d
   data: [ -4.4054862588865415e-02, -1.2176332104193707e-01,
       1.1415765158550306e+00 ]
CalibrationFrameRMSerror: 1.8702490627765656e-01
