%YAML:1.0
---
CalibrationFramePatternImage: [ 2.62530884e+02, 6.35568428e+01,
    2.79350006e+02, 6.88302917e+01, 2.96366699e+02, 7.45375824e+01,
    3.13350952e+02, 7.99300537e+01, 3.30572449e+02, 8.57130051e+01,
    3.47895660e+02, 9.15494156e+01, 3.65457001e+02, 9.74177933e+01,
    2.56134705e+02, 8.04749756e+01, 2.72954193e+02, 8.60495148e+01,
    2.89832153e+02, 9.15772095e+01, 3.06865509e+02, 9.71413345e+01,
    3.23994690e+02, 1.03010010e+02, 3.41497437e+02, 1.08921539e+02,
    3.58705627e+02, 1.14852325e+02, 2.49877686e+02, 9.72591553e+01,
    2.66623077e+02, 1.02835564e+02, 2.83570801e+02, 1.08441017e+02,
    3.00464111e+02, 1.14243843e+02, 3.17519684e+02, 1.20061432e+02,
    3.34987671e+02, 1.26080856e+02, 3.52350098e+02, 1.32303345e+02,
    2.43215088e+02, 1.13926743e+02, 2.60169495e+02, 1.19541817e+02,
    2.76934387e+02, 1.25418785e+02, 2.94161133e+02, 1.31375961e+02,
    3.10995605e+02, 1.37359375e+02, 3.28410858e+02, 1.43446503e+02,
    3.45506592e+02, 1.49776855e+02, 2.37188950e+02, 1.30374969e+02,
    2.53629578e+02, 1.36490051e+02, 2.70541321e+02, 1.42220383e+02,
    2.87591431e+02, 1.48255112e+02, 3.04590088e+02, 1.54502853e+02,
    3.21665009e+02, 1.60718735e+02, 3.39025146e+02, 1.66993317e+02 ]
CalibrationFramePatternWorld: [ 0., 0., 0., 0., 2.70000007e-02, 0., 0.,
    5.40000014e-02, 0., 0., 8.10000002e-02, 0., 0., 1.08000003e-01, 0.,
    0., 1.35000005e-01, 0., 0., 1.62000000e-01, 0., 2.70000007e-02, 0.,
    0., 2.70000007e-02, 2.70000007e-02, 0., 2.70000007e-02,
    5.40000014e-02, 0., 2.70000007e-02, 8.10000002e-02, 0.,
    2.70000007e-02, 1.08000003e-01, 0., 2.70000007e-02, 1.35000005e-01,
    0., 2.70000007e-02, 1.62000000e-01, 0., 5.40000014e-02, 0., 0.,
    5.40000014e-02, 2.70000007e-02, 0., 5.40000014e-02, 5.40000014e-02,
    0., 5.40000014e-02, 8.10000002e-02, 0., 5.40000014e-02,
    1.08000003e-01, 0., 5.40000014e-02, 1.35000005e-01, 0.,
    5.40000014e-02, 1.62000000e-01, 0., 8.10000002e-02, 0., 0.,
    8.10000002e-02, 2.70000007e-02, 0., 8.10000002e-02, 5.40000014e-02,
    0., 8.10000002e-02, 8.10000002e-02, 0., 8.10000002e-02,
    1.08000003e-01, 0., 8.10000002e-02, 1.35000005e-01, 0.,
    8.10000002e-02, 1.62000000e-01, 0., 1.08000003e-01, 0., 0.,
    1.08000003e-01, 2.70000007e-02, 0., 1.08000003e-01, 5.40000014e-02,
    0., 1.08000003e-01, 8.10000002e-02, 0., 1.08000003e-01,
    1.08000003e-01, 0., 1.08000003e-01, 1.35000005e-01, 0.,
    1.08000003e-01, 1.62000000e-01, 0. ]
CalibrationFrameExtRotation: !!opencv-matrix
   rows: 3
   cols: 1
   dt: d
   data: [ -1.6680572090986645e+00, -2.4282348685992186e+00,
       1.6627732178762999e-01 ]
CalibrationFrameExtTranslation: !!opencv-matrix
   rows: 3
   cols: 1
   dt: d
   data: [ -2.7148158760733187e-03, -3.0910966312236338e-01,
       1.2065524731151269e+00 ]
CalibrationFrameRMSerror: 1.9740599393844604e-01
