%YAML:1.0
---
CalibrationFramePatternImage: [ 2.18535461e+01, 2.96199738e+02,
    3.84481316e+01, 2.98117126e+02, 5.52787285e+01, 2.99905762e+02,
    7.21151962e+01, 3.01459930e+02, 8.91310577e+01, 3.03195770e+02,
    1.06338905e+02, 3.05058167e+02, 1.23417938e+02, 3.06561310e+02,
    2.04918232e+01, 3.13223816e+02, 3.71096954e+01, 3.14900604e+02,
    5.38742332e+01, 3.16550720e+02, 7.09878159e+01, 3.18258606e+02,
    8.76451111e+01, 3.20121521e+02, 1.04743103e+02, 3.21677643e+02,
    1.21801544e+02, 3.23321289e+02, 1.97242794e+01, 3.29497406e+02,
    3.62137375e+01, 3.31267517e+02, 5.29483871e+01, 3.32999664e+02,
    6.94243469e+01, 3.34663452e+02, 8.63477859e+01, 3.36425568e+02,
    1.03272049e+02, 3.38242828e+02, 1.20109337e+02, 3.39688202e+02,
    1.85927830e+01, 3.45724030e+02, 3.50771828e+01, 3.47397461e+02,
    5.16196442e+01, 3.49070496e+02, 6.84442596e+01, 3.50638275e+02,
    8.50628738e+01, 3.52522736e+02, 1.02114464e+02, 3.54389526e+02,
    1.18667465e+02, 3.55964722e+02, 1.78421764e+01, 3.61527710e+02,
    3.43734283e+01, 3.63257660e+02, 5.10060425e+01, 3.65162933e+02,
    6.75723114e+01, 3.66728577e+02, 8.39980545e+01, 3.68385468e+02,
    1.00772415e+02, 3.70207947e+02, 1.17636543e+02, 3.71735657e+02 ]
CalibrationFramePatternWorld: [ 0., 0., 0., 0., 2.70000007e-02, 0., 0.,
    5.40000014e-02, 0., 0., 8.10000002e-02, 0., 0., 1.08000003e-01, 0.,
    0., 1.35000005e-01, 0., 0., 1.62000000e-01, 0., 2.70000007e-02, 0.,
    0., 2.70000007e-02, 2.70000007e-02, 0., 2.70000007e-02,
    5.40000014e-02, 0., 2.70000007e-02, 8.10000002e-02, 0.,
    2.70000007e-02, 1.08000003e-01, 0., 2.70000007e-02, 1.35000005e-01,
    0., 2.70000007e-02, 1.62000000e-01, 0., 5.40000014e-02, 0., 0.,
    5.40000014e-02, 2.70000007e-02, 0., 5.40000014e-02, 5.40000014e-02,
    0., 5.40000014e-02, 8.10000002e-02, 0., 5.40000014e-02,
    1.08000003e-01, 0., 5.40000014e-02, 1.35000005e-01, 0.,
    5.40000014e-02, 1.62000000e-01, 0., 8.10000002e-02, 0., 0.,
    8.10000002e-02, 2.70000007e-02, 0., 8.10000002e-02, 5.40000014e-02,
    0., 8.10000002e-02, 8.10000002e-02, 0., 8.10000002e-02,
    1.08000003e-01, 0., 8.10000002e-02, 1.35000005e-01, 0.,
    8.10000002e-02, 1.62000000e-01, 0., 1.08000003e-01, 0., 0.,
    1.08000003e-01, 2.70000007e-02, 0., 1.08000003e-01, 5.40000014e-02,
    0., 1.08000003e-01, 8.10000002e-02, 0., 1.08000003e-01,
    1.08000003e-01, 0., 1.08000003e-01, 1.35000005e-01, 0.,
    1.08000003e-01, 1.62000000e-01, 0. ]
CalibrationFrameExtRotation: !!opencv-matrix
   rows: 3
   cols: 1
   dt: d
   data: [ -2.0773747422893010e+00, -2.3297958708733284e+00,
       -3.7185731400067634e-01 ]
CalibrationFrameExtTranslation: !!opencv-matrix
   rows: 3
   cols: 1
   dt: d
   data: [ -3.7920513652745791e-01, 4.1223441149788827e-02,
       1.2520659232233387e+00 ]
CalibrationFrameRMSerror: 1.8323285877704620e-01
