%YAML:1.0
---
CalibrationFramePatternImage: [ 3.94329803e+02, 3.68071228e+02,
    3.87782593e+02, 3.82831787e+02, 3.81089661e+02, 3.97814606e+02,
    3.74479248e+02, 4.13139008e+02, 3.83928040e+02, 3.71832916e+02,
    3.77417328e+02, 3.86807007e+02, 3.70652466e+02, 4.01904694e+02,
    3.64118317e+02, 4.17419739e+02, 3.80312836e+02, 3.61400116e+02,
    3.73720093e+02, 3.76088623e+02, 3.67043488e+02, 3.91080170e+02,
    3.60109680e+02, 4.06425598e+02, 3.70135315e+02, 3.65229706e+02,
    3.63207031e+02, 3.79945038e+02, 3.56430847e+02, 3.95248199e+02,
    3.49687683e+02, 4.10495850e+02, 3.66326874e+02, 3.54362579e+02,
    3.59543793e+02, 3.69196228e+02, 3.52696472e+02, 3.84071991e+02,
    3.46098785e+02, 3.99481598e+02, 3.55852142e+02, 3.58400970e+02,
    3.49161530e+02, 3.73322235e+02, 3.42201141e+02, 3.88415558e+02,
    3.35287262e+02, 4.03900940e+02, 3.52269867e+02, 3.47401978e+02,
    3.45334198e+02, 3.62273071e+02, 3.38414124e+02, 3.77371521e+02,
    3.31582062e+02, 3.92599152e+02, 3.41576233e+02, 3.51458099e+02,
    3.34811035e+02, 3.66297943e+02, 3.27854218e+02, 3.81650513e+02,
    3.20710388e+02, 3.97140381e+02, 3.37960632e+02, 3.40698456e+02,
    3.31191071e+02, 3.55509552e+02, 3.24038391e+02, 3.70523254e+02,
    3.17025818e+02, 3.85786469e+02, 3.27464447e+02, 3.44486816e+02,
    3.20428650e+02, 3.59428802e+02, 3.13416870e+02, 3.74531952e+02,
    3.06153290e+02, 3.90169312e+02, 3.23756592e+02, 3.33698303e+02,
    3.16810181e+02, 3.48623932e+02, 3.09796661e+02, 3.63617096e+02,
    3.02451813e+02, 3.79138947e+02 ]
CalibrationFramePatternWorld: [ 0., 0., 0., 0., 7.00000003e-02, 0., 0.,
    1.40000001e-01, 0., 0., 2.10000008e-01, 0., 3.50000001e-02,
    3.50000001e-02, 0., 3.50000001e-02, 1.05000004e-01, 0.,
    3.50000001e-02, 1.74999997e-01, 0., 3.50000001e-02, 2.45000005e-01,
    0., 7.00000003e-02, 0., 0., 7.00000003e-02, 7.00000003e-02, 0.,
    7.00000003e-02, 1.40000001e-01, 0., 7.00000003e-02, 2.10000008e-01,
    0., 1.05000004e-01, 3.50000001e-02, 0., 1.05000004e-01,
    1.05000004e-01, 0., 1.05000004e-01, 1.74999997e-01, 0.,
    1.05000004e-01, 2.45000005e-01, 0., 1.40000001e-01, 0., 0.,
    1.40000001e-01, 7.00000003e-02, 0., 1.40000001e-01, 1.40000001e-01,
    0., 1.40000001e-01, 2.10000008e-01, 0., 1.74999997e-01,
    3.50000001e-02, 0., 1.74999997e-01, 1.05000004e-01, 0.,
    1.74999997e-01, 1.74999997e-01, 0., 1.74999997e-01, 2.45000005e-01,
    0., 2.10000008e-01, 0., 0., 2.10000008e-01, 7.00000003e-02, 0.,
    2.10000008e-01, 1.40000001e-01, 0., 2.10000008e-01, 2.10000008e-01,
    0., 2.45000005e-01, 3.50000001e-02, 0., 2.45000005e-01,
    1.05000004e-01, 0., 2.45000005e-01, 1.74999997e-01, 0.,
    2.45000005e-01, 2.45000005e-01, 0., 2.80000001e-01, 0., 0.,
    2.80000001e-01, 7.00000003e-02, 0., 2.80000001e-01, 1.40000001e-01,
    0., 2.80000001e-01, 2.10000008e-01, 0., 3.14999998e-01,
    3.50000001e-02, 0., 3.14999998e-01, 1.05000004e-01, 0.,
    3.14999998e-01, 1.74999997e-01, 0., 3.14999998e-01, 2.45000005e-01,
    0., 3.49999994e-01, 0., 0., 3.49999994e-01, 7.00000003e-02, 0.,
    3.49999994e-01, 1.40000001e-01, 0., 3.49999994e-01, 2.10000008e-01,
    0. ]
CalibrationFrameExtRotation: !!opencv-matrix
   rows: 3
   cols: 1
   dt: d
   data: [ -6.7932873902584845e-01, 2.8804340418432894e+00,
       -2.4471335008489428e-01 ]
CalibrationFrameExtTranslation: !!opencv-matrix
   rows: 3
   cols: 1
   dt: d
   data: [ 3.0894632033118996e-01, 6.1459608864062909e-01,
       2.7111509622697327e+00 ]
CalibrationFrameRMSerror: 1.2887565791606903e-01
