%YAML:1.0
---
CalibrationFramePatternImage: [ 2.59452301e+02, 1.85760696e+02,
    2.56122284e+02, 2.01849182e+02, 2.52828125e+02, 2.17690033e+02,
    2.49421616e+02, 2.33629456e+02, 2.50617157e+02, 1.92043793e+02,
    2.47157669e+02, 2.08059753e+02, 2.43810989e+02, 2.24069290e+02,
    2.40120865e+02, 2.40122757e+02, 2.44750793e+02, 1.82640259e+02,
    2.41610779e+02, 1.98553574e+02, 2.38322708e+02, 2.14383591e+02,
    2.34802094e+02, 2.30319443e+02, 2.35942368e+02, 1.88984055e+02,
    2.32834213e+02, 2.04798080e+02, 2.29425659e+02, 2.20666412e+02,
    2.26009689e+02, 2.36432968e+02, 2.30204590e+02, 1.79586197e+02,
    2.27102646e+02, 1.95403549e+02, 2.23907227e+02, 2.11108856e+02,
    2.20530060e+02, 2.26847427e+02, 2.21549683e+02, 1.85870316e+02,
    2.18346512e+02, 2.01519379e+02, 2.15106415e+02, 2.17369141e+02,
    2.11530212e+02, 2.33040451e+02, 2.15911453e+02, 1.76671967e+02,
    2.12759476e+02, 1.92245316e+02, 2.09640808e+02, 2.07935059e+02,
    2.06233871e+02, 2.23480789e+02, 2.07312134e+02, 1.82935349e+02,
    2.04236954e+02, 1.98338242e+02, 2.00860168e+02, 2.14143219e+02,
    1.97457260e+02, 2.29744110e+02, 2.01875320e+02, 1.73708511e+02,
    1.98791168e+02, 1.89117065e+02, 1.95619705e+02, 2.04736343e+02,
    1.92251114e+02, 2.20287903e+02, 1.93204300e+02, 1.79936188e+02,
    1.90087006e+02, 1.95192093e+02, 1.86873840e+02, 2.10835556e+02,
    1.83461945e+02, 2.26277710e+02, 1.87786392e+02, 1.70736404e+02,
    1.84604584e+02, 1.86123077e+02, 1.81621170e+02, 2.01556961e+02,
    1.78129517e+02, 2.17011597e+02 ]
CalibrationFramePatternWorld: [ 0., 0., 0., 0., 7.00000003e-02, 0., 0.,
    1.40000001e-01, 0., 0., 2.10000008e-01, 0., 3.50000001e-02,
    3.50000001e-02, 0., 3.50000001e-02, 1.05000004e-01, 0.,
    3.50000001e-02, 1.74999997e-01, 0., 3.50000001e-02, 2.45000005e-01,
    0., 7.00000003e-02, 0., 0., 7.00000003e-02, 7.00000003e-02, 0.,
    7.00000003e-02, 1.40000001e-01, 0., 7.00000003e-02, 2.10000008e-01,
    0., 1.05000004e-01, 3.50000001e-02, 0., 1.05000004e-01,
    1.05000004e-01, 0., 1.05000004e-01, 1.74999997e-01, 0.,
    1.05000004e-01, 2.45000005e-01, 0., 1.40000001e-01, 0., 0.,
    1.40000001e-01, 7.00000003e-02, 0., 1.40000001e-01, 1.40000001e-01,
    0., 1.40000001e-01, 2.10000008e-01, 0., 1.74999997e-01,
    3.50000001e-02, 0., 1.74999997e-01, 1.05000004e-01, 0.,
    1.74999997e-01, 1.74999997e-01, 0., 1.74999997e-01, 2.45000005e-01,
    0., 2.10000008e-01, 0., 0., 2.10000008e-01, 7.00000003e-02, 0.,
    2.10000008e-01, 1.40000001e-01, 0., 2.10000008e-01, 2.10000008e-01,
    0., 2.45000005e-01, 3.50000001e-02, 0., 2.45000005e-01,
    1.05000004e-01, 0., 2.45000005e-01, 1.74999997e-01, 0.,
    2.45000005e-01, 2.45000005e-01, 0., 2.80000001e-01, 0., 0.,
    2.80000001e-01, 7.00000003e-02, 0., 2.80000001e-01, 1.40000001e-01,
    0., 2.80000001e-01, 2.10000008e-01, 0., 3.14999998e-01,
    3.50000001e-02, 0., 3.14999998e-01, 1.05000004e-01, 0.,
    3.14999998e-01, 1.74999997e-01, 0., 3.14999998e-01, 2.45000005e-01,
    0., 3.49999994e-01, 0., 0., 3.49999994e-01, 7.00000003e-02, 0.,
    3.49999994e-01, 1.40000001e-01, 0., 3.49999994e-01, 2.10000008e-01,
    0. ]
CalibrationFrameExtRotation: !!opencv-matrix
   rows: 3
   cols: 1
   dt: d
   data: [ 3.0575847762114156e-01, -2.8031832964802117e+00,
       -1.2362672398817469e-02 ]
CalibrationFrameExtTranslation: !!opencv-matrix
   rows: 3
   cols: 1
   dt: d
   data: [ -2.7020692172535193e-01, -1.8507163750670497e-01,
       2.6160722326076593e+00 ]
CalibrationFrameRMSerror: 1.4821186661720276e-01
