%YAML:1.0
---
CalibrationFramePatternImage: [ 3.06339050e+02, 5.68308067e+01,
    3.03027435e+02, 9.29623184e+01, 3.00239777e+02, 1.26520386e+02,
    2.97367432e+02, 1.58868896e+02, 2.86404510e+02, 7.32937851e+01,
    2.83945984e+02, 1.08276550e+02, 2.81373962e+02, 1.41558640e+02,
    2.78945618e+02, 1.73582306e+02, 2.69007843e+02, 5.32988091e+01,
    2.66844971e+02, 8.97792892e+01, 2.64972931e+02, 1.23650970e+02,
    2.62831390e+02, 1.56702866e+02, 2.49441483e+02, 6.99530792e+01,
    2.47657043e+02, 1.05256569e+02, 2.46229965e+02, 1.39246231e+02,
    2.44775650e+02, 1.71364029e+02, 2.30962555e+02, 4.95199242e+01,
    2.29862534e+02, 8.66118546e+01, 2.28845657e+02, 1.21139862e+02,
    2.27998718e+02, 1.54487656e+02, 2.11310989e+02, 6.66126938e+01,
    2.11027710e+02, 1.02402634e+02, 2.10407364e+02, 1.36681305e+02,
    2.09692963e+02, 1.69700562e+02, 1.92041534e+02, 4.59613419e+01,
    1.91983841e+02, 8.33982315e+01, 1.92163589e+02, 1.18573212e+02,
    1.92081955e+02, 1.52193268e+02, 1.72441696e+02, 6.32091141e+01,
    1.73331161e+02, 9.95372467e+01, 1.73664093e+02, 1.34461090e+02,
    1.74169327e+02, 1.67761292e+02, 1.52161133e+02, 4.24688873e+01,
    1.53432251e+02, 8.02076874e+01, 1.54539566e+02, 1.15904434e+02,
    1.55680817e+02, 1.50018860e+02, 1.33002686e+02, 5.99784660e+01,
    1.34585037e+02, 9.67865677e+01, 1.36390945e+02, 1.31998352e+02,
    1.37893112e+02, 1.65604370e+02, 1.11573692e+02, 3.88847733e+01,
    1.13714172e+02, 7.74661789e+01, 1.16233940e+02, 1.13479134e+02,
    1.18261360e+02, 1.48221451e+02 ]
CalibrationFramePatternWorld: [ 0., 0., 0., 0., 7.00000003e-02, 0., 0.,
    1.40000001e-01, 0., 0., 2.10000008e-01, 0., 3.50000001e-02,
    3.50000001e-02, 0., 3.50000001e-02, 1.05000004e-01, 0.,
    3.50000001e-02, 1.74999997e-01, 0., 3.50000001e-02, 2.45000005e-01,
    0., 7.00000003e-02, 0., 0., 7.00000003e-02, 7.00000003e-02, 0.,
    7.00000003e-02, 1.40000001e-01, 0., 7.00000003e-02, 2.10000008e-01,
    0., 1.05000004e-01, 3.50000001e-02, 0., 1.05000004e-01,
    1.05000004e-01, 0., 1.05000004e-01, 1.74999997e-01, 0.,
    1.05000004e-01, 2.45000005e-01, 0., 1.40000001e-01, 0., 0.,
    1.40000001e-01, 7.00000003e-02, 0., 1.40000001e-01, 1.40000001e-01,
    0., 1.40000001e-01, 2.10000008e-01, 0., 1.74999997e-01,
    3.50000001e-02, 0., 1.74999997e-01, 1.05000004e-01, 0.,
    1.74999997e-01, 1.74999997e-01, 0., 1.74999997e-01, 2.45000005e-01,
    0., 2.10000008e-01, 0., 0., 2.10000008e-01, 7.00000003e-02, 0.,
    2.10000008e-01, 1.40000001e-01, 0., 2.10000008e-01, 2.10000008e-01,
    0., 2.45000005e-01, 3.50000001e-02, 0., 2.45000005e-01,
    1.05000004e-01, 0., 2.45000005e-01, 1.74999997e-01, 0.,
    2.45000005e-01, 2.45000005e-01, 0., 2.80000001e-01, 0., 0.,
    2.80000001e-01, 7.00000003e-02, 0., 2.80000001e-01, 1.40000001e-01,
    0., 2.80000001e-01, 2.10000008e-01, 0., 3.14999998e-01,
    3.50000001e-02, 0., 3.14999998e-01, 1.05000004e-01, 0.,
    3.14999998e-01, 1.74999997e-01, 0., 3.14999998e-01, 2.45000005e-01,
    0., 3.49999994e-01, 0., 0., 3.49999994e-01, 7.00000003e-02, 0.,
    3.49999994e-01, 1.40000001e-01, 0., 3.49999994e-01, 2.10000008e-01,
    0. ]
CalibrationFrameExtRotation: !!opencv-matrix
   rows: 3
   cols: 1
   dt: d
   data: [ -1.1639114388558013e-01, 2.9266865967592781e+00,
       7.3778039689077679e-01 ]
CalibrationFrameExtTranslation: !!opencv-matrix
   rows: 3
   cols: 1
   dt: d
   data: [ -3.2208843956538682e-02, -3.2986276347788601e-01,
       1.1695905467589225e+00 ]
CalibrationFrameRMSerror: 2.9931759834289551e-01
