%YAML:1.0
---
CalibrationFramePatternImage: [ 4.36389557e+02, 4.69714508e+01,
    4.29891327e+02, 6.47248459e+01, 4.23651733e+02, 8.17370453e+01,
    4.17427032e+02, 9.86392899e+01, 4.24663422e+02, 5.28776665e+01,
    4.18403595e+02, 7.03867722e+01, 4.12206055e+02, 8.75208893e+01,
    4.06167664e+02, 1.04297638e+02, 4.19222473e+02, 4.12432289e+01,
    4.13037109e+02, 5.88314590e+01, 4.06958374e+02, 7.60920868e+01,
    4.00856384e+02, 9.32253723e+01, 4.07783478e+02, 4.70842209e+01,
    4.01476624e+02, 6.47151031e+01, 3.95505920e+02, 8.19767990e+01,
    3.89625763e+02, 9.86639633e+01, 4.02212341e+02, 3.53665390e+01,
    3.96153503e+02, 5.31021309e+01, 3.90217590e+02, 7.05702591e+01,
    3.84220337e+02, 8.76765213e+01, 3.90857666e+02, 4.12702370e+01,
    3.84832184e+02, 5.89116745e+01, 3.79066010e+02, 7.62739716e+01,
    3.73174255e+02, 9.32873230e+01, 3.85334869e+02, 2.95322781e+01,
    3.79279572e+02, 4.74029579e+01, 3.73617035e+02, 6.48380127e+01,
    3.67858734e+02, 8.21390152e+01, 3.73947235e+02, 3.56612778e+01,
    3.68074890e+02, 5.32305527e+01, 3.62353149e+02, 7.08547821e+01,
    3.56690186e+02, 8.79484482e+01, 3.68133759e+02, 2.37815704e+01,
    3.62240631e+02, 4.16409836e+01, 3.56685852e+02, 5.91374359e+01,
    3.51130859e+02, 7.66790771e+01, 3.56778595e+02, 2.99308910e+01,
    3.51105255e+02, 4.76342278e+01, 3.45677704e+02, 6.50971756e+01,
    3.40286469e+02, 8.24014511e+01, 3.51091797e+02, 1.79983692e+01,
    3.45491974e+02, 3.58896980e+01, 3.40153900e+02, 5.36052094e+01,
    3.34613434e+02, 7.09337311e+01 ]
CalibrationFramePatternWorld: [ 0., 0., 0., 0., 7.00000003e-02, 0., 0.,
    1.40000001e-01, 0., 0., 2.10000008e-01, 0., 3.50000001e-02,
    3.50000001e-02, 0., 3.50000001e-02, 1.05000004e-01, 0.,
    3.50000001e-02, 1.74999997e-01, 0., 3.50000001e-02, 2.45000005e-01,
    0., 7.00000003e-02, 0., 0., 7.00000003e-02, 7.00000003e-02, 0.,
    7.00000003e-02, 1.40000001e-01, 0., 7.00000003e-02, 2.10000008e-01,
    0., 1.05000004e-01, 3.50000001e-02, 0., 1.05000004e-01,
    1.05000004e-01, 0., 1.05000004e-01, 1.74999997e-01, 0.,
    1.05000004e-01, 2.45000005e-01, 0., 1.40000001e-01, 0., 0.,
    1.40000001e-01, 7.00000003e-02, 0., 1.40000001e-01, 1.40000001e-01,
    0., 1.40000001e-01, 2.10000008e-01, 0., 1.74999997e-01,
    3.50000001e-02, 0., 1.74999997e-01, 1.05000004e-01, 0.,
    1.74999997e-01, 1.74999997e-01, 0., 1.74999997e-01, 2.45000005e-01,
    0., 2.10000008e-01, 0., 0., 2.10000008e-01, 7.00000003e-02, 0.,
    2.10000008e-01, 1.40000001e-01, 0., 2.10000008e-01, 2.10000008e-01,
    0., 2.45000005e-01, 3.50000001e-02, 0., 2.45000005e-01,
    1.05000004e-01, 0., 2.45000005e-01, 1.74999997e-01, 0.,
    2.45000005e-01, 2.45000005e-01, 0., 2.80000001e-01, 0., 0.,
    2.80000001e-01, 7.00000003e-02, 0., 2.80000001e-01, 1.40000001e-01,
    0., 2.80000001e-01, 2.10000008e-01, 0., 3.14999998e-01,
    3.50000001e-02, 0., 3.14999998e-01, 1.05000004e-01, 0.,
    3.14999998e-01, 1.74999997e-01, 0., 3.14999998e-01, 2.45000005e-01,
    0., 3.49999994e-01, 0., 0., 3.49999994e-01, 7.00000003e-02, 0.,
    3.49999994e-01, 1.40000001e-01, 0., 3.49999994e-01, 2.10000008e-01,
    0. ]
CalibrationFrameExtRotation: !!opencv-matrix
   rows: 3
   cols: 1
   dt: d
   data: [ 4.9368060606036956e-01, -3.0592250164061077e+00,
       -4.5666615134715577e-01 ]
CalibrationFrameExtTranslation: !!opencv-matrix
   rows: 3
   cols: 1
   dt: d
   data: [ 4.4031184308784566e-01, -7.1909076857805965e-01,
       2.4171546591358286e+00 ]
CalibrationFrameRMSerror: 1.4611686766147614e-01
