%YAML:1.0
---
CalibrationFramePatternImage: [ 1.47893234e+02, 7.91006088e+01,
    1.49263870e+02, 9.71618805e+01, 1.50613663e+02, 1.14770523e+02,
    1.51968369e+02, 1.32202850e+02, 1.40448730e+02, 8.84928589e+01,
    1.41849808e+02, 1.06318192e+02, 1.43229645e+02, 1.24003265e+02,
    1.44398468e+02, 1.41667587e+02, 1.31311569e+02, 8.01623993e+01,
    1.32915237e+02, 9.80039368e+01, 1.34370209e+02, 1.15605194e+02,
    1.35721695e+02, 1.33310074e+02, 1.24236481e+02, 8.94647064e+01,
    1.25478584e+02, 1.07145676e+02, 1.27036179e+02, 1.24873367e+02,
    1.28099258e+02, 1.42397766e+02, 1.15182167e+02, 8.11778259e+01,
    1.16475815e+02, 9.88181839e+01, 1.18189346e+02, 1.16387863e+02,
    1.19403038e+02, 1.33927826e+02, 1.07673744e+02, 9.05303726e+01,
    1.09448692e+02, 1.07949989e+02, 1.10710709e+02, 1.25543404e+02,
    1.11875206e+02, 1.43136520e+02, 9.87600708e+01, 8.23823013e+01,
    1.00482246e+02, 1.00082253e+02, 1.01976105e+02, 1.17420639e+02,
    1.03300049e+02, 1.34577469e+02, 9.17446976e+01, 9.17190552e+01,
    9.32818222e+01, 1.09127174e+02, 9.47330780e+01, 1.26551308e+02,
    9.59325256e+01, 1.43830872e+02, 8.28216934e+01, 8.34529495e+01,
    8.44422531e+01, 1.00930084e+02, 8.59706268e+01, 1.18302940e+02,
    8.74236679e+01, 1.35586823e+02, 7.56861801e+01, 9.25494843e+01,
    7.71274109e+01, 1.09889656e+02, 7.87615662e+01, 1.27356796e+02,
    7.99734497e+01, 1.44462509e+02, 6.67292480e+01, 8.45429230e+01,
    6.82592239e+01, 1.01776833e+02, 7.00979843e+01, 1.19116173e+02,
    7.12004166e+01, 1.36419571e+02 ]
CalibrationFramePatternWorld: [ 0., 0., 0., 0., 7.00000003e-02, 0., 0.,
    1.40000001e-01, 0., 0., 2.10000008e-01, 0., 3.50000001e-02,
    3.50000001e-02, 0., 3.50000001e-02, 1.05000004e-01, 0.,
    3.50000001e-02, 1.74999997e-01, 0., 3.50000001e-02, 2.45000005e-01,
    0., 7.00000003e-02, 0., 0., 7.00000003e-02, 7.00000003e-02, 0.,
    7.00000003e-02, 1.40000001e-01, 0., 7.00000003e-02, 2.10000008e-01,
    0., 1.05000004e-01, 3.50000001e-02, 0., 1.05000004e-01,
    1.05000004e-01, 0., 1.05000004e-01, 1.74999997e-01, 0.,
    1.05000004e-01, 2.45000005e-01, 0., 1.40000001e-01, 0., 0.,
    1.40000001e-01, 7.00000003e-02, 0., 1.40000001e-01, 1.40000001e-01,
    0., 1.40000001e-01, 2.10000008e-01, 0., 1.74999997e-01,
    3.50000001e-02, 0., 1.74999997e-01, 1.05000004e-01, 0.,
    1.74999997e-01, 1.74999997e-01, 0., 1.74999997e-01, 2.45000005e-01,
    0., 2.10000008e-01, 0., 0., 2.10000008e-01, 7.00000003e-02, 0.,
    2.10000008e-01, 1.40000001e-01, 0., 2.10000008e-01, 2.10000008e-01,
    0., 2.45000005e-01, 3.50000001e-02, 0., 2.45000005e-01,
    1.05000004e-01, 0., 2.45000005e-01, 1.74999997e-01, 0.,
    2.45000005e-01, 2.45000005e-01, 0., 2.80000001e-01, 0., 0.,
    2.80000001e-01, 7.00000003e-02, 0., 2.80000001e-01, 1.40000001e-01,
    0., 2.80000001e-01, 2.10000008e-01, 0., 3.14999998e-01,
    3.50000001e-02, 0., 3.14999998e-01, 1.05000004e-01, 0.,
    3.14999998e-01, 1.74999997e-01, 0., 3.14999998e-01, 2.45000005e-01,
    0., 3.49999994e-01, 0., 0., 3.49999994e-01, 7.00000003e-02, 0.,
    3.49999994e-01, 1.40000001e-01, 0., 3.49999994e-01, 2.10000008e-01,
    0. ]
CalibrationFrameExtRotation: !!opencv-matrix
   rows: 3
   cols: 1
   dt: d
   data: [ -4.4917483355704550e-02, -2.9339099579386421e+00,
       -1.5192386471606331e-01 ]
CalibrationFrameExtTranslation: !!opencv-matrix
   rows: 3
   cols: 1
   dt: d
   data: [ -6.9007012231987053e-01, -5.9860848237668807e-01,
       2.4597246840714009e+00 ]
CalibrationFrameRMSerror: 1.6571404039859772e-01
