%YAML:1.0
---
CalibrationFramePatternImage: [ 1.68754028e+02, 1.25946136e+02,
    1.73891861e+02, 1.48716248e+02, 1.78841858e+02, 1.71164658e+02,
    1.83883698e+02, 1.93362106e+02, 1.59919968e+02, 1.39030182e+02,
    1.65221451e+02, 1.61877304e+02, 1.70279831e+02, 1.84499954e+02,
    1.75472885e+02, 2.07042786e+02, 1.45836044e+02, 1.29269257e+02,
    1.51221115e+02, 1.52419174e+02, 1.56356628e+02, 1.75225006e+02,
    1.61858810e+02, 1.98178024e+02, 1.36783539e+02, 1.42528870e+02,
    1.42113647e+02, 1.65829300e+02, 1.47602097e+02, 1.89070053e+02,
    1.53185486e+02, 2.11928665e+02, 1.22123871e+02, 1.32646118e+02,
    1.27688263e+02, 1.56363495e+02, 1.33084641e+02, 1.79636536e+02,
    1.38817459e+02, 2.02889786e+02, 1.12702988e+02, 1.46452255e+02,
    1.18231598e+02, 1.70164246e+02, 1.23989311e+02, 1.93611206e+02,
    1.29756790e+02, 2.17076202e+02, 9.73531036e+01, 1.36189178e+02,
    1.03143806e+02, 1.60291962e+02, 1.09014160e+02, 1.84152039e+02,
    1.14760559e+02, 2.07906326e+02, 8.76198120e+01, 1.50383453e+02,
    9.34960022e+01, 1.74434296e+02, 9.94906006e+01, 1.98665436e+02,
    1.05499878e+02, 2.22465820e+02, 7.18966904e+01, 1.39991898e+02,
    7.78395920e+01, 1.64646088e+02, 8.38404617e+01, 1.89024551e+02,
    8.98449707e+01, 2.13288925e+02, 6.15639954e+01, 1.54241318e+02,
    6.76365204e+01, 1.79090897e+02, 7.38138657e+01, 2.03762100e+02,
    8.00596848e+01, 2.28185196e+02, 4.50060730e+01, 1.43822083e+02,
    5.12756500e+01, 1.68938309e+02, 5.74329262e+01, 1.93954880e+02,
    6.37821617e+01, 2.18817780e+02 ]
CalibrationFramePatternWorld: [ 0., 0., 0., 0., 7.00000003e-02, 0., 0.,
    1.40000001e-01, 0., 0., 2.10000008e-01, 0., 3.50000001e-02,
    3.50000001e-02, 0., 3.50000001e-02, 1.05000004e-01, 0.,
    3.50000001e-02, 1.74999997e-01, 0., 3.50000001e-02, 2.45000005e-01,
    0., 7.00000003e-02, 0., 0., 7.00000003e-02, 7.00000003e-02, 0.,
    7.00000003e-02, 1.40000001e-01, 0., 7.00000003e-02, 2.10000008e-01,
    0., 1.05000004e-01, 3.50000001e-02, 0., 1.05000004e-01,
    1.05000004e-01, 0., 1.05000004e-01, 1.74999997e-01, 0.,
    1.05000004e-01, 2.45000005e-01, 0., 1.40000001e-01, 0., 0.,
    1.40000001e-01, 7.00000003e-02, 0., 1.40000001e-01, 1.40000001e-01,
    0., 1.40000001e-01, 2.10000008e-01, 0., 1.74999997e-01,
    3.50000001e-02, 0., 1.74999997e-01, 1.05000004e-01, 0.,
    1.74999997e-01, 1.74999997e-01, 0., 1.74999997e-01, 2.45000005e-01,
    0., 2.10000008e-01, 0., 0., 2.10000008e-01, 7.00000003e-02, 0.,
    2.10000008e-01, 1.40000001e-01, 0., 2.10000008e-01, 2.10000008e-01,
    0., 2.45000005e-01, 3.50000001e-02, 0., 2.45000005e-01,
    1.05000004e-01, 0., 2.45000005e-01, 1.74999997e-01, 0.,
    2.45000005e-01, 2.45000005e-01, 0., 2.80000001e-01, 0., 0.,
    2.80000001e-01, 7.00000003e-02, 0., 2.80000001e-01, 1.40000001e-01,
    0., 2.80000001e-01, 2.10000008e-01, 0., 3.14999998e-01,
    3.50000001e-02, 0., 3.14999998e-01, 1.05000004e-01, 0.,
    3.14999998e-01, 1.74999997e-01, 0., 3.14999998e-01, 2.45000005e-01,
    0., 3.49999994e-01, 0., 0., 3.49999994e-01, 7.00000003e-02, 0.,
    3.49999994e-01, 1.40000001e-01, 0., 3.49999994e-01, 2.10000008e-01,
    0. ]
CalibrationFrameExtRotation: !!opencv-matrix
   rows: 3
   cols: 1
   dt: d
   data: [ 2.8776640556726102e-01, 2.5370473640627917e+00,
       1.3354897809832320e-01 ]
CalibrationFrameExtTranslation: !!opencv-matrix
   rows: 3
   cols: 1
   dt: d
   data: [ -4.6756318043331074e-01, -3.1519230970505124e-01,
       1.8806899350730382e+00 ]
CalibrationFrameRMSerror: 2.4966809153556824e-01
