%YAML:1.0
---
CalibrationFramePatternImage: [ 3.06063202e+02, 9.78626251e+01,
    3.05234131e+02, 1.35775833e+02, 3.03946747e+02, 1.73271088e+02,
    3.02298950e+02, 2.11072769e+02, 2.87071503e+02, 1.16752464e+02,
    2.86016022e+02, 1.54127213e+02, 2.84791138e+02, 1.91882187e+02,
    2.82683533e+02, 2.29393158e+02, 2.69032593e+02, 9.82060928e+01,
    2.68009094e+02, 1.35382477e+02, 2.67057098e+02, 1.72604675e+02,
    2.65404175e+02, 2.10121643e+02, 2.50227295e+02, 1.16656258e+02,
    2.49174454e+02, 1.53753983e+02, 2.48000519e+02, 1.90905365e+02,
    2.46114914e+02, 2.28022369e+02, 2.32264771e+02, 9.81317825e+01,
    2.31428787e+02, 1.35184570e+02, 2.30470139e+02, 1.71913086e+02,
    2.28989853e+02, 2.08807892e+02, 2.13750290e+02, 1.16551765e+02,
    2.12930603e+02, 1.53297699e+02, 2.11581238e+02, 1.89943039e+02,
    2.09751907e+02, 2.26760452e+02, 1.95971085e+02, 9.82022705e+01,
    1.95208054e+02, 1.34945267e+02, 1.94449081e+02, 1.71454498e+02,
    1.92669327e+02, 2.07838226e+02, 1.77775879e+02, 1.16560280e+02,
    1.77091263e+02, 1.52803726e+02, 1.75789520e+02, 1.89294174e+02,
    1.73884109e+02, 2.25557953e+02, 1.60260071e+02, 9.83716202e+01,
    1.59505203e+02, 1.34594208e+02, 1.58542816e+02, 1.70796982e+02,
    1.57044952e+02, 2.06834549e+02, 1.42039536e+02, 1.16362457e+02,
    1.41266891e+02, 1.52290878e+02, 1.40090118e+02, 1.88354477e+02,
    1.38425980e+02, 2.24237488e+02, 1.24525818e+02, 9.81776962e+01,
    1.23741936e+02, 1.34410858e+02, 1.22940697e+02, 1.70162415e+02,
    1.21418724e+02, 2.05800171e+02 ]
CalibrationFramePatternWorld: [ 0., 0., 0., 0., 7.00000003e-02, 0., 0.,
    1.40000001e-01, 0., 0., 2.10000008e-01, 0., 3.50000001e-02,
    3.50000001e-02, 0., 3.50000001e-02, 1.05000004e-01, 0.,
    3.50000001e-02, 1.74999997e-01, 0., 3.50000001e-02, 2.45000005e-01,
    0., 7.00000003e-02, 0., 0., 7.00000003e-02, 7.00000003e-02, 0.,
    7.00000003e-02, 1.40000001e-01, 0., 7.00000003e-02, 2.10000008e-01,
    0., 1.05000004e-01, 3.50000001e-02, 0., 1.05000004e-01,
    1.05000004e-01, 0., 1.05000004e-01, 1.74999997e-01, 0.,
    1.05000004e-01, 2.45000005e-01, 0., 1.40000001e-01, 0., 0.,
    1.40000001e-01, 7.00000003e-02, 0., 1.40000001e-01, 1.40000001e-01,
    0., 1.40000001e-01, 2.10000008e-01, 0., 1.74999997e-01,
    3.50000001e-02, 0., 1.74999997e-01, 1.05000004e-01, 0.,
    1.74999997e-01, 1.74999997e-01, 0., 1.74999997e-01, 2.45000005e-01,
    0., 2.10000008e-01, 0., 0., 2.10000008e-01, 7.00000003e-02, 0.,
    2.10000008e-01, 1.40000001e-01, 0., 2.10000008e-01, 2.10000008e-01,
    0., 2.45000005e-01, 3.50000001e-02, 0., 2.45000005e-01,
    1.05000004e-01, 0., 2.45000005e-01, 1.74999997e-01, 0.,
    2.45000005e-01, 2.45000005e-01, 0., 2.80000001e-01, 0., 0.,
    2.80000001e-01, 7.00000003e-02, 0., 2.80000001e-01, 1.40000001e-01,
    0., 2.80000001e-01, 2.10000008e-01, 0., 3.14999998e-01,
    3.50000001e-02, 0., 3.14999998e-01, 1.05000004e-01, 0.,
    3.14999998e-01, 1.74999997e-01, 0., 3.14999998e-01, 2.45000005e-01,
    0., 3.49999994e-01, 0., 0., 3.49999994e-01, 7.00000003e-02, 0.,
    3.49999994e-01, 1.40000001e-01, 0., 3.49999994e-01, 2.10000008e-01,
    0. ]
CalibrationFrameExtRotation: !!opencv-matrix
   rows: 3
   cols: 1
   dt: d
   data: [ 4.5545275817851054e-02, -2.9945969623830448e+00,
       2.4887721665846185e-02 ]
CalibrationFrameExtTranslation: !!opencv-matrix
   rows: 3
   cols: 1
   dt: d
   data: [ -3.2094628604863708e-02, -2.4391254496777010e-01,
       1.1427918192641515e+00 ]
CalibrationFrameRMSerror: 3.6710798740386963e-01
