%YAML:1.0
---
CalibrationFramePatternImage: [ 2.62931519e+02, 2.39109604e+02,
    2.62721344e+02, 2.85208527e+02, 2.62575439e+02, 3.31505035e+02,
    2.62510590e+02, 3.78779266e+02, 2.42364182e+02, 2.61772125e+02,
    2.41803345e+02, 3.07505920e+02, 2.41779572e+02, 3.53660675e+02,
    2.40894836e+02, 4.01062500e+02, 2.22021378e+02, 2.39997070e+02,
    2.21383591e+02, 2.84578766e+02, 2.21450775e+02, 3.29677612e+02,
    2.20754349e+02, 3.75915833e+02, 2.02283340e+02, 2.61924255e+02,
    2.01368332e+02, 3.06405396e+02, 2.00979324e+02, 3.51499237e+02,
    1.99882614e+02, 3.97563599e+02, 1.82885941e+02, 2.40427689e+02,
    1.82082260e+02, 2.84241058e+02, 1.81614685e+02, 3.28095520e+02,
    1.80664551e+02, 3.73020294e+02, 1.63623322e+02, 2.62142853e+02,
    1.62952759e+02, 3.05385529e+02, 1.61947250e+02, 3.49418823e+02,
    1.60310638e+02, 3.94360748e+02, 1.45446823e+02, 2.41103867e+02,
    1.44410217e+02, 2.83773956e+02, 1.43716385e+02, 3.26854919e+02,
    1.42325241e+02, 3.70404755e+02, 1.27017555e+02, 2.62481506e+02,
    1.26138359e+02, 3.04533875e+02, 1.24664619e+02, 3.47671417e+02,
    1.22855087e+02, 3.91479797e+02, 1.09641304e+02, 2.41974487e+02,
    1.08539154e+02, 2.83384064e+02, 1.07247429e+02, 3.25300964e+02,
    1.05746567e+02, 3.68067505e+02, 9.14954910e+01, 2.62458435e+02,
    9.00524826e+01, 3.03725861e+02, 8.86726837e+01, 3.45658264e+02,
    8.68199387e+01, 3.88194214e+02, 7.46361237e+01, 2.42383133e+02,
    7.30189819e+01, 2.83155304e+02, 7.19237366e+01, 3.24034332e+02,
    6.99852295e+01, 3.65913513e+02 ]
CalibrationFramePatternWorld: [ 0., 0., 0., 0., 7.00000003e-02, 0., 0.,
    1.40000001e-01, 0., 0., 2.10000008e-01, 0., 3.50000001e-02,
    3.50000001e-02, 0., 3.50000001e-02, 1.05000004e-01, 0.,
    3.50000001e-02, 1.74999997e-01, 0., 3.50000001e-02, 2.45000005e-01,
    0., 7.00000003e-02, 0., 0., 7.00000003e-02, 7.00000003e-02, 0.,
    7.00000003e-02, 1.40000001e-01, 0., 7.00000003e-02, 2.10000008e-01,
    0., 1.05000004e-01, 3.50000001e-02, 0., 1.05000004e-01,
    1.05000004e-01, 0., 1.05000004e-01, 1.74999997e-01, 0.,
    1.05000004e-01, 2.45000005e-01, 0., 1.40000001e-01, 0., 0.,
    1.40000001e-01, 7.00000003e-02, 0., 1.40000001e-01, 1.40000001e-01,
    0., 1.40000001e-01, 2.10000008e-01, 0., 1.74999997e-01,
    3.50000001e-02, 0., 1.74999997e-01, 1.05000004e-01, 0.,
    1.74999997e-01, 1.74999997e-01, 0., 1.74999997e-01, 2.45000005e-01,
    0., 2.10000008e-01, 0., 0., 2.10000008e-01, 7.00000003e-02, 0.,
    2.10000008e-01, 1.40000001e-01, 0., 2.10000008e-01, 2.10000008e-01,
    0., 2.45000005e-01, 3.50000001e-02, 0., 2.45000005e-01,
    1.05000004e-01, 0., 2.45000005e-01, 1.74999997e-01, 0.,
    2.45000005e-01, 2.45000005e-01, 0., 2.80000001e-01, 0., 0.,
    2.80000001e-01, 7.00000003e-02, 0., 2.80000001e-01, 1.40000001e-01,
    0., 2.80000001e-01, 2.10000008e-01, 0., 3.14999998e-01,
    3.50000001e-02, 0., 3.14999998e-01, 1.05000004e-01, 0.,
    3.14999998e-01, 1.74999997e-01, 0., 3.14999998e-01, 2.45000005e-01,
    0., 3.49999994e-01, 0., 0., 3.49999994e-01, 7.00000003e-02, 0.,
    3.49999994e-01, 1.40000001e-01, 0., 3.49999994e-01, 2.10000008e-01,
    0. ]
CalibrationFrameExtRotation: !!opencv-matrix
   rows: 3
   cols: 1
   dt: d
   data: [ -1.0515858944059880e-02, -2.7920481063414795e+00,
       7.7355280603585139e-02 ]
CalibrationFrameExtTranslation: !!opencv-matrix
   rows: 3
   cols: 1
   dt: d
   data: [ -9.1225914932103219e-02, 1.5756228759365130e-02,
       9.3940535401590219e-01 ]
CalibrationFrameRMSerror: 4.1185918450355530e-01
