%YAML:1.0
---
CalibrationFramePatternImage: [ 4.56747284e+02, 2.09806824e+02,
    4.57304657e+02, 2.48916046e+02, 4.57952454e+02, 2.88030640e+02,
    4.59014557e+02, 3.27403442e+02, 4.38442871e+02, 2.29199753e+02,
    4.39113495e+02, 2.68696136e+02, 4.39609833e+02, 3.08395508e+02,
    4.40930450e+02, 3.48338623e+02, 4.19611572e+02, 2.09650497e+02,
    4.20101288e+02, 2.49220840e+02, 4.20429779e+02, 2.88978577e+02,
    4.21291473e+02, 3.29251373e+02, 4.00766357e+02, 2.29287369e+02,
    4.01141479e+02, 2.69385590e+02, 4.01681946e+02, 3.09897614e+02,
    4.02926636e+02, 3.50557526e+02, 3.81318115e+02, 2.09062485e+02,
    3.81744049e+02, 2.49767624e+02, 3.81807770e+02, 2.90119965e+02,
    3.83037048e+02, 3.31178009e+02, 3.61723633e+02, 2.29356598e+02,
    3.61994354e+02, 2.70205994e+02, 3.62658630e+02, 3.11462341e+02,
    3.63696106e+02, 3.53020660e+02, 3.41817719e+02, 2.08867996e+02,
    3.41895111e+02, 2.50134567e+02, 3.42341797e+02, 2.91551514e+02,
    3.42984650e+02, 3.33116302e+02, 3.21490967e+02, 2.29506973e+02,
    3.21654694e+02, 2.71063171e+02, 3.22144165e+02, 3.13270111e+02,
    3.23180359e+02, 3.55460480e+02, 3.00729950e+02, 2.08560150e+02,
    3.00879486e+02, 2.50578217e+02, 3.01077606e+02, 2.92793610e+02,
    3.01989075e+02, 3.35375885e+02, 2.79881409e+02, 2.29607010e+02,
    2.79890533e+02, 2.72184814e+02, 2.80409515e+02, 3.15010376e+02,
    2.81300262e+02, 3.58073700e+02, 2.58444275e+02, 2.08031937e+02,
    2.58595154e+02, 2.51262436e+02, 2.58690460e+02, 2.94289124e+02,
    2.59314850e+02, 3.37763458e+02 ]
CalibrationFramePatternWorld: [ 0., 0., 0., 0., 7.00000003e-02, 0., 0.,
    1.40000001e-01, 0., 0., 2.10000008e-01, 0., 3.50000001e-02,
    3.50000001e-02, 0., 3.50000001e-02, 1.05000004e-01, 0.,
    3.50000001e-02, 1.74999997e-01, 0., 3.50000001e-02, 2.45000005e-01,
    0., 7.00000003e-02, 0., 0., 7.00000003e-02, 7.00000003e-02, 0.,
    7.00000003e-02, 1.40000001e-01, 0., 7.00000003e-02, 2.10000008e-01,
    0., 1.05000004e-01, 3.50000001e-02, 0., 1.05000004e-01,
    1.05000004e-01, 0., 1.05000004e-01, 1.74999997e-01, 0.,
    1.05000004e-01, 2.45000005e-01, 0., 1.40000001e-01, 0., 0.,
    1.40000001e-01, 7.00000003e-02, 0., 1.40000001e-01, 1.40000001e-01,
    0., 1.40000001e-01, 2.10000008e-01, 0., 1.74999997e-01,
    3.50000001e-02, 0., 1.74999997e-01, 1.05000004e-01, 0.,
    1.74999997e-01, 1.74999997e-01, 0., 1.74999997e-01, 2.45000005e-01,
    0., 2.10000008e-01, 0., 0., 2.10000008e-01, 7.00000003e-02, 0.,
    2.10000008e-01, 1.40000001e-01, 0., 2.10000008e-01, 2.10000008e-01,
    0., 2.45000005e-01, 3.50000001e-02, 0., 2.45000005e-01,
    1.05000004e-01, 0., 2.45000005e-01, 1.74999997e-01, 0.,
    2.45000005e-01, 2.45000005e-01, 0., 2.80000001e-01, 0., 0.,
    2.80000001e-01, 7.00000003e-02, 0., 2.80000001e-01, 1.40000001e-01,
    0., 2.80000001e-01, 2.10000008e-01, 0., 3.14999998e-01,
    3.50000001e-02, 0., 3.14999998e-01, 1.05000004e-01, 0.,
    3.14999998e-01, 1.74999997e-01, 0., 3.14999998e-01, 2.45000005e-01,
    0., 3.49999994e-01, 0., 0., 3.49999994e-01, 7.00000003e-02, 0.,
    3.49999994e-01, 1.40000001e-01, 0., 3.49999994e-01, 2.10000008e-01,
    0. ]
CalibrationFrameExtRotation: !!opencv-matrix
   rows: 3
   cols: 1
   dt: d
   data: [ 1.2451727068587264e-02, 2.9005549985074341e+00,
       -4.1377724551823529e-02 ]
CalibrationFrameExtTranslation: !!opencv-matrix
   rows: 3
   cols: 1
   dt: d
   data: [ 2.3377633023590577e-01, -3.5319436460669158e-02,
       1.0880878259209057e+00 ]
CalibrationFrameRMSerror: 3.2746776938438416e-01
