%YAML:1.0
---
CalibrationFramePatternImage: [ 5.80720459e+02, 1.57119400e+02,
    5.77563965e+02, 1.73220551e+02, 5.74638306e+02, 1.89032196e+02,
    5.71584106e+02, 2.05416916e+02, 5.70088318e+02, 1.64044403e+02,
    5.67240662e+02, 1.79896027e+02, 5.64351501e+02, 1.96135071e+02,
    5.61284790e+02, 2.12122620e+02, 5.63097290e+02, 1.55027466e+02,
    5.60044373e+02, 1.70835571e+02, 5.57168335e+02, 1.86900726e+02,
    5.54198730e+02, 2.02853058e+02, 5.53065491e+02, 1.61721588e+02,
    5.50160767e+02, 1.77741348e+02, 5.47375854e+02, 1.93621643e+02,
    5.44386353e+02, 2.09452484e+02, 5.45879822e+02, 1.52775635e+02,
    5.42951050e+02, 1.68868851e+02, 5.40004333e+02, 1.84533096e+02,
    5.37174561e+02, 2.00404816e+02, 5.36083008e+02, 1.59851517e+02,
    5.33190369e+02, 1.75578842e+02, 5.30294617e+02, 1.91255875e+02,
    5.27423218e+02, 2.07012451e+02, 5.29226685e+02, 1.50975189e+02,
    5.26315430e+02, 1.66655853e+02, 5.23541504e+02, 1.82374863e+02,
    5.20620300e+02, 1.97905334e+02, 5.19396118e+02, 1.57776627e+02,
    5.16669739e+02, 1.73353989e+02, 5.13894226e+02, 1.88967484e+02,
    5.11158234e+02, 2.04665436e+02, 5.12624939e+02, 1.49007355e+02,
    5.09800751e+02, 1.64470734e+02, 5.06871857e+02, 1.80038696e+02,
    5.04236328e+02, 1.95864944e+02, 5.03164307e+02, 1.55663345e+02,
    5.00305847e+02, 1.71088348e+02, 4.97421844e+02, 1.86872940e+02,
    4.94744263e+02, 2.02345276e+02, 4.96571777e+02, 1.46874054e+02,
    4.93748596e+02, 1.62489746e+02, 4.90948303e+02, 1.77962402e+02,
    4.88172241e+02, 1.93366867e+02 ]
CalibrationFramePatternWorld: [ 0., 0., 0., 0., 7.00000003e-02, 0., 0.,
    1.40000001e-01, 0., 0., 2.10000008e-01, 0., 3.50000001e-02,
    3.50000001e-02, 0., 3.50000001e-02, 1.05000004e-01, 0.,
    3.50000001e-02, 1.74999997e-01, 0., 3.50000001e-02, 2.45000005e-01,
    0., 7.00000003e-02, 0., 0., 7.00000003e-02, 7.00000003e-02, 0.,
    7.00000003e-02, 1.40000001e-01, 0., 7.00000003e-02, 2.10000008e-01,
    0., 1.05000004e-01, 3.50000001e-02, 0., 1.05000004e-01,
    1.05000004e-01, 0., 1.05000004e-01, 1.74999997e-01, 0.,
    1.05000004e-01, 2.45000005e-01, 0., 1.40000001e-01, 0., 0.,
    1.40000001e-01, 7.00000003e-02, 0., 1.40000001e-01, 1.40000001e-01,
    0., 1.40000001e-01, 2.10000008e-01, 0., 1.74999997e-01,
    3.50000001e-02, 0., 1.74999997e-01, 1.05000004e-01, 0.,
    1.74999997e-01, 1.74999997e-01, 0., 1.74999997e-01, 2.45000005e-01,
    0., 2.10000008e-01, 0., 0., 2.10000008e-01, 7.00000003e-02, 0.,
    2.10000008e-01, 1.40000001e-01, 0., 2.10000008e-01, 2.10000008e-01,
    0., 2.45000005e-01, 3.50000001e-02, 0., 2.45000005e-01,
    1.05000004e-01, 0., 2.45000005e-01, 1.74999997e-01, 0.,
    2.45000005e-01, 2.45000005e-01, 0., 2.80000001e-01, 0., 0.,
    2.80000001e-01, 7.00000003e-02, 0., 2.80000001e-01, 1.40000001e-01,
    0., 2.80000001e-01, 2.10000008e-01, 0., 3.14999998e-01,
    3.50000001e-02, 0., 3.14999998e-01, 1.05000004e-01, 0.,
    3.14999998e-01, 1.74999997e-01, 0., 3.14999998e-01, 2.45000005e-01,
    0., 3.49999994e-01, 0., 0., 3.49999994e-01, 7.00000003e-02, 0.,
    3.49999994e-01, 1.40000001e-01, 0., 3.49999994e-01, 2.10000008e-01,
    0. ]
CalibrationFrameExtRotation: !!opencv-matrix
   rows: 3
   cols: 1
   dt: d
   data: [ 2.3276583382761021e-01, -2.7733618828834379e+00,
       -6.0435434382126320e-02 ]
CalibrationFrameExtTranslation: !!opencv-matrix
   rows: 3
   cols: 1
   dt: d
   data: [ 1.0914558116377298e+00, -3.0995790202599921e-01,
       2.6290890109138529e+00 ]
CalibrationFrameRMSerror: 1.4720846712589264e-01
