%YAML:1.0
---
CalibrationFramePatternImage: [ 2.08147842e+02, 2.73826019e+02,
    2.06200928e+02, 3.01751953e+02, 2.04124176e+02, 3.30244965e+02,
    2.01882736e+02, 3.59906433e+02, 1.94761124e+02, 2.88245270e+02,
    1.92427551e+02, 3.16249634e+02, 1.90123276e+02, 3.45231171e+02,
    1.87582336e+02, 3.75286499e+02, 1.83305038e+02, 2.75371185e+02,
    1.80780319e+02, 3.02796967e+02, 1.78627655e+02, 3.31023529e+02,
    1.76048676e+02, 3.60375061e+02, 1.69817307e+02, 2.89521515e+02,
    1.67314621e+02, 3.17191071e+02, 1.64718353e+02, 3.45815033e+02,
    1.61760590e+02, 3.75342133e+02, 1.58936478e+02, 2.76697845e+02,
    1.56204742e+02, 3.03860870e+02, 1.53568115e+02, 3.31782318e+02,
    1.50555023e+02, 3.60596802e+02, 1.45462311e+02, 2.90873749e+02,
    1.42776627e+02, 3.18122589e+02, 1.39714905e+02, 3.46333374e+02,
    1.36185425e+02, 3.75511688e+02, 1.35102554e+02, 2.78093506e+02,
    1.32141220e+02, 3.04936279e+02, 1.29219208e+02, 3.32560944e+02,
    1.25819527e+02, 3.60908020e+02, 1.21906616e+02, 2.91941284e+02,
    1.18904289e+02, 3.18883636e+02, 1.15383675e+02, 3.46891541e+02,
    1.11620239e+02, 3.75629059e+02, 1.11803314e+02, 2.79515106e+02,
    1.08621117e+02, 3.05965942e+02, 1.05255844e+02, 3.33152802e+02,
    1.01700027e+02, 3.61282166e+02, 9.86066132e+01, 2.93102325e+02,
    9.52270737e+01, 3.19679077e+02, 9.15128860e+01, 3.47265228e+02,
    8.75327606e+01, 3.75603851e+02, 8.86577988e+01, 2.80512543e+02,
    8.50288086e+01, 3.06657043e+02, 8.16187515e+01, 3.33695587e+02,
    7.75409927e+01, 3.61425903e+02 ]
CalibrationFramePatternWorld: [ 0., 0., 0., 0., 7.00000003e-02, 0., 0.,
    1.40000001e-01, 0., 0., 2.10000008e-01, 0., 3.50000001e-02,
    3.50000001e-02, 0., 3.50000001e-02, 1.05000004e-01, 0.,
    3.50000001e-02, 1.74999997e-01, 0., 3.50000001e-02, 2.45000005e-01,
    0., 7.00000003e-02, 0., 0., 7.00000003e-02, 7.00000003e-02, 0.,
    7.00000003e-02, 1.40000001e-01, 0., 7.00000003e-02, 2.10000008e-01,
    0., 1.05000004e-01, 3.50000001e-02, 0., 1.05000004e-01,
    1.05000004e-01, 0., 1.05000004e-01, 1.74999997e-01, 0.,
    1.05000004e-01, 2.45000005e-01, 0., 1.40000001e-01, 0., 0.,
    1.40000001e-01, 7.00000003e-02, 0., 1.40000001e-01, 1.40000001e-01,
    0., 1.40000001e-01, 2.10000008e-01, 0., 1.74999997e-01,
    3.50000001e-02, 0., 1.74999997e-01, 1.05000004e-01, 0.,
    1.74999997e-01, 1.74999997e-01, 0., 1.74999997e-01, 2.45000005e-01,
    0., 2.10000008e-01, 0., 0., 2.10000008e-01, 7.00000003e-02, 0.,
    2.10000008e-01, 1.40000001e-01, 0., 2.10000008e-01, 2.10000008e-01,
    0., 2.45000005e-01, 3.50000001e-02, 0., 2.45000005e-01,
    1.05000004e-01, 0., 2.45000005e-01, 1.74999997e-01, 0.,
    2.45000005e-01, 2.45000005e-01, 0., 2.80000001e-01, 0., 0.,
    2.80000001e-01, 7.00000003e-02, 0., 2.80000001e-01, 1.40000001e-01,
    0., 2.80000001e-01, 2.10000008e-01, 0., 3.14999998e-01,
    3.50000001e-02, 0., 3.14999998e-01, 1.05000004e-01, 0.,
    3.14999998e-01, 1.74999997e-01, 0., 3.14999998e-01, 2.45000005e-01,
    0., 3.49999994e-01, 0., 0., 3.49999994e-01, 7.00000003e-02, 0.,
    3.49999994e-01, 1.40000001e-01, 0., 3.49999994e-01, 2.10000008e-01,
    0. ]
CalibrationFrameExtRotation: !!opencv-matrix
   rows: 3
   cols: 1
   dt: d
   data: [ -3.7976449302899243e-02, -2.7871665865193997e+00,
       3.9274640573329589e-01 ]
CalibrationFrameExtTranslation: !!opencv-matrix
   rows: 3
   cols: 1
   dt: d
   data: [ -2.8396992305165608e-01, 1.1194100918843947e-01,
       1.5340497344762090e+00 ]
CalibrationFrameRMSerror: 2.1019551157951355e-01
