%YAML:1.0
---
CalibrationFramePatternImage: [ 4.01493347e+02, 2.62626923e+02,
    4.06268951e+02, 2.88317139e+02, 4.10918091e+02, 3.12899078e+02,
    4.15518463e+02, 3.37503021e+02, 3.90548706e+02, 2.78690857e+02,
    3.95530060e+02, 3.03860229e+02, 4.00319061e+02, 3.28550537e+02,
    4.05100616e+02, 3.52907227e+02, 3.74894836e+02, 2.69388733e+02,
    3.79949524e+02, 2.94839600e+02, 3.84864624e+02, 3.19546814e+02,
    3.90006866e+02, 3.44226715e+02, 3.64190399e+02, 2.85445496e+02,
    3.69232910e+02, 3.10621277e+02, 3.74543304e+02, 3.35482269e+02,
    3.79675842e+02, 3.59962463e+02, 3.48157837e+02, 2.75787201e+02,
    3.53628967e+02, 3.01579010e+02, 3.58723938e+02, 3.26605011e+02,
    3.64138824e+02, 3.51321808e+02, 3.37416504e+02, 2.92300964e+02,
    3.42804871e+02, 3.17591003e+02, 3.48360718e+02, 3.42378967e+02,
    3.53960876e+02, 3.67148499e+02, 3.21168030e+02, 2.82780396e+02,
    3.26753387e+02, 3.08568451e+02, 3.32588776e+02, 3.33564789e+02,
    3.38081696e+02, 3.58399963e+02, 3.10527618e+02, 2.99259674e+02,
    3.16193207e+02, 3.24457275e+02, 3.22291656e+02, 3.49616943e+02,
    3.28022095e+02, 3.74307739e+02, 2.93909576e+02, 2.89954773e+02,
    2.99849152e+02, 3.15417267e+02, 3.05783447e+02, 3.40706879e+02,
    3.12193756e+02, 3.65704529e+02, 2.83256042e+02, 3.06427216e+02,
    2.89368896e+02, 3.31853149e+02, 2.95884460e+02, 3.56982605e+02,
    3.01989899e+02, 3.81689087e+02, 2.66324799e+02, 2.97075989e+02,
    2.72771118e+02, 3.23181061e+02, 2.79252197e+02, 3.48252899e+02,
    2.85585999e+02, 3.73193268e+02 ]
CalibrationFramePatternWorld: [ 0., 0., 0., 0., 7.00000003e-02, 0., 0.,
    1.40000001e-01, 0., 0., 2.10000008e-01, 0., 3.50000001e-02,
    3.50000001e-02, 0., 3.50000001e-02, 1.05000004e-01, 0.,
    3.50000001e-02, 1.74999997e-01, 0., 3.50000001e-02, 2.45000005e-01,
    0., 7.00000003e-02, 0., 0., 7.00000003e-02, 7.00000003e-02, 0.,
    7.00000003e-02, 1.40000001e-01, 0., 7.00000003e-02, 2.10000008e-01,
    0., 1.05000004e-01, 3.50000001e-02, 0., 1.05000004e-01,
    1.05000004e-01, 0., 1.05000004e-01, 1.74999997e-01, 0.,
    1.05000004e-01, 2.45000005e-01, 0., 1.40000001e-01, 0., 0.,
    1.40000001e-01, 7.00000003e-02, 0., 1.40000001e-01, 1.40000001e-01,
    0., 1.40000001e-01, 2.10000008e-01, 0., 1.74999997e-01,
    3.50000001e-02, 0., 1.74999997e-01, 1.05000004e-01, 0.,
    1.74999997e-01, 1.74999997e-01, 0., 1.74999997e-01, 2.45000005e-01,
    0., 2.10000008e-01, 0., 0., 2.10000008e-01, 7.00000003e-02, 0.,
    2.10000008e-01, 1.40000001e-01, 0., 2.10000008e-01, 2.10000008e-01,
    0., 2.45000005e-01, 3.50000001e-02, 0., 2.45000005e-01,
    1.05000004e-01, 0., 2.45000005e-01, 1.74999997e-01, 0.,
    2.45000005e-01, 2.45000005e-01, 0., 2.80000001e-01, 0., 0.,
    2.80000001e-01, 7.00000003e-02, 0., 2.80000001e-01, 1.40000001e-01,
    0., 2.80000001e-01, 2.10000008e-01, 0., 3.14999998e-01,
    3.50000001e-02, 0., 3.14999998e-01, 1.05000004e-01, 0.,
    3.14999998e-01, 1.74999997e-01, 0., 3.14999998e-01, 2.45000005e-01,
    0., 3.49999994e-01, 0., 0., 3.49999994e-01, 7.00000003e-02, 0.,
    3.49999994e-01, 1.40000001e-01, 0., 3.49999994e-01, 2.10000008e-01,
    0. ]
CalibrationFrameExtRotation: !!opencv-matrix
   rows: 3
   cols: 1
   dt: d
   data: [ 3.4207090248606159e-01, 2.9648902023928314e+00,
       3.1625096729632329e-01 ]
CalibrationFrameExtTranslation: !!opencv-matrix
   rows: 3
   cols: 1
   dt: d
   data: [ 1.9614804418222184e-01, 8.6130506974300317e-02,
       1.5697697799108006e+00 ]
CalibrationFrameRMSerror: 2.5148236751556396e-01
