%YAML:1.0
---
CalibrationFramePatternImage: [ 1.35499283e+02, 2.32315765e+02,
    1.40215210e+02, 2.47757050e+02, 1.44660095e+02, 2.62836700e+02,
    1.49102615e+02, 2.77695709e+02, 1.29539856e+02, 2.41937607e+02,
    1.34065308e+02, 2.57116364e+02, 1.38808746e+02, 2.72045258e+02,
    1.43170319e+02, 2.87102905e+02, 1.18668114e+02, 2.36390762e+02,
    1.23473099e+02, 2.51490219e+02, 1.28024750e+02, 2.66568207e+02,
    1.32743790e+02, 2.81521362e+02, 1.12780418e+02, 2.45746719e+02,
    1.17287575e+02, 2.61043365e+02, 1.22246025e+02, 2.76058411e+02,
    1.26899208e+02, 2.90987671e+02, 1.01752281e+02, 2.40089264e+02,
    1.06804214e+02, 2.55515533e+02, 1.11472351e+02, 2.70586304e+02,
    1.16341408e+02, 2.85627808e+02, 9.57702866e+01, 2.49807785e+02,
    1.00863457e+02, 2.65195404e+02, 1.05560364e+02, 2.80122620e+02,
    1.10357552e+02, 2.95169434e+02, 8.46845551e+01, 2.44169922e+02,
    8.97649994e+01, 2.59452759e+02, 9.48161316e+01, 2.74583588e+02,
    9.96243820e+01, 2.89839264e+02, 7.87377167e+01, 2.53854736e+02,
    8.38842697e+01, 2.68951050e+02, 8.89191513e+01, 2.84114197e+02,
    9.37364502e+01, 2.99161865e+02, 6.78242264e+01, 2.48253601e+02,
    7.27304916e+01, 2.63440002e+02, 7.78802185e+01, 2.78552277e+02,
    8.29515076e+01, 2.93778473e+02, 6.15866013e+01, 2.57756805e+02,
    6.68043060e+01, 2.73043091e+02, 7.18767548e+01, 2.88087097e+02,
    7.69516373e+01, 3.03073242e+02, 5.02047119e+01, 2.52083694e+02,
    5.55569687e+01, 2.67830475e+02, 6.07853165e+01, 2.82825500e+02,
    6.59846725e+01, 2.97917664e+02 ]
CalibrationFramePatternWorld: [ 0., 0., 0., 0., 7.00000003e-02, 0., 0.,
    1.40000001e-01, 0., 0., 2.10000008e-01, 0., 3.50000001e-02,
    3.50000001e-02, 0., 3.50000001e-02, 1.05000004e-01, 0.,
    3.50000001e-02, 1.74999997e-01, 0., 3.50000001e-02, 2.45000005e-01,
    0., 7.00000003e-02, 0., 0., 7.00000003e-02, 7.00000003e-02, 0.,
    7.00000003e-02, 1.40000001e-01, 0., 7.00000003e-02, 2.10000008e-01,
    0., 1.05000004e-01, 3.50000001e-02, 0., 1.05000004e-01,
    1.05000004e-01, 0., 1.05000004e-01, 1.74999997e-01, 0.,
    1.05000004e-01, 2.45000005e-01, 0., 1.40000001e-01, 0., 0.,
    1.40000001e-01, 7.00000003e-02, 0., 1.40000001e-01, 1.40000001e-01,
    0., 1.40000001e-01, 2.10000008e-01, 0., 1.74999997e-01,
    3.50000001e-02, 0., 1.74999997e-01, 1.05000004e-01, 0.,
    1.74999997e-01, 1.74999997e-01, 0., 1.74999997e-01, 2.45000005e-01,
    0., 2.10000008e-01, 0., 0., 2.10000008e-01, 7.00000003e-02, 0.,
    2.10000008e-01, 1.40000001e-01, 0., 2.10000008e-01, 2.10000008e-01,
    0., 2.45000005e-01, 3.50000001e-02, 0., 2.45000005e-01,
    1.05000004e-01, 0., 2.45000005e-01, 1.74999997e-01, 0.,
    2.45000005e-01, 2.45000005e-01, 0., 2.80000001e-01, 0., 0.,
    2.80000001e-01, 7.00000003e-02, 0., 2.80000001e-01, 1.40000001e-01,
    0., 2.80000001e-01, 2.10000008e-01, 0., 3.14999998e-01,
    3.50000001e-02, 0., 3.14999998e-01, 1.05000004e-01, 0.,
    3.14999998e-01, 1.74999997e-01, 0., 3.14999998e-01, 2.45000005e-01,
    0., 3.49999994e-01, 0., 0., 3.49999994e-01, 7.00000003e-02, 0.,
    3.49999994e-01, 1.40000001e-01, 0., 3.49999994e-01, 2.10000008e-01,
    0. ]
CalibrationFrameExtRotation: !!opencv-matrix
   rows: 3
   cols: 1
   dt: d
   data: [ 3.3994658208001338e-01, 2.9763669260748684e+00,
       3.5706792533677900e-01 ]
CalibrationFrameExtTranslation: !!opencv-matrix
   rows: 3
   cols: 1
   dt: d
   data: [ -7.9809765740097915e-01, 1.3910575195143868e-02,
       2.6488204267110689e+00 ]
CalibrationFrameRMSerror: 1.3107375800609589e-01
