%YAML:1.0
---
CalibrationFramePatternImage: [ 3.45499725e+02, 1.06454376e+02,
    3.40767792e+02, 1.22146072e+02, 3.35965607e+02, 1.37206955e+02,
    3.31588074e+02, 1.52453491e+02, 3.35434052e+02, 1.11898697e+02,
    3.30830078e+02, 1.27175583e+02, 3.26121948e+02, 1.42539429e+02,
    3.21529175e+02, 1.57796722e+02, 3.29985291e+02, 1.01760735e+02,
    3.25466522e+02, 1.17172295e+02, 3.20743866e+02, 1.32423553e+02,
    3.16385315e+02, 1.47925278e+02, 3.20024902e+02, 1.07003098e+02,
    3.15397461e+02, 1.22402626e+02, 3.10883942e+02, 1.37834885e+02,
    3.06440826e+02, 1.53027390e+02, 3.14600220e+02, 9.68798599e+01,
    3.10180389e+02, 1.12550095e+02, 3.05504547e+02, 1.27757935e+02,
    3.01168182e+02, 1.43132751e+02, 3.04644684e+02, 1.02155952e+02,
    3.00126770e+02, 1.17750122e+02, 2.95757477e+02, 1.33063690e+02,
    2.91082794e+02, 1.48481842e+02, 2.99312714e+02, 9.20325089e+01,
    2.94733978e+02, 1.07596573e+02, 2.90302399e+02, 1.22956192e+02,
    2.85905396e+02, 1.38291260e+02, 2.89409882e+02, 9.74505463e+01,
    2.84787018e+02, 1.12911461e+02, 2.80466064e+02, 1.28395386e+02,
    2.75957397e+02, 1.43740524e+02, 2.83893982e+02, 8.72417221e+01,
    2.79297852e+02, 1.02794922e+02, 2.75014069e+02, 1.18248703e+02,
    2.70768158e+02, 1.33701569e+02, 2.74057343e+02, 9.24940033e+01,
    2.69450470e+02, 1.07929962e+02, 2.65251953e+02, 1.23601547e+02,
    2.60828156e+02, 1.39013123e+02, 2.68508392e+02, 8.23850784e+01,
    2.63974762e+02, 9.78665619e+01, 2.59764038e+02, 1.13340065e+02,
    2.55334686e+02, 1.28876541e+02 ]
CalibrationFramePatternWorld: [ 0., 0., 0., 0., 7.00000003e-02, 0., 0.,
    1.40000001e-01, 0., 0., 2.10000008e-01, 0., 3.50000001e-02,
    3.50000001e-02, 0., 3.50000001e-02, 1.05000004e-01, 0.,
    3.50000001e-02, 1.74999997e-01, 0., 3.50000001e-02, 2.45000005e-01,
    0., 7.00000003e-02, 0., 0., 7.00000003e-02, 7.00000003e-02, 0.,
    7.00000003e-02, 1.40000001e-01, 0., 7.00000003e-02, 2.10000008e-01,
    0., 1.05000004e-01, 3.50000001e-02, 0., 1.05000004e-01,
    1.05000004e-01, 0., 1.05000004e-01, 1.74999997e-01, 0.,
    1.05000004e-01, 2.45000005e-01, 0., 1.40000001e-01, 0., 0.,
    1.40000001e-01, 7.00000003e-02, 0., 1.40000001e-01, 1.40000001e-01,
    0., 1.40000001e-01, 2.10000008e-01, 0., 1.74999997e-01,
    3.50000001e-02, 0., 1.74999997e-01, 1.05000004e-01, 0.,
    1.74999997e-01, 1.74999997e-01, 0., 1.74999997e-01, 2.45000005e-01,
    0., 2.10000008e-01, 0., 0., 2.10000008e-01, 7.00000003e-02, 0.,
    2.10000008e-01, 1.40000001e-01, 0., 2.10000008e-01, 2.10000008e-01,
    0., 2.45000005e-01, 3.50000001e-02, 0., 2.45000005e-01,
    1.05000004e-01, 0., 2.45000005e-01, 1.74999997e-01, 0.,
    2.45000005e-01, 2.45000005e-01, 0., 2.80000001e-01, 0., 0.,
    2.80000001e-01, 7.00000003e-02, 0., 2.80000001e-01, 1.40000001e-01,
    0., 2.80000001e-01, 2.10000008e-01, 0., 3.14999998e-01,
    3.50000001e-02, 0., 3.14999998e-01, 1.05000004e-01, 0.,
    3.14999998e-01, 1.74999997e-01, 0., 3.14999998e-01, 2.45000005e-01,
    0., 3.49999994e-01, 0., 0., 3.49999994e-01, 7.00000003e-02, 0.,
    3.49999994e-01, 1.40000001e-01, 0., 3.49999994e-01, 2.10000008e-01,
    0. ]
CalibrationFrameExtRotation: !!opencv-matrix
   rows: 3
   cols: 1
   dt: d
   data: [ -4.8369534313695517e-01, 3.1478517307696356e+00,
       3.0755939401206445e-01 ]
CalibrationFrameExtTranslation: !!opencv-matrix
   rows: 3
   cols: 1
   dt: d
   data: [ 9.5094406618698932e-02, -5.3645463522079351e-01,
       2.6753889687794663e+00 ]
CalibrationFrameRMSerror: 1.4226230978965759e-01
