%YAML:1.0
---
CalibrationFramePatternImage: [ 5.80732422e+02, 1.94364441e+02,
    5.74989990e+02, 2.13221710e+02, 5.69479004e+02, 2.31634399e+02,
    5.64001648e+02, 2.50358444e+02, 5.67990234e+02, 2.01254349e+02,
    5.62485596e+02, 2.19827316e+02, 5.56838135e+02, 2.38587784e+02,
    5.51353577e+02, 2.57106964e+02, 5.60990417e+02, 1.89546112e+02,
    5.55498047e+02, 2.08304459e+02, 5.49853882e+02, 2.26881882e+02,
    5.44421143e+02, 2.45354004e+02, 5.48391296e+02, 1.96581512e+02,
    5.42937683e+02, 2.15038940e+02, 5.37525330e+02, 2.33599365e+02,
    5.32219360e+02, 2.52062271e+02, 5.41500427e+02, 1.84753586e+02,
    5.35926575e+02, 2.03436050e+02, 5.30524902e+02, 2.21948730e+02,
    5.25361084e+02, 2.40506393e+02, 5.29025635e+02, 1.91729980e+02,
    5.23661072e+02, 2.10266983e+02, 5.18335815e+02, 2.28698929e+02,
    5.12953308e+02, 2.47369354e+02, 5.22216431e+02, 1.80288284e+02,
    5.16648010e+02, 1.98688400e+02, 5.11374542e+02, 2.17211365e+02,
    5.06145752e+02, 2.35657944e+02, 5.09791107e+02, 1.87103577e+02,
    5.04474030e+02, 2.05507751e+02, 4.99278107e+02, 2.24072708e+02,
    4.93986725e+02, 2.42452087e+02, 5.02854034e+02, 1.75662048e+02,
    4.97441284e+02, 1.93974655e+02, 4.92336914e+02, 2.12237656e+02,
    4.87132538e+02, 2.30815735e+02, 4.90840912e+02, 1.82372543e+02,
    4.85416473e+02, 2.00732285e+02, 4.80339783e+02, 2.19377258e+02,
    4.75282104e+02, 2.37657761e+02, 4.83840759e+02, 1.70808395e+02,
    4.78699951e+02, 1.89320068e+02, 4.73392426e+02, 2.07646286e+02,
    4.68389740e+02, 2.26192215e+02 ]
CalibrationFramePatternWorld: [ 0., 0., 0., 0., 7.00000003e-02, 0., 0.,
    1.40000001e-01, 0., 0., 2.10000008e-01, 0., 3.50000001e-02,
    3.50000001e-02, 0., 3.50000001e-02, 1.05000004e-01, 0.,
    3.50000001e-02, 1.74999997e-01, 0., 3.50000001e-02, 2.45000005e-01,
    0., 7.00000003e-02, 0., 0., 7.00000003e-02, 7.00000003e-02, 0.,
    7.00000003e-02, 1.40000001e-01, 0., 7.00000003e-02, 2.10000008e-01,
    0., 1.05000004e-01, 3.50000001e-02, 0., 1.05000004e-01,
    1.05000004e-01, 0., 1.05000004e-01, 1.74999997e-01, 0.,
    1.05000004e-01, 2.45000005e-01, 0., 1.40000001e-01, 0., 0.,
    1.40000001e-01, 7.00000003e-02, 0., 1.40000001e-01, 1.40000001e-01,
    0., 1.40000001e-01, 2.10000008e-01, 0., 1.74999997e-01,
    3.50000001e-02, 0., 1.74999997e-01, 1.05000004e-01, 0.,
    1.74999997e-01, 1.74999997e-01, 0., 1.74999997e-01, 2.45000005e-01,
    0., 2.10000008e-01, 0., 0., 2.10000008e-01, 7.00000003e-02, 0.,
    2.10000008e-01, 1.40000001e-01, 0., 2.10000008e-01, 2.10000008e-01,
    0., 2.45000005e-01, 3.50000001e-02, 0., 2.45000005e-01,
    1.05000004e-01, 0., 2.45000005e-01, 1.74999997e-01, 0.,
    2.45000005e-01, 2.45000005e-01, 0., 2.80000001e-01, 0., 0.,
    2.80000001e-01, 7.00000003e-02, 0., 2.80000001e-01, 1.40000001e-01,
    0., 2.80000001e-01, 2.10000008e-01, 0., 3.14999998e-01,
    3.50000001e-02, 0., 3.14999998e-01, 1.05000004e-01, 0.,
    3.14999998e-01, 1.74999997e-01, 0., 3.14999998e-01, 2.45000005e-01,
    0., 3.49999994e-01, 0., 0., 3.49999994e-01, 7.00000003e-02, 0.,
    3.49999994e-01, 1.40000001e-01, 0., 3.49999994e-01, 2.10000008e-01,
    0. ]
CalibrationFrameExtRotation: !!opencv-matrix
   rows: 3
   cols: 1
   dt: d
   data: [ 3.8058753591911387e-01, -3.0207441317278061e+00,
       -1.4535688986493742e-01 ]
CalibrationFrameExtTranslation: !!opencv-matrix
   rows: 3
   cols: 1
   dt: d
   data: [ 9.1743489331314876e-01, -1.2575299489864161e-01,
       2.2102600748284491e+00 ]
CalibrationFrameRMSerror: 1.3292738795280457e-01
