%YAML:1.0
---
CalibrationFramePatternImage: [ 4.17524475e+02, 2.23691589e+02,
    4.11619781e+02, 2.41798431e+02, 4.05811188e+02, 2.60077881e+02,
    4.00042572e+02, 2.78940399e+02, 4.05469055e+02, 2.29088989e+02,
    3.99576477e+02, 2.47389130e+02, 3.93487213e+02, 2.65956635e+02,
    3.87513763e+02, 2.85011841e+02, 3.99287506e+02, 2.16542831e+02,
    3.93332886e+02, 2.34525116e+02, 3.87309570e+02, 2.53043472e+02,
    3.81220184e+02, 2.71959778e+02, 3.87249664e+02, 2.22011536e+02,
    3.81031158e+02, 2.40274139e+02, 3.74921478e+02, 2.58968597e+02,
    3.68932587e+02, 2.78092651e+02, 3.81057129e+02, 2.09412415e+02,
    3.74888397e+02, 2.27592514e+02, 3.68748993e+02, 2.46124741e+02,
    3.62594025e+02, 2.65044250e+02, 3.68838074e+02, 2.14901230e+02,
    3.62557526e+02, 2.33174377e+02, 3.56311646e+02, 2.51905594e+02,
    3.50028229e+02, 2.71045380e+02, 3.62806763e+02, 2.02407379e+02,
    3.56481964e+02, 2.20523209e+02, 3.50147278e+02, 2.38933182e+02,
    3.43806793e+02, 2.57778381e+02, 3.50449310e+02, 2.07746033e+02,
    3.44072906e+02, 2.25989685e+02, 3.37604431e+02, 2.44889526e+02,
    3.31199158e+02, 2.64036926e+02, 3.44442688e+02, 1.95194763e+02,
    3.37998169e+02, 2.13189606e+02, 3.31534821e+02, 2.31612732e+02,
    3.24809662e+02, 2.50826965e+02, 3.32077179e+02, 2.00386459e+02,
    3.25379456e+02, 2.18660385e+02, 3.18641479e+02, 2.37541580e+02,
    3.12049896e+02, 2.56718292e+02, 3.26127960e+02, 1.87804642e+02,
    3.19511414e+02, 2.05877869e+02, 3.12686951e+02, 2.24472763e+02,
    3.05972076e+02, 2.43396973e+02 ]
CalibrationFramePatternWorld: [ 0., 0., 0., 0., 7.00000003e-02, 0., 0.,
    1.40000001e-01, 0., 0., 2.10000008e-01, 0., 3.50000001e-02,
    3.50000001e-02, 0., 3.50000001e-02, 1.05000004e-01, 0.,
    3.50000001e-02, 1.74999997e-01, 0., 3.50000001e-02, 2.45000005e-01,
    0., 7.00000003e-02, 0., 0., 7.00000003e-02, 7.00000003e-02, 0.,
    7.00000003e-02, 1.40000001e-01, 0., 7.00000003e-02, 2.10000008e-01,
    0., 1.05000004e-01, 3.50000001e-02, 0., 1.05000004e-01,
    1.05000004e-01, 0., 1.05000004e-01, 1.74999997e-01, 0.,
    1.05000004e-01, 2.45000005e-01, 0., 1.40000001e-01, 0., 0.,
    1.40000001e-01, 7.00000003e-02, 0., 1.40000001e-01, 1.40000001e-01,
    0., 1.40000001e-01, 2.10000008e-01, 0., 1.74999997e-01,
    3.50000001e-02, 0., 1.74999997e-01, 1.05000004e-01, 0.,
    1.74999997e-01, 1.74999997e-01, 0., 1.74999997e-01, 2.45000005e-01,
    0., 2.10000008e-01, 0., 0., 2.10000008e-01, 7.00000003e-02, 0.,
    2.10000008e-01, 1.40000001e-01, 0., 2.10000008e-01, 2.10000008e-01,
    0., 2.45000005e-01, 3.50000001e-02, 0., 2.45000005e-01,
    1.05000004e-01, 0., 2.45000005e-01, 1.74999997e-01, 0.,
    2.45000005e-01, 2.45000005e-01, 0., 2.80000001e-01, 0., 0.,
    2.80000001e-01, 7.00000003e-02, 0., 2.80000001e-01, 1.40000001e-01,
    0., 2.80000001e-01, 2.10000008e-01, 0., 3.14999998e-01,
    3.50000001e-02, 0., 3.14999998e-01, 1.05000004e-01, 0.,
    3.14999998e-01, 1.74999997e-01, 0., 3.14999998e-01, 2.45000005e-01,
    0., 3.49999994e-01, 0., 0., 3.49999994e-01, 7.00000003e-02, 0.,
    3.49999994e-01, 1.40000001e-01, 0., 3.49999994e-01, 2.10000008e-01,
    0. ]
CalibrationFrameExtRotation: !!opencv-matrix
   rows: 3
   cols: 1
   dt: d
   data: [ -5.1750254089308811e-01, 2.9022310499778561e+00,
       -2.8268921861224333e-01 ]
CalibrationFrameExtTranslation: !!opencv-matrix
   rows: 3
   cols: 1
   dt: d
   data: [ 3.3010494974492005e-01, -1.9375099858161545e-02,
       2.1810196119684448e+00 ]
CalibrationFrameRMSerror: 1.9863817095756531e-01
