%YAML:1.0
---
CalibrationFramePatternImage: [ 4.02784424e+02, 3.48945343e+02,
    3.95569855e+02, 3.65160370e+02, 3.88815918e+02, 3.80962219e+02,
    3.81940216e+02, 3.97182953e+02, 3.90793335e+02, 3.53326477e+02,
    3.83870209e+02, 3.69462158e+02, 3.76895172e+02, 3.85526245e+02,
    3.70013794e+02, 4.01483978e+02, 3.85791962e+02, 3.41773224e+02,
    3.79032501e+02, 3.58021393e+02, 3.72030426e+02, 3.73994293e+02,
    3.65193207e+02, 3.89890289e+02, 3.74032593e+02, 3.46484100e+02,
    3.67357056e+02, 3.62329895e+02, 3.60297760e+02, 3.78591644e+02,
    3.53497986e+02, 3.94703644e+02, 3.69015076e+02, 3.34820404e+02,
    3.62240204e+02, 3.50989441e+02, 3.55561584e+02, 3.66995758e+02,
    3.48785522e+02, 3.83164032e+02, 3.57290771e+02, 3.39240265e+02,
    3.50498444e+02, 3.55528625e+02, 3.43798737e+02, 3.71503906e+02,
    3.36953278e+02, 3.87970917e+02, 3.52332886e+02, 3.27964966e+02,
    3.45687012e+02, 3.43951813e+02, 3.38738861e+02, 3.60062378e+02,
    3.32106110e+02, 3.76365509e+02, 3.40663696e+02, 3.32398987e+02,
    3.34009979e+02, 3.48550629e+02, 3.27098602e+02, 3.64781433e+02,
    3.20384979e+02, 3.80978882e+02, 3.35631683e+02, 3.20908752e+02,
    3.28987122e+02, 3.37139893e+02, 3.22379272e+02, 3.53142944e+02,
    3.15460449e+02, 3.69558960e+02, 3.24082367e+02, 3.25704559e+02,
    3.17387482e+02, 3.41572266e+02, 3.10721497e+02, 3.57914215e+02,
    3.04067322e+02, 3.74134583e+02, 3.19175232e+02, 3.14078430e+02,
    3.12422211e+02, 3.30390656e+02, 3.05726410e+02, 3.46519379e+02,
    2.99096222e+02, 3.62527008e+02 ]
CalibrationFramePatternWorld: [ 0., 0., 0., 0., 7.00000003e-02, 0., 0.,
    1.40000001e-01, 0., 0., 2.10000008e-01, 0., 3.50000001e-02,
    3.50000001e-02, 0., 3.50000001e-02, 1.05000004e-01, 0.,
    3.50000001e-02, 1.74999997e-01, 0., 3.50000001e-02, 2.45000005e-01,
    0., 7.00000003e-02, 0., 0., 7.00000003e-02, 7.00000003e-02, 0.,
    7.00000003e-02, 1.40000001e-01, 0., 7.00000003e-02, 2.10000008e-01,
    0., 1.05000004e-01, 3.50000001e-02, 0., 1.05000004e-01,
    1.05000004e-01, 0., 1.05000004e-01, 1.74999997e-01, 0.,
    1.05000004e-01, 2.45000005e-01, 0., 1.40000001e-01, 0., 0.,
    1.40000001e-01, 7.00000003e-02, 0., 1.40000001e-01, 1.40000001e-01,
    0., 1.40000001e-01, 2.10000008e-01, 0., 1.74999997e-01,
    3.50000001e-02, 0., 1.74999997e-01, 1.05000004e-01, 0.,
    1.74999997e-01, 1.74999997e-01, 0., 1.74999997e-01, 2.45000005e-01,
    0., 2.10000008e-01, 0., 0., 2.10000008e-01, 7.00000003e-02, 0.,
    2.10000008e-01, 1.40000001e-01, 0., 2.10000008e-01, 2.10000008e-01,
    0., 2.45000005e-01, 3.50000001e-02, 0., 2.45000005e-01,
    1.05000004e-01, 0., 2.45000005e-01, 1.74999997e-01, 0.,
    2.45000005e-01, 2.45000005e-01, 0., 2.80000001e-01, 0., 0.,
    2.80000001e-01, 7.00000003e-02, 0., 2.80000001e-01, 1.40000001e-01,
    0., 2.80000001e-01, 2.10000008e-01, 0., 3.14999998e-01,
    3.50000001e-02, 0., 3.14999998e-01, 1.05000004e-01, 0.,
    3.14999998e-01, 1.74999997e-01, 0., 3.14999998e-01, 2.45000005e-01,
    0., 3.49999994e-01, 0., 0., 3.49999994e-01, 7.00000003e-02, 0.,
    3.49999994e-01, 1.40000001e-01, 0., 3.49999994e-01, 2.10000008e-01,
    0. ]
CalibrationFrameExtRotation: !!opencv-matrix
   rows: 3
   cols: 1
   dt: d
   data: [ 5.9015349315947563e-01, -3.0145285252966016e+00,
       -1.2882866362079051e-01 ]
CalibrationFrameExtTranslation: !!opencv-matrix
   rows: 3
   cols: 1
   dt: d
   data: [ 3.0581807680699380e-01, 4.6823129525381890e-01,
       2.3965815697963593e+00 ]
CalibrationFrameRMSerror: 1.5454685688018799e-01
