%YAML:1.0
---
CalibrationFramePatternImage: [ 5.68231506e+02, 3.14437809e+01,
    5.67845520e+02, 5.75024452e+01, 5.67443604e+02, 8.23978348e+01,
    5.67078979e+02, 1.06969292e+02, 5.56120361e+02, 4.63480225e+01,
    5.56122925e+02, 7.18957977e+01, 5.55735901e+02, 9.67882690e+01,
    5.55607788e+02, 1.21074371e+02, 5.44450500e+02, 3.53025551e+01,
    5.44444153e+02, 6.12400818e+01, 5.44225525e+02, 8.65811768e+01,
    5.44272888e+02, 1.11258331e+02, 5.32461975e+02, 5.03775330e+01,
    5.32578308e+02, 7.59775085e+01, 5.32682800e+02, 1.00999893e+02,
    5.33214294e+02, 1.25453346e+02, 5.20493286e+02, 3.90529251e+01,
    5.20889526e+02, 6.55590744e+01, 5.21044800e+02, 9.07415314e+01,
    5.21667114e+02, 1.15503197e+02, 5.08681458e+02, 5.42864952e+01,
    5.09139832e+02, 8.02134094e+01, 5.09777466e+02, 1.05269768e+02,
    5.10441345e+02, 1.29943878e+02, 4.96256775e+02, 4.30054245e+01,
    4.97034241e+02, 6.95315094e+01, 4.97695953e+02, 9.50385742e+01,
    4.98403351e+02, 1.20051804e+02, 4.84439331e+02, 5.84191513e+01,
    4.85418213e+02, 8.44326248e+01, 4.86316620e+02, 1.09780685e+02,
    4.87419312e+02, 1.34599869e+02, 4.71905579e+02, 4.72395821e+01,
    4.72901886e+02, 7.36547012e+01, 4.74044678e+02, 9.94524536e+01,
    4.75171783e+02, 1.24510582e+02, 4.60212372e+02, 6.27679596e+01,
    4.61502594e+02, 8.88243942e+01, 4.62898682e+02, 1.14406929e+02,
    4.64313629e+02, 1.39024628e+02, 4.47419250e+02, 5.13706932e+01,
    4.48923859e+02, 7.82169571e+01, 4.50261963e+02, 1.03966354e+02,
    4.51845062e+02, 1.29267242e+02 ]
CalibrationFramePatternWorld: [ 0., 0., 0., 0., 7.00000003e-02, 0., 0.,
    1.40000001e-01, 0., 0., 2.10000008e-01, 0., 3.50000001e-02,
    3.50000001e-02, 0., 3.50000001e-02, 1.05000004e-01, 0.,
    3.50000001e-02, 1.74999997e-01, 0., 3.50000001e-02, 2.45000005e-01,
    0., 7.00000003e-02, 0., 0., 7.00000003e-02, 7.00000003e-02, 0.,
    7.00000003e-02, 1.40000001e-01, 0., 7.00000003e-02, 2.10000008e-01,
    0., 1.05000004e-01, 3.50000001e-02, 0., 1.05000004e-01,
    1.05000004e-01, 0., 1.05000004e-01, 1.74999997e-01, 0.,
    1.05000004e-01, 2.45000005e-01, 0., 1.40000001e-01, 0., 0.,
    1.40000001e-01, 7.00000003e-02, 0., 1.40000001e-01, 1.40000001e-01,
    0., 1.40000001e-01, 2.10000008e-01, 0., 1.74999997e-01,
    3.50000001e-02, 0., 1.74999997e-01, 1.05000004e-01, 0.,
    1.74999997e-01, 1.74999997e-01, 0., 1.74999997e-01, 2.45000005e-01,
    0., 2.10000008e-01, 0., 0., 2.10000008e-01, 7.00000003e-02, 0.,
    2.10000008e-01, 1.40000001e-01, 0., 2.10000008e-01, 2.10000008e-01,
    0., 2.45000005e-01, 3.50000001e-02, 0., 2.45000005e-01,
    1.05000004e-01, 0., 2.45000005e-01, 1.74999997e-01, 0.,
    2.45000005e-01, 2.45000005e-01, 0., 2.80000001e-01, 0., 0.,
    2.80000001e-01, 7.00000003e-02, 0., 2.80000001e-01, 1.40000001e-01,
    0., 2.80000001e-01, 2.10000008e-01, 0., 3.14999998e-01,
    3.50000001e-02, 0., 3.14999998e-01, 1.05000004e-01, 0.,
    3.14999998e-01, 1.74999997e-01, 0., 3.14999998e-01, 2.45000005e-01,
    0., 3.49999994e-01, 0., 0., 3.49999994e-01, 7.00000003e-02, 0.,
    3.49999994e-01, 1.40000001e-01, 0., 3.49999994e-01, 2.10000008e-01,
    0. ]
CalibrationFrameExtRotation: !!opencv-matrix
   rows: 3
   cols: 1
   dt: d
   data: [ 2.5628234862826282e-01, 2.8939040402956144e+00,
       5.4136333185326957e-01 ]
CalibrationFrameExtTranslation: !!opencv-matrix
   rows: 3
   cols: 1
   dt: d
   data: [ 6.6470991458064166e-01, -5.4431521997822119e-01,
       1.6849259164624062e+00 ]
CalibrationFrameRMSerror: 2.2674258053302765e-01
