%YAML:1.0
---
CalibrationFramePatternImage: [ 3.76698486e+02, 2.41981491e+02,
    3.73394409e+02, 2.64112183e+02, 3.70531281e+02, 2.86482483e+02,
    3.67700317e+02, 3.09210266e+02, 3.64993866e+02, 2.51563797e+02,
    3.61434631e+02, 2.73887360e+02, 3.58533691e+02, 2.96415222e+02,
    3.55617157e+02, 3.19244720e+02, 3.56079193e+02, 2.38558685e+02,
    3.52960541e+02, 2.61266144e+02, 3.49748627e+02, 2.83802673e+02,
    3.46439209e+02, 3.06534393e+02, 3.44178223e+02, 2.48341263e+02,
    3.41060638e+02, 2.70998840e+02, 3.37877380e+02, 2.93759491e+02,
    3.34547028e+02, 3.16648315e+02, 3.35062195e+02, 2.35422623e+02,
    3.31914337e+02, 2.58072998e+02, 3.28863983e+02, 2.81067200e+02,
    3.25694000e+02, 3.03912842e+02, 3.22656433e+02, 2.45105499e+02,
    3.19635284e+02, 2.68064941e+02, 3.16444183e+02, 2.91085266e+02,
    3.13227295e+02, 3.14169800e+02, 3.13355225e+02, 2.31926392e+02,
    3.10258026e+02, 2.55051758e+02, 3.07031433e+02, 2.78094818e+02,
    3.03896088e+02, 3.01239960e+02, 3.00704712e+02, 2.41949661e+02,
    2.97552155e+02, 2.65053345e+02, 2.94481964e+02, 2.88188385e+02,
    2.91407013e+02, 3.11591919e+02, 2.91178253e+02, 2.28679367e+02,
    2.88028717e+02, 2.51969818e+02, 2.84878082e+02, 2.75089294e+02,
    2.81759369e+02, 2.98322968e+02, 2.78578552e+02, 2.38644302e+02,
    2.75457581e+02, 2.61924133e+02, 2.72221008e+02, 2.85465210e+02,
    2.69184906e+02, 3.08664124e+02, 2.69000610e+02, 2.25376343e+02,
    2.65864777e+02, 2.48692184e+02, 2.62585297e+02, 2.72255463e+02,
    2.59647736e+02, 2.95631897e+02 ]
CalibrationFramePatternWorld: [ 0., 0., 0., 0., 7.00000003e-02, 0., 0.,
    1.40000001e-01, 0., 0., 2.10000008e-01, 0., 3.50000001e-02,
    3.50000001e-02, 0., 3.50000001e-02, 1.05000004e-01, 0.,
    3.50000001e-02, 1.74999997e-01, 0., 3.50000001e-02, 2.45000005e-01,
    0., 7.00000003e-02, 0., 0., 7.00000003e-02, 7.00000003e-02, 0.,
    7.00000003e-02, 1.40000001e-01, 0., 7.00000003e-02, 2.10000008e-01,
    0., 1.05000004e-01, 3.50000001e-02, 0., 1.05000004e-01,
    1.05000004e-01, 0., 1.05000004e-01, 1.74999997e-01, 0.,
    1.05000004e-01, 2.45000005e-01, 0., 1.40000001e-01, 0., 0.,
    1.40000001e-01, 7.00000003e-02, 0., 1.40000001e-01, 1.40000001e-01,
    0., 1.40000001e-01, 2.10000008e-01, 0., 1.74999997e-01,
    3.50000001e-02, 0., 1.74999997e-01, 1.05000004e-01, 0.,
    1.74999997e-01, 1.74999997e-01, 0., 1.74999997e-01, 2.45000005e-01,
    0., 2.10000008e-01, 0., 0., 2.10000008e-01, 7.00000003e-02, 0.,
    2.10000008e-01, 1.40000001e-01, 0., 2.10000008e-01, 2.10000008e-01,
    0., 2.45000005e-01, 3.50000001e-02, 0., 2.45000005e-01,
    1.05000004e-01, 0., 2.45000005e-01, 1.74999997e-01, 0.,
    2.45000005e-01, 2.45000005e-01, 0., 2.80000001e-01, 0., 0.,
    2.80000001e-01, 7.00000003e-02, 0., 2.80000001e-01, 1.40000001e-01,
    0., 2.80000001e-01, 2.10000008e-01, 0., 3.14999998e-01,
    3.50000001e-02, 0., 3.14999998e-01, 1.05000004e-01, 0.,
    3.14999998e-01, 1.74999997e-01, 0., 3.14999998e-01, 2.45000005e-01,
    0., 3.49999994e-01, 0., 0., 3.49999994e-01, 7.00000003e-02, 0.,
    3.49999994e-01, 1.40000001e-01, 0., 3.49999994e-01, 2.10000008e-01,
    0. ]
CalibrationFrameExtRotation: !!opencv-matrix
   rows: 3
   cols: 1
   dt: d
   data: [ -1.9296847004240136e-01, 2.7830292289650158e+00,
       7.4686044993209008e-03 ]
CalibrationFrameExtTranslation: !!opencv-matrix
   rows: 3
   cols: 1
   dt: d
   data: [ 1.8821581598763279e-01, -5.7507006698705197e-02,
       2.4866867258783003e+00 ]
CalibrationFrameRMSerror: 1.7566937208175659e-01
