%YAML:1.0
---
CalibrationFramePatternImage: [ 3.98359009e+02, 1.99259735e+02,
    3.96215546e+02, 2.20766998e+02, 3.93928955e+02, 2.42263016e+02,
    3.91994568e+02, 2.64030731e+02, 3.86465912e+02, 2.09120453e+02,
    3.84190948e+02, 2.30644104e+02, 3.82144073e+02, 2.51979752e+02,
    3.80131012e+02, 2.73870209e+02, 3.76438446e+02, 1.97236710e+02,
    3.74507294e+02, 2.19012894e+02, 3.72532043e+02, 2.40381485e+02,
    3.70198822e+02, 2.62145630e+02, 3.64454590e+02, 2.07229279e+02,
    3.62482330e+02, 2.28876297e+02, 3.60445831e+02, 2.50403046e+02,
    3.58330994e+02, 2.71997498e+02, 3.54428009e+02, 1.95375687e+02,
    3.52514587e+02, 2.17142929e+02, 3.50502716e+02, 2.38838013e+02,
    3.48405640e+02, 2.60426666e+02, 3.42443085e+02, 2.05239578e+02,
    3.40451050e+02, 2.27010620e+02, 3.38623657e+02, 2.48772018e+02,
    3.36571930e+02, 2.70307159e+02, 3.32440918e+02, 1.93419266e+02,
    3.30453461e+02, 2.15300461e+02, 3.28617432e+02, 2.36939972e+02,
    3.26722412e+02, 2.58650635e+02, 3.20518311e+02, 2.03421661e+02,
    3.18430206e+02, 2.25139313e+02, 3.16657654e+02, 2.46865143e+02,
    3.14764252e+02, 2.68726349e+02, 3.10215210e+02, 1.91621033e+02,
    3.08425781e+02, 2.13544144e+02, 3.06597137e+02, 2.35129044e+02,
    3.04641754e+02, 2.56851501e+02, 2.98262299e+02, 2.01613434e+02,
    2.96523773e+02, 2.23323822e+02, 2.94752869e+02, 2.44982193e+02,
    2.92851318e+02, 2.66660217e+02, 2.88137360e+02, 1.89865402e+02,
    2.86350525e+02, 2.11628571e+02, 2.84569733e+02, 2.33391235e+02,
    2.82771057e+02, 2.55124893e+02 ]
CalibrationFramePatternWorld: [ 0., 0., 0., 0., 7.00000003e-02, 0., 0.,
    1.40000001e-01, 0., 0., 2.10000008e-01, 0., 3.50000001e-02,
    3.50000001e-02, 0., 3.50000001e-02, 1.05000004e-01, 0.,
    3.50000001e-02, 1.74999997e-01, 0., 3.50000001e-02, 2.45000005e-01,
    0., 7.00000003e-02, 0., 0., 7.00000003e-02, 7.00000003e-02, 0.,
    7.00000003e-02, 1.40000001e-01, 0., 7.00000003e-02, 2.10000008e-01,
    0., 1.05000004e-01, 3.50000001e-02, 0., 1.05000004e-01,
    1.05000004e-01, 0., 1.05000004e-01, 1.74999997e-01, 0.,
    1.05000004e-01, 2.45000005e-01, 0., 1.40000001e-01, 0., 0.,
    1.40000001e-01, 7.00000003e-02, 0., 1.40000001e-01, 1.40000001e-01,
    0., 1.40000001e-01, 2.10000008e-01, 0., 1.74999997e-01,
    3.50000001e-02, 0., 1.74999997e-01, 1.05000004e-01, 0.,
    1.74999997e-01, 1.74999997e-01, 0., 1.74999997e-01, 2.45000005e-01,
    0., 2.10000008e-01, 0., 0., 2.10000008e-01, 7.00000003e-02, 0.,
    2.10000008e-01, 1.40000001e-01, 0., 2.10000008e-01, 2.10000008e-01,
    0., 2.45000005e-01, 3.50000001e-02, 0., 2.45000005e-01,
    1.05000004e-01, 0., 2.45000005e-01, 1.74999997e-01, 0.,
    2.45000005e-01, 2.45000005e-01, 0., 2.80000001e-01, 0., 0.,
    2.80000001e-01, 7.00000003e-02, 0., 2.80000001e-01, 1.40000001e-01,
    0., 2.80000001e-01, 2.10000008e-01, 0., 3.14999998e-01,
    3.50000001e-02, 0., 3.14999998e-01, 1.05000004e-01, 0.,
    3.14999998e-01, 1.74999997e-01, 0., 3.14999998e-01, 2.45000005e-01,
    0., 3.49999994e-01, 0., 0., 3.49999994e-01, 7.00000003e-02, 0.,
    3.49999994e-01, 1.40000001e-01, 0., 3.49999994e-01, 2.10000008e-01,
    0. ]
CalibrationFrameExtRotation: !!opencv-matrix
   rows: 3
   cols: 1
   dt: d
   data: [ -1.2942641264340346e-01, 3.1027718334017411e+00,
       2.5387110714656907e-01 ]
CalibrationFrameExtTranslation: !!opencv-matrix
   rows: 3
   cols: 1
   dt: d
   data: [ 2.6191946366626490e-01, -1.9528576971274575e-01,
       2.5408778115327362e+00 ]
CalibrationFrameRMSerror: 1.2570142745971680e-01
