%YAML:1.0
---
CalibrationFramePatternImage: [ 3.21951202e+02, 1.26120079e+02,
    3.17128876e+02, 1.47279282e+02, 3.12940796e+02, 1.68494461e+02,
    3.08962738e+02, 1.89971710e+02, 3.09362732e+02, 1.35824631e+02,
    3.04661682e+02, 1.56972290e+02, 3.00689423e+02, 1.78458954e+02,
    2.96683472e+02, 1.99789032e+02, 3.01317688e+02, 1.23955292e+02,
    2.96788971e+02, 1.45850601e+02, 2.92358185e+02, 1.67088272e+02,
    2.88213470e+02, 1.88604965e+02, 2.88506439e+02, 1.34016937e+02,
    2.84194763e+02, 1.55872894e+02, 2.80041168e+02, 1.77434067e+02,
    2.76030151e+02, 1.98817383e+02, 2.79953308e+02, 1.21825462e+02,
    2.75763336e+02, 1.43959320e+02, 2.71618134e+02, 1.66002304e+02,
    2.67580719e+02, 1.87847290e+02, 2.67022797e+02, 1.31889938e+02,
    2.62926971e+02, 1.54186981e+02, 2.59059174e+02, 1.76240891e+02,
    2.55181152e+02, 1.98148392e+02, 2.58196930e+02, 1.19536049e+02,
    2.53882080e+02, 1.42210480e+02, 2.50030334e+02, 1.64487900e+02,
    2.46313141e+02, 1.86681564e+02, 2.44983673e+02, 1.29763092e+02,
    2.40921112e+02, 1.52379715e+02, 2.37097748e+02, 1.74901947e+02,
    2.33688583e+02, 1.97275116e+02, 2.35920639e+02, 1.17384827e+02,
    2.31733032e+02, 1.40354218e+02, 2.28065292e+02, 1.62843979e+02,
    2.24368988e+02, 1.85562042e+02, 2.22713242e+02, 1.27937332e+02,
    2.18769836e+02, 1.50797165e+02, 2.15121353e+02, 1.73811493e+02,
    2.11909882e+02, 1.96509644e+02, 2.13457031e+02, 1.15320663e+02,
    2.09481598e+02, 1.38535736e+02, 2.05759293e+02, 1.61628693e+02,
    2.02534378e+02, 1.84744629e+02 ]
CalibrationFramePatternWorld: [ 0., 0., 0., 0., 7.00000003e-02, 0., 0.,
    1.40000001e-01, 0., 0., 2.10000008e-01, 0., 3.50000001e-02,
    3.50000001e-02, 0., 3.50000001e-02, 1.05000004e-01, 0.,
    3.50000001e-02, 1.74999997e-01, 0., 3.50000001e-02, 2.45000005e-01,
    0., 7.00000003e-02, 0., 0., 7.00000003e-02, 7.00000003e-02, 0.,
    7.00000003e-02, 1.40000001e-01, 0., 7.00000003e-02, 2.10000008e-01,
    0., 1.05000004e-01, 3.50000001e-02, 0., 1.05000004e-01,
    1.05000004e-01, 0., 1.05000004e-01, 1.74999997e-01, 0.,
    1.05000004e-01, 2.45000005e-01, 0., 1.40000001e-01, 0., 0.,
    1.40000001e-01, 7.00000003e-02, 0., 1.40000001e-01, 1.40000001e-01,
    0., 1.40000001e-01, 2.10000008e-01, 0., 1.74999997e-01,
    3.50000001e-02, 0., 1.74999997e-01, 1.05000004e-01, 0.,
    1.74999997e-01, 1.74999997e-01, 0., 1.74999997e-01, 2.45000005e-01,
    0., 2.10000008e-01, 0., 0., 2.10000008e-01, 7.00000003e-02, 0.,
    2.10000008e-01, 1.40000001e-01, 0., 2.10000008e-01, 2.10000008e-01,
    0., 2.45000005e-01, 3.50000001e-02, 0., 2.45000005e-01,
    1.05000004e-01, 0., 2.45000005e-01, 1.74999997e-01, 0.,
    2.45000005e-01, 2.45000005e-01, 0., 2.80000001e-01, 0., 0.,
    2.80000001e-01, 7.00000003e-02, 0., 2.80000001e-01, 1.40000001e-01,
    0., 2.80000001e-01, 2.10000008e-01, 0., 3.14999998e-01,
    3.50000001e-02, 0., 3.14999998e-01, 1.05000004e-01, 0.,
    3.14999998e-01, 1.74999997e-01, 0., 3.14999998e-01, 2.45000005e-01,
    0., 3.49999994e-01, 0., 0., 3.49999994e-01, 7.00000003e-02, 0.,
    3.49999994e-01, 1.40000001e-01, 0., 3.49999994e-01, 2.10000008e-01,
    0. ]
CalibrationFrameExtRotation: !!opencv-matrix
   rows: 3
   cols: 1
   dt: d
   data: [ -1.4696864300692536e-01, 2.6272486358353828e+00,
       5.3446456471278547e-01 ]
CalibrationFrameExtTranslation: !!opencv-matrix
   rows: 3
   cols: 1
   dt: d
   data: [ 1.8270611046785928e-02, -4.1309893195008923e-01,
       2.4310649134479272e+00 ]
CalibrationFrameRMSerror: 2.9339963197708130e-01
