%YAML:1.0
---
CalibrationFramePatternImage: [ 3.76528320e+02, 9.72161102e+01,
    3.84649445e+02, 1.17829071e+02, 3.92898163e+02, 1.39014511e+02,
    4.01390930e+02, 1.60292969e+02, 3.70125916e+02, 1.11312981e+02,
    3.77951508e+02, 1.32469009e+02, 3.86359375e+02, 1.53604233e+02,
    3.94724731e+02, 1.75073792e+02, 3.55000885e+02, 1.04935333e+02,
    3.63319885e+02, 1.25870476e+02, 3.71456818e+02, 1.46858917e+02,
    3.79751556e+02, 1.68348495e+02, 3.48378754e+02, 1.19351280e+02,
    3.56670227e+02, 1.40262207e+02, 3.64696503e+02, 1.61527573e+02,
    3.73104370e+02, 1.83070389e+02, 3.33512878e+02, 1.12902382e+02,
    3.41670837e+02, 1.33751526e+02, 3.49830109e+02, 1.54880356e+02,
    3.58069031e+02, 1.76317993e+02, 3.26839813e+02, 1.27301895e+02,
    3.34948517e+02, 1.48231293e+02, 3.43266846e+02, 1.69580338e+02,
    3.51341095e+02, 1.91092575e+02, 3.12039185e+02, 1.20935524e+02,
    3.20099396e+02, 1.41825043e+02, 3.28256927e+02, 1.62998688e+02,
    3.36352722e+02, 1.84339584e+02, 3.05235596e+02, 1.35368546e+02,
    3.13307526e+02, 1.56360153e+02, 3.21426147e+02, 1.77762817e+02,
    3.29631958e+02, 1.99272278e+02, 2.90397583e+02, 1.29080582e+02,
    2.98432556e+02, 1.49990051e+02, 3.06547974e+02, 1.71076721e+02,
    3.14664032e+02, 1.92551102e+02, 2.83613861e+02, 1.43460571e+02,
    2.91640350e+02, 1.64455368e+02, 2.99758759e+02, 1.85911865e+02,
    3.07857422e+02, 2.07349106e+02, 2.68956055e+02, 1.37117661e+02,
    2.76930634e+02, 1.58028351e+02, 2.84910248e+02, 1.79212021e+02,
    2.92937744e+02, 2.00631821e+02 ]
CalibrationFramePatternWorld: [ 0., 0., 0., 0., 7.00000003e-02, 0., 0.,
    1.40000001e-01, 0., 0., 2.10000008e-01, 0., 3.50000001e-02,
    3.50000001e-02, 0., 3.50000001e-02, 1.05000004e-01, 0.,
    3.50000001e-02, 1.74999997e-01, 0., 3.50000001e-02, 2.45000005e-01,
    0., 7.00000003e-02, 0., 0., 7.00000003e-02, 7.00000003e-02, 0.,
    7.00000003e-02, 1.40000001e-01, 0., 7.00000003e-02, 2.10000008e-01,
    0., 1.05000004e-01, 3.50000001e-02, 0., 1.05000004e-01,
    1.05000004e-01, 0., 1.05000004e-01, 1.74999997e-01, 0.,
    1.05000004e-01, 2.45000005e-01, 0., 1.40000001e-01, 0., 0.,
    1.40000001e-01, 7.00000003e-02, 0., 1.40000001e-01, 1.40000001e-01,
    0., 1.40000001e-01, 2.10000008e-01, 0., 1.74999997e-01,
    3.50000001e-02, 0., 1.74999997e-01, 1.05000004e-01, 0.,
    1.74999997e-01, 1.74999997e-01, 0., 1.74999997e-01, 2.45000005e-01,
    0., 2.10000008e-01, 0., 0., 2.10000008e-01, 7.00000003e-02, 0.,
    2.10000008e-01, 1.40000001e-01, 0., 2.10000008e-01, 2.10000008e-01,
    0., 2.45000005e-01, 3.50000001e-02, 0., 2.45000005e-01,
    1.05000004e-01, 0., 2.45000005e-01, 1.74999997e-01, 0.,
    2.45000005e-01, 2.45000005e-01, 0., 2.80000001e-01, 0., 0.,
    2.80000001e-01, 7.00000003e-02, 0., 2.80000001e-01, 1.40000001e-01,
    0., 2.80000001e-01, 2.10000008e-01, 0., 3.14999998e-01,
    3.50000001e-02, 0., 3.14999998e-01, 1.05000004e-01, 0.,
    3.14999998e-01, 1.74999997e-01, 0., 3.14999998e-01, 2.45000005e-01,
    0., 3.49999994e-01, 0., 0., 3.49999994e-01, 7.00000003e-02, 0.,
    3.49999994e-01, 1.40000001e-01, 0., 3.49999994e-01, 2.10000008e-01,
    0. ]
CalibrationFrameExtRotation: !!opencv-matrix
   rows: 3
   cols: 1
   dt: d
   data: [ 5.6887012710646279e-01, 3.1418129972914119e+00,
       -2.2315447587144151e-02 ]
CalibrationFrameExtTranslation: !!opencv-matrix
   rows: 3
   cols: 1
   dt: d
   data: [ 1.8516495858465143e-01, -5.0039376125526647e-01,
       2.4139871757672404e+00 ]
CalibrationFrameRMSerror: 1.0034386813640594e-01
