%YAML:1.0
---
CalibrationFramePatternImage: [ 3.46411713e+02, 1.02789925e+02,
    3.42370636e+02, 1.25484818e+02, 3.37948059e+02, 1.48394379e+02,
    3.33368774e+02, 1.71411057e+02, 3.33069763e+02, 1.12149109e+02,
    3.28830353e+02, 1.34838440e+02, 3.24483032e+02, 1.57740707e+02,
    3.19901154e+02, 1.80711212e+02, 3.23742493e+02, 9.88633041e+01,
    3.19720856e+02, 1.21707680e+02, 3.15514526e+02, 1.44123199e+02,
    3.10866302e+02, 1.67114960e+02, 3.10457642e+02, 1.08264587e+02,
    3.06213898e+02, 1.30892960e+02, 3.01907593e+02, 1.53470474e+02,
    2.97462006e+02, 1.76297852e+02, 3.01214935e+02, 9.51582794e+01,
    2.96991333e+02, 1.17689987e+02, 2.92880676e+02, 1.40291245e+02,
    2.88534760e+02, 1.62995560e+02, 2.88089355e+02, 1.04528809e+02,
    2.83928650e+02, 1.26944824e+02, 2.79625000e+02, 1.49632080e+02,
    2.75175262e+02, 1.72266678e+02, 2.78992889e+02, 9.17455444e+01,
    2.74871796e+02, 1.14150108e+02, 2.70732513e+02, 1.36344208e+02,
    2.66449005e+02, 1.58760651e+02, 2.65833466e+02, 1.01070175e+02,
    2.61910126e+02, 1.23403984e+02, 2.57559448e+02, 1.45743546e+02,
    2.53182343e+02, 1.68282532e+02, 2.56919159e+02, 8.83487473e+01,
    2.52921951e+02, 1.10427193e+02, 2.48905029e+02, 1.32498688e+02,
    2.44490311e+02, 1.54921768e+02, 2.44018524e+02, 9.77490311e+01,
    2.39938873e+02, 1.19689026e+02, 2.35732986e+02, 1.41971512e+02,
    2.31375885e+02, 1.64093628e+02, 2.35065262e+02, 8.49356384e+01,
    2.31123627e+02, 1.06932243e+02, 2.27102356e+02, 1.29011932e+02,
    2.22651550e+02, 1.51131393e+02 ]
CalibrationFramePatternWorld: [ 0., 0., 0., 0., 7.00000003e-02, 0., 0.,
    1.40000001e-01, 0., 0., 2.10000008e-01, 0., 3.50000001e-02,
    3.50000001e-02, 0., 3.50000001e-02, 1.05000004e-01, 0.,
    3.50000001e-02, 1.74999997e-01, 0., 3.50000001e-02, 2.45000005e-01,
    0., 7.00000003e-02, 0., 0., 7.00000003e-02, 7.00000003e-02, 0.,
    7.00000003e-02, 1.40000001e-01, 0., 7.00000003e-02, 2.10000008e-01,
    0., 1.05000004e-01, 3.50000001e-02, 0., 1.05000004e-01,
    1.05000004e-01, 0., 1.05000004e-01, 1.74999997e-01, 0.,
    1.05000004e-01, 2.45000005e-01, 0., 1.40000001e-01, 0., 0.,
    1.40000001e-01, 7.00000003e-02, 0., 1.40000001e-01, 1.40000001e-01,
    0., 1.40000001e-01, 2.10000008e-01, 0., 1.74999997e-01,
    3.50000001e-02, 0., 1.74999997e-01, 1.05000004e-01, 0.,
    1.74999997e-01, 1.74999997e-01, 0., 1.74999997e-01, 2.45000005e-01,
    0., 2.10000008e-01, 0., 0., 2.10000008e-01, 7.00000003e-02, 0.,
    2.10000008e-01, 1.40000001e-01, 0., 2.10000008e-01, 2.10000008e-01,
    0., 2.45000005e-01, 3.50000001e-02, 0., 2.45000005e-01,
    1.05000004e-01, 0., 2.45000005e-01, 1.74999997e-01, 0.,
    2.45000005e-01, 2.45000005e-01, 0., 2.80000001e-01, 0., 0.,
    2.80000001e-01, 7.00000003e-02, 0., 2.80000001e-01, 1.40000001e-01,
    0., 2.80000001e-01, 2.10000008e-01, 0., 3.14999998e-01,
    3.50000001e-02, 0., 3.14999998e-01, 1.05000004e-01, 0.,
    3.14999998e-01, 1.74999997e-01, 0., 3.14999998e-01, 2.45000005e-01,
    0., 3.49999994e-01, 0., 0., 3.49999994e-01, 7.00000003e-02, 0.,
    3.49999994e-01, 1.40000001e-01, 0., 3.49999994e-01, 2.10000008e-01,
    0. ]
CalibrationFrameExtRotation: !!opencv-matrix
   rows: 3
   cols: 1
   dt: d
   data: [ 2.8834513345198698e-01, -2.9556011742477977e+00,
       -1.4510922746292756e-01 ]
CalibrationFrameExtTranslation: !!opencv-matrix
   rows: 3
   cols: 1
   dt: d
   data: [ 9.2088280362818062e-02, -4.7206741949252362e-01,
       2.3664694768743475e+00 ]
CalibrationFrameRMSerror: 1.7948222160339355e-01
