%YAML:1.0
---
CalibrationFramePatternImage: [ 5.17177612e+02, 3.54253998e+02,
    5.13834961e+02, 3.74230377e+02, 5.10695435e+02, 3.94697052e+02,
    5.07650818e+02, 4.15606812e+02, 5.04695496e+02, 3.61187195e+02,
    5.01179626e+02, 3.81887878e+02, 4.97892334e+02, 4.02503693e+02,
    4.94323486e+02, 4.24087982e+02, 4.95347076e+02, 3.48563660e+02,
    4.92254578e+02, 3.68727325e+02, 4.88569000e+02, 3.89455566e+02,
    4.84830811e+02, 4.10749603e+02, 4.83462189e+02, 3.55600677e+02,
    4.79557831e+02, 3.76233276e+02, 4.75721527e+02, 3.97296021e+02,
    4.71547760e+02, 4.18650757e+02, 4.74130249e+02, 3.43706879e+02,
    4.70385498e+02, 3.63333038e+02, 4.66593384e+02, 3.83960632e+02,
    4.62494812e+02, 4.05234039e+02, 4.61192627e+02, 3.50915771e+02,
    4.57246948e+02, 3.70795258e+02, 4.53136292e+02, 3.91998993e+02,
    4.49153412e+02, 4.13264832e+02, 4.51985504e+02, 3.38477539e+02,
    4.48070740e+02, 3.58396240e+02, 4.43959259e+02, 3.78610870e+02,
    4.39861877e+02, 3.99794586e+02, 4.38927002e+02, 3.45691986e+02,
    4.34840210e+02, 3.65839600e+02, 4.30571167e+02, 3.86294861e+02,
    4.26147430e+02, 4.08111847e+02, 4.29773743e+02, 3.33090790e+02,
    4.25706360e+02, 3.52900879e+02, 4.21592407e+02, 3.73322540e+02,
    4.16746155e+02, 3.94259613e+02, 4.16769196e+02, 3.40073425e+02,
    4.12414886e+02, 3.60149475e+02, 4.07729889e+02, 3.81084076e+02,
    4.03311310e+02, 4.01804382e+02, 4.07937988e+02, 3.27649628e+02,
    4.03560699e+02, 3.47174011e+02, 3.98787659e+02, 3.67842194e+02,
    3.94251343e+02, 3.88452301e+02 ]
CalibrationFramePatternWorld: [ 0., 0., 0., 0., 7.00000003e-02, 0., 0.,
    1.40000001e-01, 0., 0., 2.10000008e-01, 0., 3.50000001e-02,
    3.50000001e-02, 0., 3.50000001e-02, 1.05000004e-01, 0.,
    3.50000001e-02, 1.74999997e-01, 0., 3.50000001e-02, 2.45000005e-01,
    0., 7.00000003e-02, 0., 0., 7.00000003e-02, 7.00000003e-02, 0.,
    7.00000003e-02, 1.40000001e-01, 0., 7.00000003e-02, 2.10000008e-01,
    0., 1.05000004e-01, 3.50000001e-02, 0., 1.05000004e-01,
    1.05000004e-01, 0., 1.05000004e-01, 1.74999997e-01, 0.,
    1.05000004e-01, 2.45000005e-01, 0., 1.40000001e-01, 0., 0.,
    1.40000001e-01, 7.00000003e-02, 0., 1.40000001e-01, 1.40000001e-01,
    0., 1.40000001e-01, 2.10000008e-01, 0., 1.74999997e-01,
    3.50000001e-02, 0., 1.74999997e-01, 1.05000004e-01, 0.,
    1.74999997e-01, 1.74999997e-01, 0., 1.74999997e-01, 2.45000005e-01,
    0., 2.10000008e-01, 0., 0., 2.10000008e-01, 7.00000003e-02, 0.,
    2.10000008e-01, 1.40000001e-01, 0., 2.10000008e-01, 2.10000008e-01,
    0., 2.45000005e-01, 3.50000001e-02, 0., 2.45000005e-01,
    1.05000004e-01, 0., 2.45000005e-01, 1.74999997e-01, 0.,
    2.45000005e-01, 2.45000005e-01, 0., 2.80000001e-01, 0., 0.,
    2.80000001e-01, 7.00000003e-02, 0., 2.80000001e-01, 1.40000001e-01,
    0., 2.80000001e-01, 2.10000008e-01, 0., 3.14999998e-01,
    3.50000001e-02, 0., 3.14999998e-01, 1.05000004e-01, 0.,
    3.14999998e-01, 1.74999997e-01, 0., 3.14999998e-01, 2.45000005e-01,
    0., 3.49999994e-01, 0., 0., 3.49999994e-01, 7.00000003e-02, 0.,
    3.49999994e-01, 1.40000001e-01, 0., 3.49999994e-01, 2.10000008e-01,
    0. ]
CalibrationFrameExtRotation: !!opencv-matrix
   rows: 3
   cols: 1
   dt: d
   data: [ -4.0363707887319183e-01, 3.0207429751037367e+00,
       -8.4988037197758814e-01 ]
CalibrationFrameExtTranslation: !!opencv-matrix
   rows: 3
   cols: 1
   dt: d
   data: [ 6.2147672347375527e-01, 2.8943363543617884e-01,
       2.4242887833565288e+00 ]
CalibrationFrameRMSerror: 2.5310447812080383e-01
