%YAML:1.0
---
CalibrationFramePatternImage: [ 2.59617371e+02, 3.43117767e+02,
    2.64825409e+02, 3.63736176e+02, 2.70247711e+02, 3.84462006e+02,
    2.75868622e+02, 4.05084473e+02, 2.51939178e+02, 3.56095520e+02,
    2.56915833e+02, 3.76699524e+02, 2.62571198e+02, 3.97411285e+02,
    2.68279022e+02, 4.18182587e+02, 2.38524261e+02, 3.48460236e+02,
    2.43967026e+02, 3.69377197e+02, 2.49340149e+02, 3.89871979e+02,
    2.55021790e+02, 4.10628174e+02, 2.30709076e+02, 3.61675354e+02,
    2.36268219e+02, 3.82602753e+02, 2.41782898e+02, 4.02966003e+02,
    2.47494476e+02, 4.23795837e+02, 2.17423584e+02, 3.54032623e+02,
    2.22983215e+02, 3.74846924e+02, 2.28474991e+02, 3.95716797e+02,
    2.34239395e+02, 4.16416718e+02, 2.09709656e+02, 3.67017670e+02,
    2.15146332e+02, 3.87969727e+02, 2.20925568e+02, 4.08771362e+02,
    2.26680649e+02, 4.29477997e+02, 1.96218552e+02, 3.59156677e+02,
    2.01803696e+02, 3.80404053e+02, 2.07341385e+02, 4.01099701e+02,
    2.13440430e+02, 4.21852173e+02, 1.88473679e+02, 3.72539337e+02,
    1.94099960e+02, 3.93304840e+02, 1.99841507e+02, 4.14207947e+02,
    2.05871979e+02, 4.35189148e+02, 1.75028656e+02, 3.64745056e+02,
    1.80761078e+02, 3.85773468e+02, 1.86543411e+02, 4.06529755e+02,
    1.92279816e+02, 4.27548462e+02, 1.67379257e+02, 3.77963989e+02,
    1.73107086e+02, 3.98868317e+02, 1.79069016e+02, 4.20023041e+02,
    1.84817993e+02, 4.40711914e+02, 1.54010880e+02, 3.70177979e+02,
    1.59676636e+02, 3.91247955e+02, 1.65566269e+02, 4.12163177e+02,
    1.71446930e+02, 4.33157379e+02 ]
CalibrationFramePatternWorld: [ 0., 0., 0., 0., 7.00000003e-02, 0., 0.,
    1.40000001e-01, 0., 0., 2.10000008e-01, 0., 3.50000001e-02,
    3.50000001e-02, 0., 3.50000001e-02, 1.05000004e-01, 0.,
    3.50000001e-02, 1.74999997e-01, 0., 3.50000001e-02, 2.45000005e-01,
    0., 7.00000003e-02, 0., 0., 7.00000003e-02, 7.00000003e-02, 0.,
    7.00000003e-02, 1.40000001e-01, 0., 7.00000003e-02, 2.10000008e-01,
    0., 1.05000004e-01, 3.50000001e-02, 0., 1.05000004e-01,
    1.05000004e-01, 0., 1.05000004e-01, 1.74999997e-01, 0.,
    1.05000004e-01, 2.45000005e-01, 0., 1.40000001e-01, 0., 0.,
    1.40000001e-01, 7.00000003e-02, 0., 1.40000001e-01, 1.40000001e-01,
    0., 1.40000001e-01, 2.10000008e-01, 0., 1.74999997e-01,
    3.50000001e-02, 0., 1.74999997e-01, 1.05000004e-01, 0.,
    1.74999997e-01, 1.74999997e-01, 0., 1.74999997e-01, 2.45000005e-01,
    0., 2.10000008e-01, 0., 0., 2.10000008e-01, 7.00000003e-02, 0.,
    2.10000008e-01, 1.40000001e-01, 0., 2.10000008e-01, 2.10000008e-01,
    0., 2.45000005e-01, 3.50000001e-02, 0., 2.45000005e-01,
    1.05000004e-01, 0., 2.45000005e-01, 1.74999997e-01, 0.,
    2.45000005e-01, 2.45000005e-01, 0., 2.80000001e-01, 0., 0.,
    2.80000001e-01, 7.00000003e-02, 0., 2.80000001e-01, 1.40000001e-01,
    0., 2.80000001e-01, 2.10000008e-01, 0., 3.14999998e-01,
    3.50000001e-02, 0., 3.14999998e-01, 1.05000004e-01, 0.,
    3.14999998e-01, 1.74999997e-01, 0., 3.14999998e-01, 2.45000005e-01,
    0., 3.49999994e-01, 0., 0., 3.49999994e-01, 7.00000003e-02, 0.,
    3.49999994e-01, 1.40000001e-01, 0., 3.49999994e-01, 2.10000008e-01,
    0. ]
CalibrationFrameExtRotation: !!opencv-matrix
   rows: 3
   cols: 1
   dt: d
   data: [ 3.6939939503810904e-01, 2.9346088225489582e+00,
       -5.9019485329829542e-02 ]
CalibrationFrameExtTranslation: !!opencv-matrix
   rows: 3
   cols: 1
   dt: d
   data: [ -1.8115985056567971e-01, 2.6599568055982081e-01,
       2.5821975071558843e+00 ]
CalibrationFrameRMSerror: 1.8231539428234100e-01
