%YAML:1.0
---
CalibrationFramePatternImage: [ 4.91232544e+02, 1.89150543e+02,
    4.95542267e+02, 2.10860687e+02, 5.00184509e+02, 2.33270691e+02,
    5.04859924e+02, 2.55700272e+02, 4.82514526e+02, 2.02381638e+02,
    4.86876007e+02, 2.24535004e+02, 4.91360992e+02, 2.46805115e+02,
    4.96026062e+02, 2.69284668e+02, 4.69052185e+02, 1.93687408e+02,
    4.73748962e+02, 2.15906174e+02, 4.78128601e+02, 2.38049057e+02,
    4.82702240e+02, 2.60583496e+02, 4.60218933e+02, 2.07187866e+02,
    4.64851227e+02, 2.29318756e+02, 4.69298096e+02, 2.51702866e+02,
    4.73805542e+02, 2.74230072e+02, 4.46643951e+02, 1.98548676e+02,
    4.51351135e+02, 2.20640717e+02, 4.55991547e+02, 2.42978241e+02,
    4.60513824e+02, 2.65420258e+02, 4.37821289e+02, 2.11911118e+02,
    4.42426239e+02, 2.34062469e+02, 4.47178680e+02, 2.56668762e+02,
    4.51552887e+02, 2.79019806e+02, 4.24305603e+02, 2.03207794e+02,
    4.28857574e+02, 2.25558197e+02, 4.33419373e+02, 2.47852753e+02,
    4.38102600e+02, 2.70281433e+02, 4.15221527e+02, 2.16718185e+02,
    4.19842865e+02, 2.39093323e+02, 4.24555542e+02, 2.61394806e+02,
    4.29134338e+02, 2.84144379e+02, 4.01524048e+02, 2.08136765e+02,
    4.06273285e+02, 2.30356384e+02, 4.10910492e+02, 2.52599243e+02,
    4.15396545e+02, 2.75050781e+02, 3.92539398e+02, 2.21636658e+02,
    3.96981720e+02, 2.43791855e+02, 4.01887421e+02, 2.66431732e+02,
    4.06458099e+02, 2.88798492e+02, 3.78789062e+02, 2.12921768e+02,
    3.83605286e+02, 2.35299881e+02, 3.88194824e+02, 2.57488678e+02,
    3.92993378e+02, 2.80153809e+02 ]
CalibrationFramePatternWorld: [ 0., 0., 0., 0., 7.00000003e-02, 0., 0.,
    1.40000001e-01, 0., 0., 2.10000008e-01, 0., 3.50000001e-02,
    3.50000001e-02, 0., 3.50000001e-02, 1.05000004e-01, 0.,
    3.50000001e-02, 1.74999997e-01, 0., 3.50000001e-02, 2.45000005e-01,
    0., 7.00000003e-02, 0., 0., 7.00000003e-02, 7.00000003e-02, 0.,
    7.00000003e-02, 1.40000001e-01, 0., 7.00000003e-02, 2.10000008e-01,
    0., 1.05000004e-01, 3.50000001e-02, 0., 1.05000004e-01,
    1.05000004e-01, 0., 1.05000004e-01, 1.74999997e-01, 0.,
    1.05000004e-01, 2.45000005e-01, 0., 1.40000001e-01, 0., 0.,
    1.40000001e-01, 7.00000003e-02, 0., 1.40000001e-01, 1.40000001e-01,
    0., 1.40000001e-01, 2.10000008e-01, 0., 1.74999997e-01,
    3.50000001e-02, 0., 1.74999997e-01, 1.05000004e-01, 0.,
    1.74999997e-01, 1.74999997e-01, 0., 1.74999997e-01, 2.45000005e-01,
    0., 2.10000008e-01, 0., 0., 2.10000008e-01, 7.00000003e-02, 0.,
    2.10000008e-01, 1.40000001e-01, 0., 2.10000008e-01, 2.10000008e-01,
    0., 2.45000005e-01, 3.50000001e-02, 0., 2.45000005e-01,
    1.05000004e-01, 0., 2.45000005e-01, 1.74999997e-01, 0.,
    2.45000005e-01, 2.45000005e-01, 0., 2.80000001e-01, 0., 0.,
    2.80000001e-01, 7.00000003e-02, 0., 2.80000001e-01, 1.40000001e-01,
    0., 2.80000001e-01, 2.10000008e-01, 0., 3.14999998e-01,
    3.50000001e-02, 0., 3.14999998e-01, 1.05000004e-01, 0.,
    3.14999998e-01, 1.74999997e-01, 0., 3.14999998e-01, 2.45000005e-01,
    0., 3.49999994e-01, 0., 0., 3.49999994e-01, 7.00000003e-02, 0.,
    3.49999994e-01, 1.40000001e-01, 0., 3.49999994e-01, 2.10000008e-01,
    0. ]
CalibrationFrameExtRotation: !!opencv-matrix
   rows: 3
   cols: 1
   dt: d
   data: [ 3.4800750076440878e-01, 3.1707888464184339e+00,
       2.1546201218542499e-01 ]
CalibrationFrameExtTranslation: !!opencv-matrix
   rows: 3
   cols: 1
   dt: d
   data: [ 5.2976315099077897e-01, -2.1782583310141440e-01,
       2.3837461617405022e+00 ]
CalibrationFrameRMSerror: 2.4624933302402496e-01
