%YAML:1.0
---
CalibrationFramePatternImage: [ 1.93059525e+02, 6.90264969e+01,
    2.00315521e+02, 8.92011719e+01, 2.07788177e+02, 1.09669228e+02,
    2.15386795e+02, 1.30292557e+02, 1.86287308e+02, 8.27646103e+01,
    1.93517014e+02, 1.03181664e+02, 2.01053329e+02, 1.23689720e+02,
    2.08781021e+02, 1.44583038e+02, 1.72149078e+02, 7.61238022e+01,
    1.79470306e+02, 9.66243591e+01, 1.86965637e+02, 1.17206062e+02,
    1.94461578e+02, 1.38028610e+02, 1.65367538e+02, 9.01566849e+01,
    1.72782333e+02, 1.10697182e+02, 1.80184219e+02, 1.31360245e+02,
    1.87748413e+02, 1.52255981e+02, 1.51161972e+02, 8.38421936e+01,
    1.58543930e+02, 1.04181526e+02, 1.66052719e+02, 1.24772507e+02,
    1.73579178e+02, 1.45718994e+02, 1.44292404e+02, 9.77745743e+01,
    1.51658112e+02, 1.18357750e+02, 1.59254349e+02, 1.39191818e+02,
    1.66807526e+02, 1.60099869e+02, 1.30246338e+02, 9.14561615e+01,
    1.37483643e+02, 1.12082176e+02, 1.44964630e+02, 1.32695526e+02,
    1.52605347e+02, 1.53481827e+02, 1.23319672e+02, 1.05659752e+02,
    1.30780594e+02, 1.26192635e+02, 1.38255096e+02, 1.47076843e+02,
    1.45866394e+02, 1.67982162e+02, 1.09155319e+02, 9.91965866e+01,
    1.16534424e+02, 1.19833794e+02, 1.23969452e+02, 1.40462967e+02,
    1.31518768e+02, 1.61394241e+02, 1.02348320e+02, 1.13406967e+02,
    1.09720894e+02, 1.33951263e+02, 1.17265945e+02, 1.54895813e+02,
    1.24809692e+02, 1.75865936e+02, 8.82658386e+01, 1.06972336e+02,
    9.55518799e+01, 1.27629570e+02, 1.03086952e+02, 1.48401337e+02,
    1.10530922e+02, 1.69354080e+02 ]
CalibrationFramePatternWorld: [ 0., 0., 0., 0., 7.00000003e-02, 0., 0.,
    1.40000001e-01, 0., 0., 2.10000008e-01, 0., 3.50000001e-02,
    3.50000001e-02, 0., 3.50000001e-02, 1.05000004e-01, 0.,
    3.50000001e-02, 1.74999997e-01, 0., 3.50000001e-02, 2.45000005e-01,
    0., 7.00000003e-02, 0., 0., 7.00000003e-02, 7.00000003e-02, 0.,
    7.00000003e-02, 1.40000001e-01, 0., 7.00000003e-02, 2.10000008e-01,
    0., 1.05000004e-01, 3.50000001e-02, 0., 1.05000004e-01,
    1.05000004e-01, 0., 1.05000004e-01, 1.74999997e-01, 0.,
    1.05000004e-01, 2.45000005e-01, 0., 1.40000001e-01, 0., 0.,
    1.40000001e-01, 7.00000003e-02, 0., 1.40000001e-01, 1.40000001e-01,
    0., 1.40000001e-01, 2.10000008e-01, 0., 1.74999997e-01,
    3.50000001e-02, 0., 1.74999997e-01, 1.05000004e-01, 0.,
    1.74999997e-01, 1.74999997e-01, 0., 1.74999997e-01, 2.45000005e-01,
    0., 2.10000008e-01, 0., 0., 2.10000008e-01, 7.00000003e-02, 0.,
    2.10000008e-01, 1.40000001e-01, 0., 2.10000008e-01, 2.10000008e-01,
    0., 2.45000005e-01, 3.50000001e-02, 0., 2.45000005e-01,
    1.05000004e-01, 0., 2.45000005e-01, 1.74999997e-01, 0.,
    2.45000005e-01, 2.45000005e-01, 0., 2.80000001e-01, 0., 0.,
    2.80000001e-01, 7.00000003e-02, 0., 2.80000001e-01, 1.40000001e-01,
    0., 2.80000001e-01, 2.10000008e-01, 0., 3.14999998e-01,
    3.50000001e-02, 0., 3.14999998e-01, 1.05000004e-01, 0.,
    3.14999998e-01, 1.74999997e-01, 0., 3.14999998e-01, 2.45000005e-01,
    0., 3.49999994e-01, 0., 0., 3.49999994e-01, 7.00000003e-02, 0.,
    3.49999994e-01, 1.40000001e-01, 0., 3.49999994e-01, 2.10000008e-01,
    0. ]
CalibrationFrameExtRotation: !!opencv-matrix
   rows: 3
   cols: 1
   dt: d
   data: [ 5.2667798445774028e-01, 2.8826269022521984e+00,
       1.6975283251922552e-01 ]
CalibrationFrameExtTranslation: !!opencv-matrix
   rows: 3
   cols: 1
   dt: d
   data: [ -3.8534937536267794e-01, -6.0513333946679837e-01,
       2.4564748843956865e+00 ]
CalibrationFrameRMSerror: 9.7242973744869232e-02
