%YAML:1.0
---
CalibrationFramePatternImage: [ 4.77962616e+02, 1.81655090e+02,
    4.74508148e+02, 2.04320007e+02, 4.70986267e+02, 2.27575851e+02,
    4.67393372e+02, 2.50976334e+02, 4.64731323e+02, 1.91438675e+02,
    4.61149536e+02, 2.14385071e+02, 4.57571045e+02, 2.37383194e+02,
    4.53689667e+02, 2.61073181e+02, 4.54660889e+02, 1.78549164e+02,
    4.51375549e+02, 2.01377991e+02, 4.47748444e+02, 2.24248886e+02,
    4.43947540e+02, 2.47574814e+02, 4.41369843e+02, 1.88447601e+02,
    4.37999268e+02, 2.11167419e+02, 4.34201202e+02, 2.34193237e+02,
    4.30356323e+02, 2.57389801e+02, 4.31449738e+02, 1.75787903e+02,
    4.28143524e+02, 1.98242676e+02, 4.24576752e+02, 2.21084259e+02,
    4.20641846e+02, 2.44117859e+02, 4.18437195e+02, 1.85594055e+02,
    4.14708160e+02, 2.08132660e+02, 4.11024750e+02, 2.31108871e+02,
    4.07144165e+02, 2.54067841e+02, 4.08667297e+02, 1.73025543e+02,
    4.05152496e+02, 1.95499481e+02, 4.01432922e+02, 2.17944504e+02,
    3.97317871e+02, 2.40857285e+02, 3.95494446e+02, 1.82843369e+02,
    3.91879364e+02, 2.05248703e+02, 3.88047699e+02, 2.27988846e+02,
    3.84092590e+02, 2.50663589e+02, 3.85730988e+02, 1.70376343e+02,
    3.82284241e+02, 1.92658249e+02, 3.78690826e+02, 2.14930054e+02,
    3.74721863e+02, 2.37543076e+02, 3.72679382e+02, 1.80169296e+02,
    3.69143616e+02, 2.02177292e+02, 3.65166046e+02, 2.24707413e+02,
    3.61146545e+02, 2.47191330e+02, 3.63159607e+02, 1.67812256e+02,
    3.59507019e+02, 1.89798584e+02, 3.55878418e+02, 2.12089020e+02,
    3.51774902e+02, 2.34317703e+02 ]
CalibrationFramePatternWorld: [ 0., 0., 0., 0., 7.00000003e-02, 0., 0.,
    1.40000001e-01, 0., 0., 2.10000008e-01, 0., 3.50000001e-02,
    3.50000001e-02, 0., 3.50000001e-02, 1.05000004e-01, 0.,
    3.50000001e-02, 1.74999997e-01, 0., 3.50000001e-02, 2.45000005e-01,
    0., 7.00000003e-02, 0., 0., 7.00000003e-02, 7.00000003e-02, 0.,
    7.00000003e-02, 1.40000001e-01, 0., 7.00000003e-02, 2.10000008e-01,
    0., 1.05000004e-01, 3.50000001e-02, 0., 1.05000004e-01,
    1.05000004e-01, 0., 1.05000004e-01, 1.74999997e-01, 0.,
    1.05000004e-01, 2.45000005e-01, 0., 1.40000001e-01, 0., 0.,
    1.40000001e-01, 7.00000003e-02, 0., 1.40000001e-01, 1.40000001e-01,
    0., 1.40000001e-01, 2.10000008e-01, 0., 1.74999997e-01,
    3.50000001e-02, 0., 1.74999997e-01, 1.05000004e-01, 0.,
    1.74999997e-01, 1.74999997e-01, 0., 1.74999997e-01, 2.45000005e-01,
    0., 2.10000008e-01, 0., 0., 2.10000008e-01, 7.00000003e-02, 0.,
    2.10000008e-01, 1.40000001e-01, 0., 2.10000008e-01, 2.10000008e-01,
    0., 2.45000005e-01, 3.50000001e-02, 0., 2.45000005e-01,
    1.05000004e-01, 0., 2.45000005e-01, 1.74999997e-01, 0.,
    2.45000005e-01, 2.45000005e-01, 0., 2.80000001e-01, 0., 0.,
    2.80000001e-01, 7.00000003e-02, 0., 2.80000001e-01, 1.40000001e-01,
    0., 2.80000001e-01, 2.10000008e-01, 0., 3.14999998e-01,
    3.50000001e-02, 0., 3.14999998e-01, 1.05000004e-01, 0.,
    3.14999998e-01, 1.74999997e-01, 0., 3.14999998e-01, 2.45000005e-01,
    0., 3.49999994e-01, 0., 0., 3.49999994e-01, 7.00000003e-02, 0.,
    3.49999994e-01, 1.40000001e-01, 0., 3.49999994e-01, 2.10000008e-01,
    0. ]
CalibrationFrameExtRotation: !!opencv-matrix
   rows: 3
   cols: 1
   dt: d
   data: [ 2.3444912014516767e-01, -2.8558031397820671e+00,
       1.9903218650799059e-01 ]
CalibrationFrameExtTranslation: !!opencv-matrix
   rows: 3
   cols: 1
   dt: d
   data: [ 4.7823024556944793e-01, -2.3354802017973897e-01,
       2.3345794042090069e+00 ]
CalibrationFrameRMSerror: 1.8935750424861908e-01
