%YAML:1.0
---
CalibrationFramePatternImage: [ 5.16446594e+02, 9.11065216e+01,
    5.06801575e+02, 1.09508873e+02, 4.97292267e+02, 1.28237778e+02,
    4.87931335e+02, 1.46831436e+02, 5.02194305e+02, 9.62325363e+01,
    4.92385895e+02, 1.14658485e+02, 4.83153046e+02, 1.33306320e+02,
    4.73736298e+02, 1.51903015e+02, 4.97266663e+02, 8.24223785e+01,
    4.87752960e+02, 1.01379410e+02, 4.78226074e+02, 1.19939011e+02,
    4.68783936e+02, 1.38641083e+02, 4.82794525e+02, 8.76545105e+01,
    4.73399170e+02, 1.06646362e+02, 4.63935242e+02, 1.25393219e+02,
    4.54494812e+02, 1.44040588e+02, 4.77616211e+02, 7.37107162e+01,
    4.68302673e+02, 9.29377060e+01, 4.58930023e+02, 1.12012802e+02,
    4.49484070e+02, 1.30835236e+02, 4.63113434e+02, 7.89739151e+01,
    4.53699738e+02, 9.82179565e+01, 4.44304230e+02, 1.17374695e+02,
    4.35094147e+02, 1.36271378e+02, 4.57752411e+02, 6.47114029e+01,
    4.48348022e+02, 8.44734955e+01, 4.39024048e+02, 1.03688942e+02,
    4.29741425e+02, 1.22750198e+02, 4.42955139e+02, 7.02524719e+01,
    4.33713196e+02, 8.96601944e+01, 4.24449646e+02, 1.08944443e+02,
    4.15129913e+02, 1.28352585e+02, 4.37490112e+02, 5.59638481e+01,
    4.28210663e+02, 7.57847595e+01, 4.18992493e+02, 9.50284805e+01,
    4.09612152e+02, 1.14404099e+02, 4.22679779e+02, 6.14020195e+01,
    4.13454132e+02, 8.10281296e+01, 4.04121887e+02, 1.00568909e+02,
    3.95242737e+02, 1.20115349e+02, 4.17122101e+02, 4.69675293e+01,
    4.07872772e+02, 6.69718933e+01, 3.98601868e+02, 8.65540314e+01,
    3.89619537e+02, 1.06409088e+02 ]
CalibrationFramePatternWorld: [ 0., 0., 0., 0., 7.00000003e-02, 0., 0.,
    1.40000001e-01, 0., 0., 2.10000008e-01, 0., 3.50000001e-02,
    3.50000001e-02, 0., 3.50000001e-02, 1.05000004e-01, 0.,
    3.50000001e-02, 1.74999997e-01, 0., 3.50000001e-02, 2.45000005e-01,
    0., 7.00000003e-02, 0., 0., 7.00000003e-02, 7.00000003e-02, 0.,
    7.00000003e-02, 1.40000001e-01, 0., 7.00000003e-02, 2.10000008e-01,
    0., 1.05000004e-01, 3.50000001e-02, 0., 1.05000004e-01,
    1.05000004e-01, 0., 1.05000004e-01, 1.74999997e-01, 0.,
    1.05000004e-01, 2.45000005e-01, 0., 1.40000001e-01, 0., 0.,
    1.40000001e-01, 7.00000003e-02, 0., 1.40000001e-01, 1.40000001e-01,
    0., 1.40000001e-01, 2.10000008e-01, 0., 1.74999997e-01,
    3.50000001e-02, 0., 1.74999997e-01, 1.05000004e-01, 0.,
    1.74999997e-01, 1.74999997e-01, 0., 1.74999997e-01, 2.45000005e-01,
    0., 2.10000008e-01, 0., 0., 2.10000008e-01, 7.00000003e-02, 0.,
    2.10000008e-01, 1.40000001e-01, 0., 2.10000008e-01, 2.10000008e-01,
    0., 2.45000005e-01, 3.50000001e-02, 0., 2.45000005e-01,
    1.05000004e-01, 0., 2.45000005e-01, 1.74999997e-01, 0.,
    2.45000005e-01, 2.45000005e-01, 0., 2.80000001e-01, 0., 0.,
    2.80000001e-01, 7.00000003e-02, 0., 2.80000001e-01, 1.40000001e-01,
    0., 2.80000001e-01, 2.10000008e-01, 0., 3.14999998e-01,
    3.50000001e-02, 0., 3.14999998e-01, 1.05000004e-01, 0.,
    3.14999998e-01, 1.74999997e-01, 0., 3.14999998e-01, 2.45000005e-01,
    0., 3.49999994e-01, 0., 0., 3.49999994e-01, 7.00000003e-02, 0.,
    3.49999994e-01, 1.40000001e-01, 0., 3.49999994e-01, 2.10000008e-01,
    0. ]
CalibrationFrameExtRotation: !!opencv-matrix
   rows: 3
   cols: 1
   dt: d
   data: [ -5.6767985278058530e-01, 2.9045841855033139e+00,
       7.4813217009857214e-01 ]
CalibrationFrameExtTranslation: !!opencv-matrix
   rows: 3
   cols: 1
   dt: d
   data: [ 6.3416710714907232e-01, -5.3885183054966601e-01,
       2.4443518638388282e+00 ]
CalibrationFrameRMSerror: 1.9906763732433319e-01
