%YAML:1.0
---
CalibrationFramePatternImage: [ 1.74033279e+02, 2.34984390e+02,
    1.75952713e+02, 2.56506622e+02, 1.77661469e+02, 2.78358765e+02,
    1.79302689e+02, 3.00596771e+02, 1.64674698e+02, 2.47428543e+02,
    1.66390244e+02, 2.69169464e+02, 1.68197647e+02, 2.91007782e+02,
    1.70032394e+02, 3.13389008e+02, 1.53475266e+02, 2.38427628e+02,
    1.55026855e+02, 2.59896484e+02, 1.56997833e+02, 2.81578369e+02,
    1.58664551e+02, 3.03681641e+02, 1.43987915e+02, 2.50879257e+02,
    1.45734238e+02, 2.72246399e+02, 1.47311996e+02, 2.94218231e+02,
    1.49051178e+02, 3.16226990e+02, 1.33119080e+02, 2.42167709e+02,
    1.34668701e+02, 2.63210480e+02, 1.36170242e+02, 2.84746002e+02,
    1.37799835e+02, 3.06606201e+02, 1.24143211e+02, 2.54333313e+02,
    1.25347321e+02, 2.75566010e+02, 1.27065300e+02, 2.97242706e+02,
    1.28405350e+02, 3.19075409e+02, 1.13713249e+02, 2.45705444e+02,
    1.14870193e+02, 2.66845795e+02, 1.16335663e+02, 2.88032318e+02,
    1.17793373e+02, 3.09470673e+02, 1.04526772e+02, 2.57957275e+02,
    1.05907669e+02, 2.78876068e+02, 1.07266563e+02, 3.00088593e+02,
    1.08506737e+02, 3.21854584e+02, 9.42867813e+01, 2.49223984e+02,
    9.56157227e+01, 2.70032410e+02, 9.68865967e+01, 2.90996277e+02,
    9.80336151e+01, 3.12360718e+02, 8.51449890e+01, 2.61258759e+02,
    8.65393448e+01, 2.81986328e+02, 8.77069855e+01, 3.03119141e+02,
    8.87240906e+01, 3.24234558e+02, 7.52144547e+01, 2.52534378e+02,
    7.62756348e+01, 2.73064880e+02, 7.75904465e+01, 2.93964966e+02,
    7.84591522e+01, 3.14989899e+02 ]
CalibrationFramePatternWorld: [ 0., 0., 0., 0., 7.00000003e-02, 0., 0.,
    1.40000001e-01, 0., 0., 2.10000008e-01, 0., 3.50000001e-02,
    3.50000001e-02, 0., 3.50000001e-02, 1.05000004e-01, 0.,
    3.50000001e-02, 1.74999997e-01, 0., 3.50000001e-02, 2.45000005e-01,
    0., 7.00000003e-02, 0., 0., 7.00000003e-02, 7.00000003e-02, 0.,
    7.00000003e-02, 1.40000001e-01, 0., 7.00000003e-02, 2.10000008e-01,
    0., 1.05000004e-01, 3.50000001e-02, 0., 1.05000004e-01,
    1.05000004e-01, 0., 1.05000004e-01, 1.74999997e-01, 0.,
    1.05000004e-01, 2.45000005e-01, 0., 1.40000001e-01, 0., 0.,
    1.40000001e-01, 7.00000003e-02, 0., 1.40000001e-01, 1.40000001e-01,
    0., 1.40000001e-01, 2.10000008e-01, 0., 1.74999997e-01,
    3.50000001e-02, 0., 1.74999997e-01, 1.05000004e-01, 0.,
    1.74999997e-01, 1.74999997e-01, 0., 1.74999997e-01, 2.45000005e-01,
    0., 2.10000008e-01, 0., 0., 2.10000008e-01, 7.00000003e-02, 0.,
    2.10000008e-01, 1.40000001e-01, 0., 2.10000008e-01, 2.10000008e-01,
    0., 2.45000005e-01, 3.50000001e-02, 0., 2.45000005e-01,
    1.05000004e-01, 0., 2.45000005e-01, 1.74999997e-01, 0.,
    2.45000005e-01, 2.45000005e-01, 0., 2.80000001e-01, 0., 0.,
    2.80000001e-01, 7.00000003e-02, 0., 2.80000001e-01, 1.40000001e-01,
    0., 2.80000001e-01, 2.10000008e-01, 0., 3.14999998e-01,
    3.50000001e-02, 0., 3.14999998e-01, 1.05000004e-01, 0.,
    3.14999998e-01, 1.74999997e-01, 0., 3.14999998e-01, 2.45000005e-01,
    0., 3.49999994e-01, 0., 0., 3.49999994e-01, 7.00000003e-02, 0.,
    3.49999994e-01, 1.40000001e-01, 0., 3.49999994e-01, 2.10000008e-01,
    0. ]
CalibrationFrameExtRotation: !!opencv-matrix
   rows: 3
   cols: 1
   dt: d
   data: [ -2.0250727478040081e-01, -2.9565508932866451e+00,
       3.0442331825709340e-01 ]
CalibrationFrameExtTranslation: !!opencv-matrix
   rows: 3
   cols: 1
   dt: d
   data: [ -4.4430748830563116e-01, -8.0105006964363276e-02,
       2.5030375799084732e+00 ]
CalibrationFrameRMSerror: 2.0404097437858582e-01
