%YAML:1.0
---
CalibrationFramePatternImage: [ 3.83814026e+02, 1.84568039e+02,
    3.85019440e+02, 2.06534973e+02, 3.86315399e+02, 2.28822189e+02,
    3.87804382e+02, 2.51274155e+02, 3.73392365e+02, 1.95197662e+02,
    3.74318451e+02, 2.17465897e+02, 3.75650543e+02, 2.39954102e+02,
    3.76736267e+02, 2.63050446e+02, 3.61628479e+02, 1.83881516e+02,
    3.62699677e+02, 2.06040802e+02, 3.63650360e+02, 2.28463669e+02,
    3.64751740e+02, 2.51415756e+02, 3.50769318e+02, 1.94738556e+02,
    3.51929596e+02, 2.17050583e+02, 3.52809509e+02, 2.39706131e+02,
    3.53726379e+02, 2.62951263e+02, 3.38791565e+02, 1.83634521e+02,
    3.40019592e+02, 2.05697754e+02, 3.41036285e+02, 2.28090164e+02,
    3.41738098e+02, 2.51121307e+02, 3.27889221e+02, 1.94507721e+02,
    3.28851410e+02, 2.16714188e+02, 3.29819916e+02, 2.39623444e+02,
    3.30630127e+02, 2.62744598e+02, 3.15980743e+02, 1.83256500e+02,
    3.16872253e+02, 2.05471909e+02, 3.17593323e+02, 2.28081741e+02,
    3.18480408e+02, 2.51171356e+02, 3.04875519e+02, 1.94338486e+02,
    3.05631561e+02, 2.16751450e+02, 3.06409119e+02, 2.39458984e+02,
    3.07052429e+02, 2.62857422e+02, 2.92853790e+02, 1.83050674e+02,
    2.93579407e+02, 2.05539871e+02, 2.94274170e+02, 2.27913101e+02,
    2.94957642e+02, 2.51055481e+02, 2.81594421e+02, 1.94029877e+02,
    2.82333740e+02, 2.16382370e+02, 2.82922913e+02, 2.39240402e+02,
    2.83479340e+02, 2.62395447e+02, 2.69737946e+02, 1.82710968e+02,
    2.70403992e+02, 2.04950012e+02, 2.70852112e+02, 2.27781845e+02,
    2.71458191e+02, 2.50682159e+02 ]
CalibrationFramePatternWorld: [ 0., 0., 0., 0., 7.00000003e-02, 0., 0.,
    1.40000001e-01, 0., 0., 2.10000008e-01, 0., 3.50000001e-02,
    3.50000001e-02, 0., 3.50000001e-02, 1.05000004e-01, 0.,
    3.50000001e-02, 1.74999997e-01, 0., 3.50000001e-02, 2.45000005e-01,
    0., 7.00000003e-02, 0., 0., 7.00000003e-02, 7.00000003e-02, 0.,
    7.00000003e-02, 1.40000001e-01, 0., 7.00000003e-02, 2.10000008e-01,
    0., 1.05000004e-01, 3.50000001e-02, 0., 1.05000004e-01,
    1.05000004e-01, 0., 1.05000004e-01, 1.74999997e-01, 0.,
    1.05000004e-01, 2.45000005e-01, 0., 1.40000001e-01, 0., 0.,
    1.40000001e-01, 7.00000003e-02, 0., 1.40000001e-01, 1.40000001e-01,
    0., 1.40000001e-01, 2.10000008e-01, 0., 1.74999997e-01,
    3.50000001e-02, 0., 1.74999997e-01, 1.05000004e-01, 0.,
    1.74999997e-01, 1.74999997e-01, 0., 1.74999997e-01, 2.45000005e-01,
    0., 2.10000008e-01, 0., 0., 2.10000008e-01, 7.00000003e-02, 0.,
    2.10000008e-01, 1.40000001e-01, 0., 2.10000008e-01, 2.10000008e-01,
    0., 2.45000005e-01, 3.50000001e-02, 0., 2.45000005e-01,
    1.05000004e-01, 0., 2.45000005e-01, 1.74999997e-01, 0.,
    2.45000005e-01, 2.45000005e-01, 0., 2.80000001e-01, 0., 0.,
    2.80000001e-01, 7.00000003e-02, 0., 2.80000001e-01, 1.40000001e-01,
    0., 2.80000001e-01, 2.10000008e-01, 0., 3.14999998e-01,
    3.50000001e-02, 0., 3.14999998e-01, 1.05000004e-01, 0.,
    3.14999998e-01, 1.74999997e-01, 0., 3.14999998e-01, 2.45000005e-01,
    0., 3.49999994e-01, 0., 0., 3.49999994e-01, 7.00000003e-02, 0.,
    3.49999994e-01, 1.40000001e-01, 0., 3.49999994e-01, 2.10000008e-01,
    0. ]
CalibrationFrameExtRotation: !!opencv-matrix
   rows: 3
   cols: 1
   dt: d
   data: [ 2.4812190608535144e-02, 2.9587067267636731e+00,
       -3.0479335626071746e-01 ]
CalibrationFrameExtTranslation: !!opencv-matrix
   rows: 3
   cols: 1
   dt: d
   data: [ 2.0826273460553577e-01, -2.3301789324583438e-01,
       2.4509393114774944e+00 ]
CalibrationFrameRMSerror: 1.7775872349739075e-01
