%YAML:1.0
---
CalibrationFramePatternImage: [ 5.12470032e+02, 1.00237457e+02,
    5.09524109e+02, 1.20854080e+02, 5.06388031e+02, 1.41851883e+02,
    5.03176056e+02, 1.63355865e+02, 5.00111511e+02, 1.08571564e+02,
    4.96883942e+02, 1.29422638e+02, 4.93611389e+02, 1.50747543e+02,
    4.90197937e+02, 1.72363129e+02, 4.90505676e+02, 9.63049316e+01,
    4.87576111e+02, 1.16981873e+02, 4.84337891e+02, 1.37925308e+02,
    4.80823761e+02, 1.59705246e+02, 4.78090485e+02, 1.04659370e+02,
    4.75001892e+02, 1.25422997e+02, 4.71409271e+02, 1.46741425e+02,
    4.67891846e+02, 1.68526764e+02, 4.68555695e+02, 9.28507614e+01,
    4.65553223e+02, 1.13224091e+02, 4.62257324e+02, 1.34197433e+02,
    4.58610229e+02, 1.55628174e+02, 4.56117615e+02, 1.01258629e+02,
    4.52843811e+02, 1.21711296e+02, 4.49266449e+02, 1.43036118e+02,
    4.45524078e+02, 1.64561584e+02, 4.46780151e+02, 8.94423676e+01,
    4.43439911e+02, 1.09633461e+02, 4.39821777e+02, 1.30586121e+02,
    4.36306030e+02, 1.51893570e+02, 4.34054413e+02, 9.78264694e+01,
    4.30651947e+02, 1.18347427e+02, 4.27070404e+02, 1.39309769e+02,
    4.23312653e+02, 1.61025940e+02, 4.24697571e+02, 8.61108017e+01,
    4.21457428e+02, 1.06272484e+02, 4.17878967e+02, 1.27069290e+02,
    4.13928009e+02, 1.48197906e+02, 4.12139496e+02, 9.44428253e+01,
    4.08636261e+02, 1.14790009e+02, 4.04886871e+02, 1.35834732e+02,
    4.00903168e+02, 1.56988220e+02, 4.02920380e+02, 8.29836578e+01,
    3.99435913e+02, 1.03011314e+02, 3.95691132e+02, 1.23618927e+02,
    3.91778107e+02, 1.44525726e+02 ]
CalibrationFramePatternWorld: [ 0., 0., 0., 0., 7.00000003e-02, 0., 0.,
    1.40000001e-01, 0., 0., 2.10000008e-01, 0., 3.50000001e-02,
    3.50000001e-02, 0., 3.50000001e-02, 1.05000004e-01, 0.,
    3.50000001e-02, 1.74999997e-01, 0., 3.50000001e-02, 2.45000005e-01,
    0., 7.00000003e-02, 0., 0., 7.00000003e-02, 7.00000003e-02, 0.,
    7.00000003e-02, 1.40000001e-01, 0., 7.00000003e-02, 2.10000008e-01,
    0., 1.05000004e-01, 3.50000001e-02, 0., 1.05000004e-01,
    1.05000004e-01, 0., 1.05000004e-01, 1.74999997e-01, 0.,
    1.05000004e-01, 2.45000005e-01, 0., 1.40000001e-01, 0., 0.,
    1.40000001e-01, 7.00000003e-02, 0., 1.40000001e-01, 1.40000001e-01,
    0., 1.40000001e-01, 2.10000008e-01, 0., 1.74999997e-01,
    3.50000001e-02, 0., 1.74999997e-01, 1.05000004e-01, 0.,
    1.74999997e-01, 1.74999997e-01, 0., 1.74999997e-01, 2.45000005e-01,
    0., 2.10000008e-01, 0., 0., 2.10000008e-01, 7.00000003e-02, 0.,
    2.10000008e-01, 1.40000001e-01, 0., 2.10000008e-01, 2.10000008e-01,
    0., 2.45000005e-01, 3.50000001e-02, 0., 2.45000005e-01,
    1.05000004e-01, 0., 2.45000005e-01, 1.74999997e-01, 0.,
    2.45000005e-01, 2.45000005e-01, 0., 2.80000001e-01, 0., 0.,
    2.80000001e-01, 7.00000003e-02, 0., 2.80000001e-01, 1.40000001e-01,
    0., 2.80000001e-01, 2.10000008e-01, 0., 3.14999998e-01,
    3.50000001e-02, 0., 3.14999998e-01, 1.05000004e-01, 0.,
    3.14999998e-01, 1.74999997e-01, 0., 3.14999998e-01, 2.45000005e-01,
    0., 3.49999994e-01, 0., 0., 3.49999994e-01, 7.00000003e-02, 0.,
    3.49999994e-01, 1.40000001e-01, 0., 3.49999994e-01, 2.10000008e-01,
    0. ]
CalibrationFrameExtRotation: !!opencv-matrix
   rows: 3
   cols: 1
   dt: d
   data: [ 2.7759814508452041e-01, -2.9504771902659863e+00,
       1.6931659283531592e-01 ]
CalibrationFrameExtTranslation: !!opencv-matrix
   rows: 3
   cols: 1
   dt: d
   data: [ 6.1544207232184089e-01, -5.0446001585268230e-01,
       2.4279852979918140e+00 ]
CalibrationFrameRMSerror: 1.7159438133239746e-01
