%YAML:1.0
---
CalibrationFramePatternImage: [ 3.77681854e+02, 3.17069183e+02,
    3.75893250e+02, 3.39039764e+02, 3.73712982e+02, 3.61378723e+02,
    3.71589386e+02, 3.83527161e+02, 3.65619690e+02, 3.26390442e+02,
    3.63760529e+02, 3.48188782e+02, 3.61951935e+02, 3.69930817e+02,
    3.59980316e+02, 3.92214478e+02, 3.55131714e+02, 3.13283600e+02,
    3.53537628e+02, 3.35701050e+02, 3.51914856e+02, 3.57352203e+02,
    3.50199066e+02, 3.78951904e+02, 3.43188263e+02, 3.22869720e+02,
    3.41857056e+02, 3.44701599e+02, 3.40119324e+02, 3.66368958e+02,
    3.38319977e+02, 3.87574127e+02, 3.33133728e+02, 3.09897217e+02,
    3.31640594e+02, 3.32042145e+02, 3.30102600e+02, 3.53793701e+02,
    3.28569702e+02, 3.75264496e+02, 3.21683136e+02, 3.19138611e+02,
    3.20092560e+02, 3.40975891e+02, 3.18762604e+02, 3.62527405e+02,
    3.17294067e+02, 3.83565979e+02, 3.11767151e+02, 3.06271637e+02,
    3.10184418e+02, 3.28530212e+02, 3.08828979e+02, 3.49879059e+02,
    3.07736816e+02, 3.70919952e+02, 3.00330872e+02, 3.15706573e+02,
    2.99223877e+02, 3.37245514e+02, 2.98180603e+02, 3.58454041e+02,
    2.96613586e+02, 3.79581787e+02, 2.90581879e+02, 3.02925018e+02,
    2.89227570e+02, 3.24941040e+02, 2.88453430e+02, 3.45899567e+02,
    2.87239319e+02, 3.66948303e+02, 2.79469849e+02, 3.12251007e+02,
    2.78695618e+02, 3.33516205e+02, 2.77666840e+02, 3.54734222e+02,
    2.76250031e+02, 3.75385529e+02, 2.70011536e+02, 2.99601898e+02,
    2.68769196e+02, 3.21232819e+02, 2.68100494e+02, 3.42244476e+02,
    2.66806335e+02, 3.63196106e+02 ]
CalibrationFramePatternWorld: [ 0., 0., 0., 0., 7.00000003e-02, 0., 0.,
    1.40000001e-01, 0., 0., 2.10000008e-01, 0., 3.50000001e-02,
    3.50000001e-02, 0., 3.50000001e-02, 1.05000004e-01, 0.,
    3.50000001e-02, 1.74999997e-01, 0., 3.50000001e-02, 2.45000005e-01,
    0., 7.00000003e-02, 0., 0., 7.00000003e-02, 7.00000003e-02, 0.,
    7.00000003e-02, 1.40000001e-01, 0., 7.00000003e-02, 2.10000008e-01,
    0., 1.05000004e-01, 3.50000001e-02, 0., 1.05000004e-01,
    1.05000004e-01, 0., 1.05000004e-01, 1.74999997e-01, 0.,
    1.05000004e-01, 2.45000005e-01, 0., 1.40000001e-01, 0., 0.,
    1.40000001e-01, 7.00000003e-02, 0., 1.40000001e-01, 1.40000001e-01,
    0., 1.40000001e-01, 2.10000008e-01, 0., 1.74999997e-01,
    3.50000001e-02, 0., 1.74999997e-01, 1.05000004e-01, 0.,
    1.74999997e-01, 1.74999997e-01, 0., 1.74999997e-01, 2.45000005e-01,
    0., 2.10000008e-01, 0., 0., 2.10000008e-01, 7.00000003e-02, 0.,
    2.10000008e-01, 1.40000001e-01, 0., 2.10000008e-01, 2.10000008e-01,
    0., 2.45000005e-01, 3.50000001e-02, 0., 2.45000005e-01,
    1.05000004e-01, 0., 2.45000005e-01, 1.74999997e-01, 0.,
    2.45000005e-01, 2.45000005e-01, 0., 2.80000001e-01, 0., 0.,
    2.80000001e-01, 7.00000003e-02, 0., 2.80000001e-01, 1.40000001e-01,
    0., 2.80000001e-01, 2.10000008e-01, 0., 3.14999998e-01,
    3.50000001e-02, 0., 3.14999998e-01, 1.05000004e-01, 0.,
    3.14999998e-01, 1.74999997e-01, 0., 3.14999998e-01, 2.45000005e-01,
    0., 3.49999994e-01, 0., 0., 3.49999994e-01, 7.00000003e-02, 0.,
    3.49999994e-01, 1.40000001e-01, 0., 3.49999994e-01, 2.10000008e-01,
    0. ]
CalibrationFrameExtRotation: !!opencv-matrix
   rows: 3
   cols: 1
   dt: d
   data: [ 1.3853878889188004e-01, -2.7580788031175429e+00,
       -2.6809529228194245e-01 ]
CalibrationFrameExtTranslation: !!opencv-matrix
   rows: 3
   cols: 1
   dt: d
   data: [ 1.8292798289560133e-01, 1.6787061896281108e-01,
       2.3785391036624310e+00 ]
CalibrationFrameRMSerror: 2.2736424207687378e-01
