%YAML:1.0
---
CalibrationFramePatternImage: [ 1.82196960e+02, 1.42383621e+02,
    1.90117813e+02, 1.62780594e+02, 1.98220032e+02, 1.83262283e+02,
    2.06312378e+02, 2.03757996e+02, 1.75755386e+02, 1.56662201e+02,
    1.83686600e+02, 1.77019501e+02, 1.91906967e+02, 1.97470886e+02,
    2.00085892e+02, 2.17981659e+02, 1.61283432e+02, 1.50514603e+02,
    1.69417358e+02, 1.71040497e+02, 1.77520538e+02, 1.91317963e+02,
    1.85654678e+02, 2.11850174e+02, 1.55007019e+02, 1.65043182e+02,
    1.63133286e+02, 1.85351990e+02, 1.71225601e+02, 2.05698471e+02,
    1.79430908e+02, 2.26106689e+02, 1.40519928e+02, 1.59009583e+02,
    1.48724915e+02, 1.79355286e+02, 1.56902588e+02, 1.99711533e+02,
    1.65104797e+02, 2.20098251e+02, 1.34353012e+02, 1.73087280e+02,
    1.42465698e+02, 1.93553802e+02, 1.50722778e+02, 2.13933456e+02,
    1.59031174e+02, 2.34098129e+02, 1.20050751e+02, 1.67113800e+02,
    1.28193588e+02, 1.87554016e+02, 1.36317276e+02, 2.07785599e+02,
    1.44686142e+02, 2.28061142e+02, 1.13907555e+02, 1.81377151e+02,
    1.22128242e+02, 2.01642609e+02, 1.30474854e+02, 2.21925842e+02,
    1.38771240e+02, 2.42400513e+02, 9.96146240e+01, 1.75481232e+02,
    1.07909149e+02, 1.95736008e+02, 1.16111252e+02, 2.15871124e+02,
    1.24482872e+02, 2.36160095e+02, 9.35893326e+01, 1.89774246e+02,
    1.01800705e+02, 2.09827408e+02, 1.10228554e+02, 2.30177139e+02,
    1.18531509e+02, 2.50333252e+02, 7.94510651e+01, 1.83822922e+02,
    8.77232132e+01, 2.04007706e+02, 9.60164261e+01, 2.24137497e+02,
    1.04266891e+02, 2.44340698e+02 ]
CalibrationFramePatternWorld: [ 0., 0., 0., 0., 7.00000003e-02, 0., 0.,
    1.40000001e-01, 0., 0., 2.10000008e-01, 0., 3.50000001e-02,
    3.50000001e-02, 0., 3.50000001e-02, 1.05000004e-01, 0.,
    3.50000001e-02, 1.74999997e-01, 0., 3.50000001e-02, 2.45000005e-01,
    0., 7.00000003e-02, 0., 0., 7.00000003e-02, 7.00000003e-02, 0.,
    7.00000003e-02, 1.40000001e-01, 0., 7.00000003e-02, 2.10000008e-01,
    0., 1.05000004e-01, 3.50000001e-02, 0., 1.05000004e-01,
    1.05000004e-01, 0., 1.05000004e-01, 1.74999997e-01, 0.,
    1.05000004e-01, 2.45000005e-01, 0., 1.40000001e-01, 0., 0.,
    1.40000001e-01, 7.00000003e-02, 0., 1.40000001e-01, 1.40000001e-01,
    0., 1.40000001e-01, 2.10000008e-01, 0., 1.74999997e-01,
    3.50000001e-02, 0., 1.74999997e-01, 1.05000004e-01, 0.,
    1.74999997e-01, 1.74999997e-01, 0., 1.74999997e-01, 2.45000005e-01,
    0., 2.10000008e-01, 0., 0., 2.10000008e-01, 7.00000003e-02, 0.,
    2.10000008e-01, 1.40000001e-01, 0., 2.10000008e-01, 2.10000008e-01,
    0., 2.45000005e-01, 3.50000001e-02, 0., 2.45000005e-01,
    1.05000004e-01, 0., 2.45000005e-01, 1.74999997e-01, 0.,
    2.45000005e-01, 2.45000005e-01, 0., 2.80000001e-01, 0., 0.,
    2.80000001e-01, 7.00000003e-02, 0., 2.80000001e-01, 1.40000001e-01,
    0., 2.80000001e-01, 2.10000008e-01, 0., 3.14999998e-01,
    3.50000001e-02, 0., 3.14999998e-01, 1.05000004e-01, 0.,
    3.14999998e-01, 1.74999997e-01, 0., 3.14999998e-01, 2.45000005e-01,
    0., 3.49999994e-01, 0., 0., 3.49999994e-01, 7.00000003e-02, 0.,
    3.49999994e-01, 1.40000001e-01, 0., 3.49999994e-01, 2.10000008e-01,
    0. ]
CalibrationFrameExtRotation: !!opencv-matrix
   rows: 3
   cols: 1
   dt: d
   data: [ -5.8528424983103766e-01, -3.1723043671877997e+00,
       -3.8909561191454112e-01 ]
CalibrationFrameExtTranslation: !!opencv-matrix
   rows: 3
   cols: 1
   dt: d
   data: [ -4.1528189581547231e-01, -3.6959604634207199e-01,
       2.4615390590111454e+00 ]
CalibrationFrameRMSerror: 1.2224179506301880e-01
