%YAML:1.0
---
CalibrationFramePatternImage: [ 2.29843506e+02, 2.36543579e+02,
    2.34964279e+02, 2.57990082e+02, 2.40303635e+02, 2.80016052e+02,
    2.45777161e+02, 3.01761993e+02, 2.21566727e+02, 2.50010223e+02,
    2.26708710e+02, 2.71688843e+02, 2.32223709e+02, 2.93503693e+02,
    2.37764084e+02, 3.15369751e+02, 2.07958694e+02, 2.41795029e+02,
    2.13378769e+02, 2.63773590e+02, 2.18614349e+02, 2.85419830e+02,
    2.24119888e+02, 3.07239716e+02, 1.99609238e+02, 2.55527267e+02,
    2.05098679e+02, 2.77398651e+02, 2.10554459e+02, 2.99178253e+02,
    2.15957886e+02, 3.20783325e+02, 1.85921799e+02, 2.47378738e+02,
    1.91534576e+02, 2.69211151e+02, 1.96890305e+02, 2.91066315e+02,
    2.02540802e+02, 3.12773804e+02, 1.77836929e+02, 2.60951599e+02,
    1.83303345e+02, 2.82853516e+02, 1.88828934e+02, 3.04763245e+02,
    1.94434479e+02, 3.26290802e+02, 1.64195480e+02, 2.52768097e+02,
    1.69588654e+02, 2.74844788e+02, 1.75210617e+02, 2.96539185e+02,
    1.80884201e+02, 3.18203217e+02, 1.55943008e+02, 2.66498230e+02,
    1.61552155e+02, 2.88418396e+02, 1.67152161e+02, 3.10186188e+02,
    1.72895798e+02, 3.31916382e+02, 1.42208130e+02, 2.58339600e+02,
    1.47925552e+02, 2.80319519e+02, 1.53601913e+02, 3.01908295e+02,
    1.59234665e+02, 3.23673309e+02, 1.34168030e+02, 2.72007172e+02,
    1.39793839e+02, 2.93849731e+02, 1.45620682e+02, 3.15733032e+02,
    1.51423599e+02, 3.37313293e+02, 1.20608513e+02, 2.63860443e+02,
    1.26225159e+02, 2.85737305e+02, 1.31991348e+02, 3.07629456e+02,
    1.37762787e+02, 3.29344757e+02 ]
CalibrationFramePatternWorld: [ 0., 0., 0., 0., 7.00000003e-02, 0., 0.,
    1.40000001e-01, 0., 0., 2.10000008e-01, 0., 3.50000001e-02,
    3.50000001e-02, 0., 3.50000001e-02, 1.05000004e-01, 0.,
    3.50000001e-02, 1.74999997e-01, 0., 3.50000001e-02, 2.45000005e-01,
    0., 7.00000003e-02, 0., 0., 7.00000003e-02, 7.00000003e-02, 0.,
    7.00000003e-02, 1.40000001e-01, 0., 7.00000003e-02, 2.10000008e-01,
    0., 1.05000004e-01, 3.50000001e-02, 0., 1.05000004e-01,
    1.05000004e-01, 0., 1.05000004e-01, 1.74999997e-01, 0.,
    1.05000004e-01, 2.45000005e-01, 0., 1.40000001e-01, 0., 0.,
    1.40000001e-01, 7.00000003e-02, 0., 1.40000001e-01, 1.40000001e-01,
    0., 1.40000001e-01, 2.10000008e-01, 0., 1.74999997e-01,
    3.50000001e-02, 0., 1.74999997e-01, 1.05000004e-01, 0.,
    1.74999997e-01, 1.74999997e-01, 0., 1.74999997e-01, 2.45000005e-01,
    0., 2.10000008e-01, 0., 0., 2.10000008e-01, 7.00000003e-02, 0.,
    2.10000008e-01, 1.40000001e-01, 0., 2.10000008e-01, 2.10000008e-01,
    0., 2.45000005e-01, 3.50000001e-02, 0., 2.45000005e-01,
    1.05000004e-01, 0., 2.45000005e-01, 1.74999997e-01, 0.,
    2.45000005e-01, 2.45000005e-01, 0., 2.80000001e-01, 0., 0.,
    2.80000001e-01, 7.00000003e-02, 0., 2.80000001e-01, 1.40000001e-01,
    0., 2.80000001e-01, 2.10000008e-01, 0., 3.14999998e-01,
    3.50000001e-02, 0., 3.14999998e-01, 1.05000004e-01, 0.,
    3.14999998e-01, 1.74999997e-01, 0., 3.14999998e-01, 2.45000005e-01,
    0., 3.49999994e-01, 0., 0., 3.49999994e-01, 7.00000003e-02, 0.,
    3.49999994e-01, 1.40000001e-01, 0., 3.49999994e-01, 2.10000008e-01,
    0. ]
CalibrationFrameExtRotation: !!opencv-matrix
   rows: 3
   cols: 1
   dt: d
   data: [ 3.6347337970978111e-01, 2.9673957415176413e+00,
       7.3016841644344757e-02 ]
CalibrationFrameExtTranslation: !!opencv-matrix
   rows: 3
   cols: 1
   dt: d
   data: [ -2.6696636975812033e-01, -7.4723527617609461e-02,
       2.4916618759185081e+00 ]
CalibrationFrameRMSerror: 1.5183340013027191e-01
