%YAML:1.0
---
CalibrationFramePatternImage: [ 3.29964508e+02, 1.33513977e+02,
    3.17647644e+02, 1.51053436e+02, 3.05270477e+02, 1.68821548e+02,
    2.92798035e+02, 1.87047394e+02, 3.14521790e+02, 1.35878403e+02,
    3.02017151e+02, 1.53703918e+02, 2.89487671e+02, 1.71523636e+02,
    2.76610229e+02, 1.90033646e+02, 3.11331970e+02, 1.20766357e+02,
    2.98914490e+02, 1.38356049e+02, 2.86390900e+02, 1.56150223e+02,
    2.73575134e+02, 1.74306183e+02, 2.95738617e+02, 1.23218025e+02,
    2.83273590e+02, 1.40835342e+02, 2.70636627e+02, 1.58789734e+02,
    2.57690918e+02, 1.77065826e+02, 2.92614441e+02, 1.08410835e+02,
    2.80274017e+02, 1.25684608e+02, 2.67593140e+02, 1.43490738e+02,
    2.54731689e+02, 1.61512299e+02, 2.77235718e+02, 1.10837318e+02,
    2.64494659e+02, 1.28174988e+02, 2.51785522e+02, 1.46251801e+02,
    2.38816086e+02, 1.64408417e+02, 2.74010620e+02, 9.61093292e+01,
    2.61417816e+02, 1.13419418e+02, 2.48706589e+02, 1.31011978e+02,
    2.35920197e+02, 1.48997650e+02, 2.58460754e+02, 9.85981216e+01,
    2.45756775e+02, 1.16104294e+02, 2.33058899e+02, 1.33759781e+02,
    2.19978531e+02, 1.51997787e+02, 2.55454834e+02, 8.39456329e+01,
    2.42713089e+02, 1.01188576e+02, 2.30087738e+02, 1.18748688e+02,
    2.17066544e+02, 1.36562607e+02, 2.39974396e+02, 8.64888611e+01,
    2.27270721e+02, 1.03769096e+02, 2.14242233e+02, 1.21532341e+02,
    2.01332764e+02, 1.39002808e+02, 2.37307968e+02, 7.19897690e+01,
    2.24414597e+02, 8.88798981e+01, 2.11485779e+02, 1.06491104e+02,
    1.98510086e+02, 1.23944351e+02 ]
CalibrationFramePatternWorld: [ 0., 0., 0., 0., 7.00000003e-02, 0., 0.,
    1.40000001e-01, 0., 0., 2.10000008e-01, 0., 3.50000001e-02,
    3.50000001e-02, 0., 3.50000001e-02, 1.05000004e-01, 0.,
    3.50000001e-02, 1.74999997e-01, 0., 3.50000001e-02, 2.45000005e-01,
    0., 7.00000003e-02, 0., 0., 7.00000003e-02, 7.00000003e-02, 0.,
    7.00000003e-02, 1.40000001e-01, 0., 7.00000003e-02, 2.10000008e-01,
    0., 1.05000004e-01, 3.50000001e-02, 0., 1.05000004e-01,
    1.05000004e-01, 0., 1.05000004e-01, 1.74999997e-01, 0.,
    1.05000004e-01, 2.45000005e-01, 0., 1.40000001e-01, 0., 0.,
    1.40000001e-01, 7.00000003e-02, 0., 1.40000001e-01, 1.40000001e-01,
    0., 1.40000001e-01, 2.10000008e-01, 0., 1.74999997e-01,
    3.50000001e-02, 0., 1.74999997e-01, 1.05000004e-01, 0.,
    1.74999997e-01, 1.74999997e-01, 0., 1.74999997e-01, 2.45000005e-01,
    0., 2.10000008e-01, 0., 0., 2.10000008e-01, 7.00000003e-02, 0.,
    2.10000008e-01, 1.40000001e-01, 0., 2.10000008e-01, 2.10000008e-01,
    0., 2.45000005e-01, 3.50000001e-02, 0., 2.45000005e-01,
    1.05000004e-01, 0., 2.45000005e-01, 1.74999997e-01, 0.,
    2.45000005e-01, 2.45000005e-01, 0., 2.80000001e-01, 0., 0.,
    2.80000001e-01, 7.00000003e-02, 0., 2.80000001e-01, 1.40000001e-01,
    0., 2.80000001e-01, 2.10000008e-01, 0., 3.14999998e-01,
    3.50000001e-02, 0., 3.14999998e-01, 1.05000004e-01, 0.,
    3.14999998e-01, 1.74999997e-01, 0., 3.14999998e-01, 2.45000005e-01,
    0., 3.49999994e-01, 0., 0., 3.49999994e-01, 7.00000003e-02, 0.,
    3.49999994e-01, 1.40000001e-01, 0., 3.49999994e-01, 2.10000008e-01,
    0. ]
CalibrationFrameExtRotation: !!opencv-matrix
   rows: 3
   cols: 1
   dt: d
   data: [ 9.4161223579861697e-01, -3.1030831703985178e+00,
       2.3447729213409552e-01 ]
CalibrationFrameExtTranslation: !!opencv-matrix
   rows: 3
   cols: 1
   dt: d
   data: [ 4.4061795870581719e-02, -3.9702749897874257e-01,
       2.4817109817441851e+00 ]
CalibrationFrameRMSerror: 1.3431671261787415e-01
