%YAML:1.0
---
CalibrationFramePatternImage: [ 4.31790497e+02, 2.72656433e+02,
    4.24364594e+02, 2.93857666e+02, 4.17140106e+02, 3.15258881e+02,
    4.10021057e+02, 3.37055786e+02, 4.17601471e+02, 2.79601135e+02,
    4.10023560e+02, 3.00858521e+02, 4.02817322e+02, 3.22280609e+02,
    3.95432281e+02, 3.44061981e+02, 4.10529877e+02, 2.64931366e+02,
    4.03160278e+02, 2.86501892e+02, 3.95877075e+02, 3.07863342e+02,
    3.88400818e+02, 3.29572449e+02, 3.96090210e+02, 2.71963684e+02,
    3.88943878e+02, 2.93430603e+02, 3.81466705e+02, 3.14993683e+02,
    3.73945007e+02, 3.36659607e+02, 3.88903839e+02, 2.57185059e+02,
    3.81740051e+02, 2.78977661e+02, 3.74444214e+02, 3.00612610e+02,
    3.66960602e+02, 3.22188110e+02, 3.74723785e+02, 2.64243713e+02,
    3.67239105e+02, 2.85898438e+02, 3.59901123e+02, 3.07673004e+02,
    3.52487366e+02, 3.29323181e+02, 3.67567139e+02, 2.49694519e+02,
    3.60048248e+02, 2.71287598e+02, 3.52648224e+02, 2.92927765e+02,
    3.45422882e+02, 3.14757141e+02, 3.52977325e+02, 2.56637146e+02,
    3.45517944e+02, 2.78203735e+02, 3.38087646e+02, 2.99928131e+02,
    3.30794098e+02, 3.21912079e+02, 3.45724060e+02, 2.41971970e+02,
    3.38263123e+02, 2.63598022e+02, 3.30955811e+02, 2.85296661e+02,
    3.23510895e+02, 3.07027313e+02, 3.31177948e+02, 2.48869339e+02,
    3.23814362e+02, 2.70414795e+02, 3.16281708e+02, 2.92379456e+02,
    3.09045197e+02, 3.14173676e+02, 3.24140594e+02, 2.34237946e+02,
    3.16603119e+02, 2.55758896e+02, 3.09175110e+02, 2.77688812e+02,
    3.01843567e+02, 2.99528351e+02 ]
CalibrationFramePatternWorld: [ 0., 0., 0., 0., 7.00000003e-02, 0., 0.,
    1.40000001e-01, 0., 0., 2.10000008e-01, 0., 3.50000001e-02,
    3.50000001e-02, 0., 3.50000001e-02, 1.05000004e-01, 0.,
    3.50000001e-02, 1.74999997e-01, 0., 3.50000001e-02, 2.45000005e-01,
    0., 7.00000003e-02, 0., 0., 7.00000003e-02, 7.00000003e-02, 0.,
    7.00000003e-02, 1.40000001e-01, 0., 7.00000003e-02, 2.10000008e-01,
    0., 1.05000004e-01, 3.50000001e-02, 0., 1.05000004e-01,
    1.05000004e-01, 0., 1.05000004e-01, 1.74999997e-01, 0.,
    1.05000004e-01, 2.45000005e-01, 0., 1.40000001e-01, 0., 0.,
    1.40000001e-01, 7.00000003e-02, 0., 1.40000001e-01, 1.40000001e-01,
    0., 1.40000001e-01, 2.10000008e-01, 0., 1.74999997e-01,
    3.50000001e-02, 0., 1.74999997e-01, 1.05000004e-01, 0.,
    1.74999997e-01, 1.74999997e-01, 0., 1.74999997e-01, 2.45000005e-01,
    0., 2.10000008e-01, 0., 0., 2.10000008e-01, 7.00000003e-02, 0.,
    2.10000008e-01, 1.40000001e-01, 0., 2.10000008e-01, 2.10000008e-01,
    0., 2.45000005e-01, 3.50000001e-02, 0., 2.45000005e-01,
    1.05000004e-01, 0., 2.45000005e-01, 1.74999997e-01, 0.,
    2.45000005e-01, 2.45000005e-01, 0., 2.80000001e-01, 0., 0.,
    2.80000001e-01, 7.00000003e-02, 0., 2.80000001e-01, 1.40000001e-01,
    0., 2.80000001e-01, 2.10000008e-01, 0., 3.14999998e-01,
    3.50000001e-02, 0., 3.14999998e-01, 1.05000004e-01, 0.,
    3.14999998e-01, 1.74999997e-01, 0., 3.14999998e-01, 2.45000005e-01,
    0., 3.49999994e-01, 0., 0., 3.49999994e-01, 7.00000003e-02, 0.,
    3.49999994e-01, 1.40000001e-01, 0., 3.49999994e-01, 2.10000008e-01,
    0. ]
CalibrationFrameExtRotation: !!opencv-matrix
   rows: 3
   cols: 1
   dt: d
   data: [ -5.1652284418025363e-01, 3.0385143284117677e+00,
       -1.3754118081615438e-01 ]
CalibrationFrameExtTranslation: !!opencv-matrix
   rows: 3
   cols: 1
   dt: d
   data: [ 3.5585438913820405e-01, 3.6903056769598888e-02,
       2.4607344515447793e+00 ]
CalibrationFrameRMSerror: 1.7834876477718353e-01
