%YAML:1.0
---
CalibrationFramePatternImage: [ 1.79796295e+02, 1.32054764e+02,
    1.74962143e+02, 1.52435593e+02, 1.69977432e+02, 1.72870239e+02,
    1.65311005e+02, 1.93337158e+02, 1.66546463e+02, 1.39583572e+02,
    1.61787003e+02, 1.59921539e+02, 1.57187408e+02, 1.80206467e+02,
    1.52629654e+02, 2.00498795e+02, 1.58254486e+02, 1.26511978e+02,
    1.53388000e+02, 1.47240051e+02, 1.48865631e+02, 1.67500931e+02,
    1.44326218e+02, 1.87744492e+02, 1.45169617e+02, 1.34221237e+02,
    1.40504242e+02, 1.54748856e+02, 1.36053223e+02, 1.75012573e+02,
    1.31639175e+02, 1.95147141e+02, 1.36951920e+02, 1.20971924e+02,
    1.32191269e+02, 1.41816620e+02, 1.27752998e+02, 1.62293991e+02,
    1.23334953e+02, 1.82525452e+02, 1.24083466e+02, 1.28778458e+02,
    1.19425919e+02, 1.49388947e+02, 1.15160660e+02, 1.69851959e+02,
    1.11017975e+02, 1.89975052e+02, 1.15874260e+02, 1.15680412e+02,
    1.11248055e+02, 1.36492157e+02, 1.06826134e+02, 1.56985123e+02,
    1.02814919e+02, 1.77258026e+02, 1.03196198e+02, 1.23363434e+02,
    9.87719269e+01, 1.44035461e+02, 9.45342484e+01, 1.64395920e+02,
    9.04431610e+01, 1.84816071e+02, 9.49618530e+01, 1.10361252e+02,
    9.05853806e+01, 1.31268356e+02, 8.63366928e+01, 1.51633484e+02,
    8.21140137e+01, 1.72040771e+02, 8.23370819e+01, 1.18261024e+02,
    7.80704041e+01, 1.38775360e+02, 7.39270782e+01, 1.59468811e+02,
    6.99084396e+01, 1.79749435e+02, 7.41579666e+01, 1.05333672e+02,
    6.98502426e+01, 1.26053474e+02, 6.58917084e+01, 1.46657562e+02,
    6.17307816e+01, 1.67050919e+02 ]
CalibrationFramePatternWorld: [ 0., 0., 0., 0., 7.00000003e-02, 0., 0.,
    1.40000001e-01, 0., 0., 2.10000008e-01, 0., 3.50000001e-02,
    3.50000001e-02, 0., 3.50000001e-02, 1.05000004e-01, 0.,
    3.50000001e-02, 1.74999997e-01, 0., 3.50000001e-02, 2.45000005e-01,
    0., 7.00000003e-02, 0., 0., 7.00000003e-02, 7.00000003e-02, 0.,
    7.00000003e-02, 1.40000001e-01, 0., 7.00000003e-02, 2.10000008e-01,
    0., 1.05000004e-01, 3.50000001e-02, 0., 1.05000004e-01,
    1.05000004e-01, 0., 1.05000004e-01, 1.74999997e-01, 0.,
    1.05000004e-01, 2.45000005e-01, 0., 1.40000001e-01, 0., 0.,
    1.40000001e-01, 7.00000003e-02, 0., 1.40000001e-01, 1.40000001e-01,
    0., 1.40000001e-01, 2.10000008e-01, 0., 1.74999997e-01,
    3.50000001e-02, 0., 1.74999997e-01, 1.05000004e-01, 0.,
    1.74999997e-01, 1.74999997e-01, 0., 1.74999997e-01, 2.45000005e-01,
    0., 2.10000008e-01, 0., 0., 2.10000008e-01, 7.00000003e-02, 0.,
    2.10000008e-01, 1.40000001e-01, 0., 2.10000008e-01, 2.10000008e-01,
    0., 2.45000005e-01, 3.50000001e-02, 0., 2.45000005e-01,
    1.05000004e-01, 0., 2.45000005e-01, 1.74999997e-01, 0.,
    2.45000005e-01, 2.45000005e-01, 0., 2.80000001e-01, 0., 0.,
    2.80000001e-01, 7.00000003e-02, 0., 2.80000001e-01, 1.40000001e-01,
    0., 2.80000001e-01, 2.10000008e-01, 0., 3.14999998e-01,
    3.50000001e-02, 0., 3.14999998e-01, 1.05000004e-01, 0.,
    3.14999998e-01, 1.74999997e-01, 0., 3.14999998e-01, 2.45000005e-01,
    0., 3.49999994e-01, 0., 0., 3.49999994e-01, 7.00000003e-02, 0.,
    3.49999994e-01, 1.40000001e-01, 0., 3.49999994e-01, 2.10000008e-01,
    0. ]
CalibrationFrameExtRotation: !!opencv-matrix
   rows: 3
   cols: 1
   dt: d
   data: [ 4.3804159244915697e-01, -3.1175387905221923e+00,
       -6.3263060872637300e-01 ]
CalibrationFrameExtTranslation: !!opencv-matrix
   rows: 3
   cols: 1
   dt: d
   data: [ -4.2049963177103961e-01, -4.0095008128335852e-01,
       2.4479540514927427e+00 ]
CalibrationFrameRMSerror: 1.8313890695571899e-01
