%YAML:1.0
---
CalibrationFramePatternImage: [ 2.47035110e+02, 2.62278717e+02,
    2.53565247e+02, 2.83771118e+02, 2.60202728e+02, 3.05737091e+02,
    2.66957489e+02, 3.27620911e+02, 2.39483765e+02, 2.76425110e+02,
    2.46004181e+02, 2.98044830e+02, 2.52684265e+02, 3.19751587e+02,
    2.59583466e+02, 3.41763458e+02, 2.25290039e+02, 2.68963867e+02,
    2.31927902e+02, 2.90642517e+02, 2.38511261e+02, 3.12249207e+02,
    2.45293518e+02, 3.34122467e+02, 2.17772324e+02, 2.83151489e+02,
    2.24464188e+02, 3.04801758e+02, 2.31177063e+02, 3.26405518e+02,
    2.37729385e+02, 3.48352478e+02, 2.03729630e+02, 2.75714813e+02,
    2.10399033e+02, 2.97244537e+02, 2.16955185e+02, 3.18884796e+02,
    2.23760651e+02, 3.40722961e+02, 1.96300308e+02, 2.89766479e+02,
    2.02897858e+02, 3.11406952e+02, 2.09657089e+02, 3.33139923e+02,
    2.16324493e+02, 3.54861603e+02, 1.82363937e+02, 2.82286346e+02,
    1.88932510e+02, 3.03945923e+02, 1.95479599e+02, 3.25476318e+02,
    2.02264114e+02, 3.47085510e+02, 1.74992706e+02, 2.96397430e+02,
    1.81585617e+02, 3.17895782e+02, 1.88132568e+02, 3.39506134e+02,
    1.94911102e+02, 3.61457764e+02, 1.61063522e+02, 2.88883942e+02,
    1.67641754e+02, 3.10367767e+02, 1.74335922e+02, 3.31913300e+02,
    1.80839874e+02, 3.53533203e+02, 1.53747635e+02, 3.02866486e+02,
    1.60365189e+02, 3.24371033e+02, 1.66994720e+02, 3.46036163e+02,
    1.73633255e+02, 3.67615967e+02, 1.39922668e+02, 2.95397705e+02,
    1.46437546e+02, 3.16909363e+02, 1.53048416e+02, 3.38384125e+02,
    1.59587936e+02, 3.60128387e+02 ]
CalibrationFramePatternWorld: [ 0., 0., 0., 0., 7.00000003e-02, 0., 0.,
    1.40000001e-01, 0., 0., 2.10000008e-01, 0., 3.50000001e-02,
    3.50000001e-02, 0., 3.50000001e-02, 1.05000004e-01, 0.,
    3.50000001e-02, 1.74999997e-01, 0., 3.50000001e-02, 2.45000005e-01,
    0., 7.00000003e-02, 0., 0., 7.00000003e-02, 7.00000003e-02, 0.,
    7.00000003e-02, 1.40000001e-01, 0., 7.00000003e-02, 2.10000008e-01,
    0., 1.05000004e-01, 3.50000001e-02, 0., 1.05000004e-01,
    1.05000004e-01, 0., 1.05000004e-01, 1.74999997e-01, 0.,
    1.05000004e-01, 2.45000005e-01, 0., 1.40000001e-01, 0., 0.,
    1.40000001e-01, 7.00000003e-02, 0., 1.40000001e-01, 1.40000001e-01,
    0., 1.40000001e-01, 2.10000008e-01, 0., 1.74999997e-01,
    3.50000001e-02, 0., 1.74999997e-01, 1.05000004e-01, 0.,
    1.74999997e-01, 1.74999997e-01, 0., 1.74999997e-01, 2.45000005e-01,
    0., 2.10000008e-01, 0., 0., 2.10000008e-01, 7.00000003e-02, 0.,
    2.10000008e-01, 1.40000001e-01, 0., 2.10000008e-01, 2.10000008e-01,
    0., 2.45000005e-01, 3.50000001e-02, 0., 2.45000005e-01,
    1.05000004e-01, 0., 2.45000005e-01, 1.74999997e-01, 0.,
    2.45000005e-01, 2.45000005e-01, 0., 2.80000001e-01, 0., 0.,
    2.80000001e-01, 7.00000003e-02, 0., 2.80000001e-01, 1.40000001e-01,
    0., 2.80000001e-01, 2.10000008e-01, 0., 3.14999998e-01,
    3.50000001e-02, 0., 3.14999998e-01, 1.05000004e-01, 0.,
    3.14999998e-01, 1.74999997e-01, 0., 3.14999998e-01, 2.45000005e-01,
    0., 3.49999994e-01, 0., 0., 3.49999994e-01, 7.00000003e-02, 0.,
    3.49999994e-01, 1.40000001e-01, 0., 3.49999994e-01, 2.10000008e-01,
    0. ]
CalibrationFrameExtRotation: !!opencv-matrix
   rows: 3
   cols: 1
   dt: d
   data: [ -4.7133267831608522e-01, -3.1207104664583563e+00,
       6.2706483414038866e-02 ]
CalibrationFrameExtTranslation: !!opencv-matrix
   rows: 3
   cols: 1
   dt: d
   data: [ -2.1085697185769298e-01, 5.5643299394437717e-03,
       2.4686247615411152e+00 ]
CalibrationFrameRMSerror: 1.2203203141689301e-01
