%YAML:1.0
---
CalibrationFramePatternImage: [ 3.47544067e+02, 1.78434174e+02,
    3.41197449e+02, 2.00758789e+02, 3.34577820e+02, 2.23169769e+02,
    3.27710754e+02, 2.46055008e+02, 3.33152954e+02, 1.86413818e+02,
    3.26572998e+02, 2.08852325e+02, 3.19933411e+02, 2.31251053e+02,
    3.13148193e+02, 2.54171722e+02, 3.25160797e+02, 1.72260468e+02,
    3.18674255e+02, 1.94639221e+02, 3.12140503e+02, 2.17015030e+02,
    3.05431305e+02, 2.39646408e+02, 3.10854919e+02, 1.80473343e+02,
    3.04393280e+02, 2.02569687e+02, 2.97687408e+02, 2.24963913e+02,
    2.90898438e+02, 2.47657593e+02, 3.02960236e+02, 1.66503937e+02,
    2.96438019e+02, 1.88493271e+02, 2.89897675e+02, 2.10686523e+02,
    2.83242920e+02, 2.33149384e+02, 2.88859467e+02, 1.74543213e+02,
    2.82236115e+02, 1.96476364e+02, 2.75682373e+02, 2.18955322e+02,
    2.68850922e+02, 2.41291885e+02, 2.81079620e+02, 1.60834778e+02,
    2.74567871e+02, 1.82682617e+02, 2.68012177e+02, 2.04715683e+02,
    2.61557526e+02, 2.26971375e+02, 2.67041107e+02, 1.68906403e+02,
    2.60572052e+02, 1.90751328e+02, 2.53895676e+02, 2.12760742e+02,
    2.47168915e+02, 2.35149887e+02, 2.59419189e+02, 1.55230255e+02,
    2.52935822e+02, 1.76971481e+02, 2.46506729e+02, 1.98801880e+02,
    2.39760864e+02, 2.20767502e+02, 2.45407333e+02, 1.63276443e+02,
    2.39000565e+02, 1.84880814e+02, 2.32312164e+02, 2.06782516e+02,
    2.25481354e+02, 2.28633652e+02, 2.37956787e+02, 1.49942764e+02,
    2.31448746e+02, 1.71264435e+02, 2.24940628e+02, 1.92979050e+02,
    2.18267059e+02, 2.14675522e+02 ]
CalibrationFramePatternWorld: [ 0., 0., 0., 0., 7.00000003e-02, 0., 0.,
    1.40000001e-01, 0., 0., 2.10000008e-01, 0., 3.50000001e-02,
    3.50000001e-02, 0., 3.50000001e-02, 1.05000004e-01, 0.,
    3.50000001e-02, 1.74999997e-01, 0., 3.50000001e-02, 2.45000005e-01,
    0., 7.00000003e-02, 0., 0., 7.00000003e-02, 7.00000003e-02, 0.,
    7.00000003e-02, 1.40000001e-01, 0., 7.00000003e-02, 2.10000008e-01,
    0., 1.05000004e-01, 3.50000001e-02, 0., 1.05000004e-01,
    1.05000004e-01, 0., 1.05000004e-01, 1.74999997e-01, 0.,
    1.05000004e-01, 2.45000005e-01, 0., 1.40000001e-01, 0., 0.,
    1.40000001e-01, 7.00000003e-02, 0., 1.40000001e-01, 1.40000001e-01,
    0., 1.40000001e-01, 2.10000008e-01, 0., 1.74999997e-01,
    3.50000001e-02, 0., 1.74999997e-01, 1.05000004e-01, 0.,
    1.74999997e-01, 1.74999997e-01, 0., 1.74999997e-01, 2.45000005e-01,
    0., 2.10000008e-01, 0., 0., 2.10000008e-01, 7.00000003e-02, 0.,
    2.10000008e-01, 1.40000001e-01, 0., 2.10000008e-01, 2.10000008e-01,
    0., 2.45000005e-01, 3.50000001e-02, 0., 2.45000005e-01,
    1.05000004e-01, 0., 2.45000005e-01, 1.74999997e-01, 0.,
    2.45000005e-01, 2.45000005e-01, 0., 2.80000001e-01, 0., 0.,
    2.80000001e-01, 7.00000003e-02, 0., 2.80000001e-01, 1.40000001e-01,
    0., 2.80000001e-01, 2.10000008e-01, 0., 3.14999998e-01,
    3.50000001e-02, 0., 3.14999998e-01, 1.05000004e-01, 0.,
    3.14999998e-01, 1.74999997e-01, 0., 3.14999998e-01, 2.45000005e-01,
    0., 3.49999994e-01, 0., 0., 3.49999994e-01, 7.00000003e-02, 0.,
    3.49999994e-01, 1.40000001e-01, 0., 3.49999994e-01, 2.10000008e-01,
    0. ]
CalibrationFrameExtRotation: !!opencv-matrix
   rows: 3
   cols: 1
   dt: d
   data: [ 4.2078486466901199e-01, -2.9553743328231086e+00,
       6.2477239340398671e-02 ]
CalibrationFrameExtTranslation: !!opencv-matrix
   rows: 3
   cols: 1
   dt: d
   data: [ 9.4908302760124533e-02, -2.4478912960685353e-01,
       2.3842997428023356e+00 ]
CalibrationFrameRMSerror: 1.6610568761825562e-01
