%YAML:1.0
---
CalibrationFramePatternImage: [ 3.14941498e+02, 2.87661774e+02,
    3.19821014e+02, 3.09382202e+02, 3.25298950e+02, 3.30999725e+02,
    3.30857513e+02, 3.52730743e+02, 3.08073883e+02, 3.01662018e+02,
    3.12867554e+02, 3.23552063e+02, 3.18260193e+02, 3.45234619e+02,
    3.23942078e+02, 3.67046417e+02, 2.95712158e+02, 2.93769226e+02,
    3.01036255e+02, 3.16005249e+02, 3.06127930e+02, 3.37834991e+02,
    3.11563995e+02, 3.59775848e+02, 2.88678894e+02, 3.08253052e+02,
    2.93971191e+02, 3.30358246e+02, 2.99429749e+02, 3.52498718e+02,
    3.04715302e+02, 3.74253387e+02, 2.75613403e+02, 3.00349792e+02,
    2.81567200e+02, 3.22686768e+02, 2.87060516e+02, 3.45015839e+02,
    2.92471161e+02, 3.67067108e+02, 2.68430389e+02, 3.14776825e+02,
    2.74314819e+02, 3.37236145e+02, 2.79834503e+02, 3.59772339e+02,
    2.85361755e+02, 3.81802063e+02, 2.55196060e+02, 3.06786102e+02,
    2.61296753e+02, 3.29682526e+02, 2.66907715e+02, 3.52116547e+02,
    2.72597260e+02, 3.74325165e+02, 2.47939026e+02, 3.21593048e+02,
    2.53778168e+02, 3.44556915e+02, 2.59374969e+02, 3.66865784e+02,
    2.65409760e+02, 3.89449158e+02, 2.34234161e+02, 3.13521027e+02,
    2.40535812e+02, 3.36684113e+02, 2.46282562e+02, 3.59312561e+02,
    2.52078064e+02, 3.82045013e+02, 2.26910950e+02, 3.28596100e+02,
    2.33062790e+02, 3.51517487e+02, 2.38940674e+02, 3.74535217e+02,
    2.45039536e+02, 3.97071625e+02, 2.13100571e+02, 3.20503998e+02,
    2.19456451e+02, 3.43683014e+02, 2.25325012e+02, 3.66810730e+02,
    2.31765732e+02, 3.89728424e+02 ]
CalibrationFramePatternWorld: [ 0., 0., 0., 0., 7.00000003e-02, 0., 0.,
    1.40000001e-01, 0., 0., 2.10000008e-01, 0., 3.50000001e-02,
    3.50000001e-02, 0., 3.50000001e-02, 1.05000004e-01, 0.,
    3.50000001e-02, 1.74999997e-01, 0., 3.50000001e-02, 2.45000005e-01,
    0., 7.00000003e-02, 0., 0., 7.00000003e-02, 7.00000003e-02, 0.,
    7.00000003e-02, 1.40000001e-01, 0., 7.00000003e-02, 2.10000008e-01,
    0., 1.05000004e-01, 3.50000001e-02, 0., 1.05000004e-01,
    1.05000004e-01, 0., 1.05000004e-01, 1.74999997e-01, 0.,
    1.05000004e-01, 2.45000005e-01, 0., 1.40000001e-01, 0., 0.,
    1.40000001e-01, 7.00000003e-02, 0., 1.40000001e-01, 1.40000001e-01,
    0., 1.40000001e-01, 2.10000008e-01, 0., 1.74999997e-01,
    3.50000001e-02, 0., 1.74999997e-01, 1.05000004e-01, 0.,
    1.74999997e-01, 1.74999997e-01, 0., 1.74999997e-01, 2.45000005e-01,
    0., 2.10000008e-01, 0., 0., 2.10000008e-01, 7.00000003e-02, 0.,
    2.10000008e-01, 1.40000001e-01, 0., 2.10000008e-01, 2.10000008e-01,
    0., 2.45000005e-01, 3.50000001e-02, 0., 2.45000005e-01,
    1.05000004e-01, 0., 2.45000005e-01, 1.74999997e-01, 0.,
    2.45000005e-01, 2.45000005e-01, 0., 2.80000001e-01, 0., 0.,
    2.80000001e-01, 7.00000003e-02, 0., 2.80000001e-01, 1.40000001e-01,
    0., 2.80000001e-01, 2.10000008e-01, 0., 3.14999998e-01,
    3.50000001e-02, 0., 3.14999998e-01, 1.05000004e-01, 0.,
    3.14999998e-01, 1.74999997e-01, 0., 3.14999998e-01, 2.45000005e-01,
    0., 3.49999994e-01, 0., 0., 3.49999994e-01, 7.00000003e-02, 0.,
    3.49999994e-01, 1.40000001e-01, 0., 3.49999994e-01, 2.10000008e-01,
    0. ]
CalibrationFrameExtRotation: !!opencv-matrix
   rows: 3
   cols: 1
   dt: d
   data: [ 3.4233150861731221e-01, 2.5779374613694164e+00,
       5.6560776802329737e-02 ]
CalibrationFrameExtTranslation: !!opencv-matrix
   rows: 3
   cols: 1
   dt: d
   data: [ -2.8156892940466075e-03, 8.2761378326974014e-02,
       2.4551632854608121e+00 ]
CalibrationFrameRMSerror: 1.9495087862014771e-01
