%YAML:1.0
---
CalibrationFramePatternImage: [ 5.40682251e+02, 3.13145203e+02,
    5.41172302e+02, 3.35585632e+02, 5.41795349e+02, 3.58724915e+02,
    5.42459045e+02, 3.82113983e+02, 5.29500732e+02, 3.24686584e+02,
    5.29929321e+02, 3.47790741e+02, 5.30399414e+02, 3.70854889e+02,
    5.30975586e+02, 3.94483948e+02, 5.17483093e+02, 3.13829590e+02,
    5.18252258e+02, 3.36688538e+02, 5.18671448e+02, 3.59731018e+02,
    5.18974243e+02, 3.83053040e+02, 5.06244293e+02, 3.25683197e+02,
    5.06392334e+02, 3.48300568e+02, 5.07048737e+02, 3.71662872e+02,
    5.07277802e+02, 3.94991974e+02, 4.94464600e+02, 3.14840454e+02,
    4.94871063e+02, 3.37761078e+02, 4.95208405e+02, 3.59919586e+02,
    4.95511047e+02, 3.83820282e+02, 4.83434113e+02, 3.26630768e+02,
    4.83930054e+02, 3.49195740e+02, 4.83804749e+02, 3.72559814e+02,
    4.83984528e+02, 3.95697998e+02, 4.71790039e+02, 3.15767151e+02,
    4.71951416e+02, 3.38448578e+02, 4.71986023e+02, 3.61228882e+02,
    4.72321167e+02, 3.84370728e+02, 4.60338928e+02, 3.27526947e+02,
    4.60511017e+02, 3.50195435e+02, 4.60501801e+02, 3.73055939e+02,
    4.60648010e+02, 3.96537201e+02, 4.48807373e+02, 3.16692688e+02,
    4.48922180e+02, 3.39278534e+02, 4.49189728e+02, 3.61941437e+02,
    4.48988770e+02, 3.85135010e+02, 4.37572693e+02, 3.28295807e+02,
    4.37676453e+02, 3.50860901e+02, 4.37562103e+02, 3.73945557e+02,
    4.37281799e+02, 3.96818237e+02, 4.26384552e+02, 3.17691284e+02,
    4.26257050e+02, 3.40047729e+02, 4.26136993e+02, 3.62652832e+02,
    4.25910889e+02, 3.85369720e+02 ]
CalibrationFramePatternWorld: [ 0., 0., 0., 0., 7.00000003e-02, 0., 0.,
    1.40000001e-01, 0., 0., 2.10000008e-01, 0., 3.50000001e-02,
    3.50000001e-02, 0., 3.50000001e-02, 1.05000004e-01, 0.,
    3.50000001e-02, 1.74999997e-01, 0., 3.50000001e-02, 2.45000005e-01,
    0., 7.00000003e-02, 0., 0., 7.00000003e-02, 7.00000003e-02, 0.,
    7.00000003e-02, 1.40000001e-01, 0., 7.00000003e-02, 2.10000008e-01,
    0., 1.05000004e-01, 3.50000001e-02, 0., 1.05000004e-01,
    1.05000004e-01, 0., 1.05000004e-01, 1.74999997e-01, 0.,
    1.05000004e-01, 2.45000005e-01, 0., 1.40000001e-01, 0., 0.,
    1.40000001e-01, 7.00000003e-02, 0., 1.40000001e-01, 1.40000001e-01,
    0., 1.40000001e-01, 2.10000008e-01, 0., 1.74999997e-01,
    3.50000001e-02, 0., 1.74999997e-01, 1.05000004e-01, 0.,
    1.74999997e-01, 1.74999997e-01, 0., 1.74999997e-01, 2.45000005e-01,
    0., 2.10000008e-01, 0., 0., 2.10000008e-01, 7.00000003e-02, 0.,
    2.10000008e-01, 1.40000001e-01, 0., 2.10000008e-01, 2.10000008e-01,
    0., 2.45000005e-01, 3.50000001e-02, 0., 2.45000005e-01,
    1.05000004e-01, 0., 2.45000005e-01, 1.74999997e-01, 0.,
    2.45000005e-01, 2.45000005e-01, 0., 2.80000001e-01, 0., 0.,
    2.80000001e-01, 7.00000003e-02, 0., 2.80000001e-01, 1.40000001e-01,
    0., 2.80000001e-01, 2.10000008e-01, 0., 3.14999998e-01,
    3.50000001e-02, 0., 3.14999998e-01, 1.05000004e-01, 0.,
    3.14999998e-01, 1.74999997e-01, 0., 3.14999998e-01, 2.45000005e-01,
    0., 3.49999994e-01, 0., 0., 3.49999994e-01, 7.00000003e-02, 0.,
    3.49999994e-01, 1.40000001e-01, 0., 3.49999994e-01, 2.10000008e-01,
    0. ]
CalibrationFrameExtRotation: !!opencv-matrix
   rows: 3
   cols: 1
   dt: d
   data: [ -1.2860838859811246e-02, -2.8087372758328524e+00,
       4.2480683664051944e-01 ]
CalibrationFrameExtTranslation: !!opencv-matrix
   rows: 3
   cols: 1
   dt: d
   data: [ 6.7201314530334166e-01, 1.5666309524545788e-01,
       2.3407416815935593e+00 ]
CalibrationFrameRMSerror: 1.8226619064807892e-01
