%YAML:1.0
---
CalibrationFramePatternImage: [ 3.98897491e+02, 8.44502106e+01,
    3.93129456e+02, 1.07532837e+02, 3.87431366e+02, 1.30503006e+02,
    3.81752655e+02, 1.53371048e+02, 3.84758636e+02, 9.24991074e+01,
    3.79331390e+02, 1.15004837e+02, 3.73879425e+02, 1.37772202e+02,
    3.68364807e+02, 1.60372757e+02, 3.76569489e+02, 7.69700623e+01,
    3.70904510e+02, 1.00206177e+02, 3.65732452e+02, 1.22596748e+02,
    3.60365417e+02, 1.45313477e+02, 3.62612976e+02, 8.48968582e+01,
    3.57337860e+02, 1.07663185e+02, 3.52164398e+02, 1.30270523e+02,
    3.47152832e+02, 1.52489044e+02, 3.54620880e+02, 6.97258301e+01,
    3.49076508e+02, 9.26961746e+01, 3.43980865e+02, 1.15441238e+02,
    3.39001831e+02, 1.37664398e+02, 3.41179382e+02, 7.77575760e+01,
    3.35793243e+02, 1.00413574e+02, 3.31078094e+02, 1.22809235e+02,
    3.26139557e+02, 1.44774567e+02, 3.33210602e+02, 6.28220978e+01,
    3.27724792e+02, 8.56513596e+01, 3.22985779e+02, 1.08028748e+02,
    3.18363525e+02, 1.30031677e+02, 3.19977448e+02, 7.08869781e+01,
    3.15083221e+02, 9.31847000e+01, 3.10650146e+02, 1.15431259e+02,
    3.05798401e+02, 1.37405228e+02, 3.12031036e+02, 5.62679901e+01,
    3.07108765e+02, 7.88182755e+01, 3.02712097e+02, 1.00725021e+02,
    2.98232117e+02, 1.22765213e+02, 2.99264465e+02, 6.41824646e+01,
    2.94854889e+02, 8.63475647e+01, 2.90478790e+02, 1.08390205e+02,
    2.85698547e+02, 1.30113876e+02, 2.91764191e+02, 4.98724899e+01,
    2.86890594e+02, 7.21789551e+01, 2.82728149e+02, 9.40256729e+01,
    2.78072052e+02, 1.15829445e+02 ]
CalibrationFramePatternWorld: [ 0., 0., 0., 0., 7.00000003e-02, 0., 0.,
    1.40000001e-01, 0., 0., 2.10000008e-01, 0., 3.50000001e-02,
    3.50000001e-02, 0., 3.50000001e-02, 1.05000004e-01, 0.,
    3.50000001e-02, 1.74999997e-01, 0., 3.50000001e-02, 2.45000005e-01,
    0., 7.00000003e-02, 0., 0., 7.00000003e-02, 7.00000003e-02, 0.,
    7.00000003e-02, 1.40000001e-01, 0., 7.00000003e-02, 2.10000008e-01,
    0., 1.05000004e-01, 3.50000001e-02, 0., 1.05000004e-01,
    1.05000004e-01, 0., 1.05000004e-01, 1.74999997e-01, 0.,
    1.05000004e-01, 2.45000005e-01, 0., 1.40000001e-01, 0., 0.,
    1.40000001e-01, 7.00000003e-02, 0., 1.40000001e-01, 1.40000001e-01,
    0., 1.40000001e-01, 2.10000008e-01, 0., 1.74999997e-01,
    3.50000001e-02, 0., 1.74999997e-01, 1.05000004e-01, 0.,
    1.74999997e-01, 1.74999997e-01, 0., 1.74999997e-01, 2.45000005e-01,
    0., 2.10000008e-01, 0., 0., 2.10000008e-01, 7.00000003e-02, 0.,
    2.10000008e-01, 1.40000001e-01, 0., 2.10000008e-01, 2.10000008e-01,
    0., 2.45000005e-01, 3.50000001e-02, 0., 2.45000005e-01,
    1.05000004e-01, 0., 2.45000005e-01, 1.74999997e-01, 0.,
    2.45000005e-01, 2.45000005e-01, 0., 2.80000001e-01, 0., 0.,
    2.80000001e-01, 7.00000003e-02, 0., 2.80000001e-01, 1.40000001e-01,
    0., 2.80000001e-01, 2.10000008e-01, 0., 3.14999998e-01,
    3.50000001e-02, 0., 3.14999998e-01, 1.05000004e-01, 0.,
    3.14999998e-01, 1.74999997e-01, 0., 3.14999998e-01, 2.45000005e-01,
    0., 3.49999994e-01, 0., 0., 3.49999994e-01, 7.00000003e-02, 0.,
    3.49999994e-01, 1.40000001e-01, 0., 3.49999994e-01, 2.10000008e-01,
    0. ]
CalibrationFrameExtRotation: !!opencv-matrix
   rows: 3
   cols: 1
   dt: d
   data: [ 4.2142720625686381e-01, -2.6135136455005075e+00,
       -5.6206036627892775e-01 ]
CalibrationFrameExtTranslation: !!opencv-matrix
   rows: 3
   cols: 1
   dt: d
   data: [ 2.3024039032346427e-01, -4.8977204206687974e-01,
       2.1807769330325382e+00 ]
CalibrationFrameRMSerror: 1.7684395611286163e-01
