%YAML:1.0
---
CalibrationFramePatternImage: [ 2.46786133e+02, 2.82714813e+02,
    2.49102097e+02, 3.02864166e+02, 2.51223251e+02, 3.23119049e+02,
    2.53211533e+02, 3.42952759e+02, 2.36947220e+02, 2.92598083e+02,
    2.39320114e+02, 3.12518982e+02, 2.41696960e+02, 3.32296417e+02,
    2.43894760e+02, 3.51940948e+02, 2.24466721e+02, 2.82328033e+02,
    2.27177780e+02, 3.02698883e+02, 2.29697632e+02, 3.22333069e+02,
    2.31987137e+02, 3.41700043e+02, 2.14817932e+02, 2.92302490e+02,
    2.17589951e+02, 3.12189209e+02, 2.20102234e+02, 3.31830811e+02,
    2.22596680e+02, 3.50812256e+02, 2.02910873e+02, 2.81785400e+02,
    2.05500305e+02, 3.01989380e+02, 2.07929825e+02, 3.21802826e+02,
    2.10791107e+02, 3.41091248e+02, 1.93518204e+02, 2.91521942e+02,
    1.96188614e+02, 3.11455200e+02, 1.99108337e+02, 3.31036499e+02,
    2.01594223e+02, 3.49912842e+02, 1.81504196e+02, 2.81106995e+02,
    1.84444839e+02, 3.01251404e+02, 1.87174683e+02, 3.20619171e+02,
    1.90081772e+02, 3.39818115e+02, 1.72622925e+02, 2.90860443e+02,
    1.75499161e+02, 3.10505035e+02, 1.78432541e+02, 3.29695099e+02,
    1.81179703e+02, 3.49011444e+02, 1.60550690e+02, 2.80610291e+02,
    1.63721710e+02, 3.00468262e+02, 1.66880997e+02, 3.19726257e+02,
    1.69512787e+02, 3.38820740e+02, 1.51921692e+02, 2.90290771e+02,
    1.55066879e+02, 3.09747864e+02, 1.57980988e+02, 3.28994934e+02,
    1.60919708e+02, 3.48021393e+02, 1.40099594e+02, 2.80415100e+02,
    1.43335983e+02, 2.99946747e+02, 1.46413544e+02, 3.19226044e+02,
    1.49544769e+02, 3.38183807e+02 ]
CalibrationFramePatternWorld: [ 0., 0., 0., 0., 7.00000003e-02, 0., 0.,
    1.40000001e-01, 0., 0., 2.10000008e-01, 0., 3.50000001e-02,
    3.50000001e-02, 0., 3.50000001e-02, 1.05000004e-01, 0.,
    3.50000001e-02, 1.74999997e-01, 0., 3.50000001e-02, 2.45000005e-01,
    0., 7.00000003e-02, 0., 0., 7.00000003e-02, 7.00000003e-02, 0.,
    7.00000003e-02, 1.40000001e-01, 0., 7.00000003e-02, 2.10000008e-01,
    0., 1.05000004e-01, 3.50000001e-02, 0., 1.05000004e-01,
    1.05000004e-01, 0., 1.05000004e-01, 1.74999997e-01, 0.,
    1.05000004e-01, 2.45000005e-01, 0., 1.40000001e-01, 0., 0.,
    1.40000001e-01, 7.00000003e-02, 0., 1.40000001e-01, 1.40000001e-01,
    0., 1.40000001e-01, 2.10000008e-01, 0., 1.74999997e-01,
    3.50000001e-02, 0., 1.74999997e-01, 1.05000004e-01, 0.,
    1.74999997e-01, 1.74999997e-01, 0., 1.74999997e-01, 2.45000005e-01,
    0., 2.10000008e-01, 0., 0., 2.10000008e-01, 7.00000003e-02, 0.,
    2.10000008e-01, 1.40000001e-01, 0., 2.10000008e-01, 2.10000008e-01,
    0., 2.45000005e-01, 3.50000001e-02, 0., 2.45000005e-01,
    1.05000004e-01, 0., 2.45000005e-01, 1.74999997e-01, 0.,
    2.45000005e-01, 2.45000005e-01, 0., 2.80000001e-01, 0., 0.,
    2.80000001e-01, 7.00000003e-02, 0., 2.80000001e-01, 1.40000001e-01,
    0., 2.80000001e-01, 2.10000008e-01, 0., 3.14999998e-01,
    3.50000001e-02, 0., 3.14999998e-01, 1.05000004e-01, 0.,
    3.14999998e-01, 1.74999997e-01, 0., 3.14999998e-01, 2.45000005e-01,
    0., 3.49999994e-01, 0., 0., 3.49999994e-01, 7.00000003e-02, 0.,
    3.49999994e-01, 1.40000001e-01, 0., 3.49999994e-01, 2.10000008e-01,
    0. ]
CalibrationFrameExtRotation: !!opencv-matrix
   rows: 3
   cols: 1
   dt: d
   data: [ -3.2046336911337937e-02, -2.8971709104443386e+00,
       -6.2412410845485622e-01 ]
CalibrationFrameExtTranslation: !!opencv-matrix
   rows: 3
   cols: 1
   dt: d
   data: [ -2.0778403198487008e-01, 6.7416448180159350e-02,
       2.4298135699287120e+00 ]
CalibrationFrameRMSerror: 2.1843264997005463e-01
