%YAML:1.0
---
CalibrationFramePatternImage: [ 8.87895126e+01, 1.21367500e+02,
    1.24498978e+02, 1.17659241e+02, 1.60100098e+02, 1.14104752e+02,
    1.95449554e+02, 1.10755325e+02, 2.30298523e+02, 1.07627632e+02,
    9.20623550e+01, 1.57112213e+02, 1.27927116e+02, 1.53186768e+02,
    1.63617096e+02, 1.49452179e+02, 1.98873642e+02, 1.45913666e+02,
    2.33642517e+02, 1.42551346e+02, 9.56732483e+01, 1.92867310e+02,
    1.31432327e+02, 1.88801392e+02, 1.67068939e+02, 1.84807465e+02,
    2.02300552e+02, 1.81018784e+02, 2.37196808e+02, 1.77411179e+02,
    9.96021652e+01, 2.28318008e+02, 1.35133423e+02, 2.24194687e+02,
    1.70533173e+02, 2.20124466e+02, 2.05678299e+02, 2.16147964e+02,
    2.40437485e+02, 2.12278839e+02 ]
CalibrationFramePatternWorld: [ 0., 0., 0., 0., 4.43000011e-02, 0., 0.,
    8.86000022e-02, 0., 0., 1.32900000e-01, 0., 0., 1.77200004e-01, 0.,
    4.43000011e-02, 0., 0., 4.43000011e-02, 4.43000011e-02, 0.,
    4.43000011e-02, 8.86000022e-02, 0., 4.43000011e-02, 1.32900000e-01,
    0., 4.43000011e-02, 1.77200004e-01, 0., 8.86000022e-02, 0., 0.,
    8.86000022e-02, 4.43000011e-02, 0., 8.86000022e-02, 8.86000022e-02,
    0., 8.86000022e-02, 1.32900000e-01, 0., 8.86000022e-02,
    1.77200004e-01, 0., 1.32900000e-01, 0., 0., 1.32900000e-01,
    4.43000011e-02, 0., 1.32900000e-01, 8.86000022e-02, 0.,
    1.32900000e-01, 1.32900000e-01, 0., 1.32900000e-01, 1.77200004e-01,
    0. ]
CalibrationFrameExtRotation: !!opencv-matrix
   rows: 3
   cols: 1
   dt: d
   data: [ 2.2667877333350868e+00, 2.0346213534033848e+00,
       3.7994094512900362e-01 ]
CalibrationFrameExtTranslation: !!opencv-matrix
   rows: 3
   cols: 1
   dt: d
   data: [ -2.3588250147119136e-01, -1.7535261008509853e-01,
       9.8944013654514118e-01 ]
CalibrationFrameRMSerror: 1.4373207092285156e-01
