%YAML:1.0
---
CalibrationFramePatternImage: [ 1.12725769e+02, 8.80584641e+01,
    1.45010834e+02, 9.70804291e+01, 1.77714706e+02, 1.06733696e+02,
    2.10766983e+02, 1.16541588e+02, 2.44106644e+02, 1.26493454e+02,
    1.06513855e+02, 1.18385635e+02, 1.38202286e+02, 1.27739197e+02,
    1.70392487e+02, 1.37233780e+02, 2.02831528e+02, 1.46814804e+02,
    2.35592087e+02, 1.56455978e+02, 1.01050743e+02, 1.47533112e+02,
    1.32103165e+02, 1.56792877e+02, 1.63572021e+02, 1.66091415e+02,
    1.95622284e+02, 1.75522415e+02, 2.27662643e+02, 1.84962860e+02,
    9.61970139e+01, 1.75181595e+02, 1.26575493e+02, 1.84327942e+02,
    1.57535095e+02, 1.93482086e+02, 1.88891556e+02, 2.02706268e+02,
    2.20153381e+02, 2.12151978e+02 ]
CalibrationFramePatternWorld: [ 0., 0., 0., 0., 4.43000011e-02, 0., 0.,
    8.86000022e-02, 0., 0., 1.32900000e-01, 0., 0., 1.77200004e-01, 0.,
    4.43000011e-02, 0., 0., 4.43000011e-02, 4.43000011e-02, 0.,
    4.43000011e-02, 8.86000022e-02, 0., 4.43000011e-02, 1.32900000e-01,
    0., 4.43000011e-02, 1.77200004e-01, 0., 8.86000022e-02, 0., 0.,
    8.86000022e-02, 4.43000011e-02, 0., 8.86000022e-02, 8.86000022e-02,
    0., 8.86000022e-02, 1.32900000e-01, 0., 8.86000022e-02,
    1.77200004e-01, 0., 1.32900000e-01, 0., 0., 1.32900000e-01,
    4.43000011e-02, 0., 1.32900000e-01, 8.86000022e-02, 0.,
    1.32900000e-01, 1.32900000e-01, 0., 1.32900000e-01, 1.77200004e-01,
    0. ]
CalibrationFrameExtRotation: !!opencv-matrix
   rows: 3
   cols: 1
   dt: d
   data: [ -1.5637198111387807e+00, -2.1401409355687084e+00,
       -5.2401150777153949e-01 ]
CalibrationFrameExtTranslation: !!opencv-matrix
   rows: 3
   cols: 1
   dt: d
   data: [ -2.1710882995099395e-01, -2.2657200154304538e-01,
       1.0372602065405374e+00 ]
CalibrationFrameRMSerror: 2.7002248167991638e-01
