%YAML:1.0
---
CalibrationFramePatternImage: [ 2.60720245e+02, 2.86426117e+02,
    2.95469757e+02, 2.87413239e+02, 3.29196747e+02, 2.88258209e+02,
    3.61538483e+02, 2.89169800e+02, 3.92584747e+02, 2.89860596e+02,
    2.60033539e+02, 3.24961517e+02, 2.95031097e+02, 3.25227600e+02,
    3.28654480e+02, 3.25306061e+02, 3.60774567e+02, 3.25394196e+02,
    3.91660339e+02, 3.25367432e+02, 2.59262756e+02, 3.62982605e+02,
    2.94247925e+02, 3.62531158e+02, 3.27694916e+02, 3.61944031e+02,
    3.59698181e+02, 3.61112122e+02, 3.90382721e+02, 3.60543823e+02,
    2.58239685e+02, 4.00565887e+02, 2.92803497e+02, 3.99299957e+02,
    3.26154663e+02, 3.98038055e+02, 3.57925964e+02, 3.96613098e+02,
    3.88888885e+02, 3.95180450e+02 ]
CalibrationFramePatternWorld: [ 0., 0., 0., 0., 4.43000011e-02, 0., 0.,
    8.86000022e-02, 0., 0., 1.32900000e-01, 0., 0., 1.77200004e-01, 0.,
    4.43000011e-02, 0., 0., 4.43000011e-02, 4.43000011e-02, 0.,
    4.43000011e-02, 8.86000022e-02, 0., 4.43000011e-02, 1.32900000e-01,
    0., 4.43000011e-02, 1.77200004e-01, 0., 8.86000022e-02, 0., 0.,
    8.86000022e-02, 4.43000011e-02, 0., 8.86000022e-02, 8.86000022e-02,
    0., 8.86000022e-02, 1.32900000e-01, 0., 8.86000022e-02,
    1.77200004e-01, 0., 1.32900000e-01, 0., 0., 1.32900000e-01,
    4.43000011e-02, 0., 1.32900000e-01, 8.86000022e-02, 0.,
    1.32900000e-01, 1.32900000e-01, 0., 1.32900000e-01, 1.77200004e-01,
    0. ]
CalibrationFrameExtRotation: !!opencv-matrix
   rows: 3
   cols: 1
   dt: d
   data: [ 1.9451050597146029e+00, 2.0088562840210256e+00,
       4.0679196253699884e-01 ]
CalibrationFrameExtTranslation: !!opencv-matrix
   rows: 3
   cols: 1
   dt: d
   data: [ -2.3946507055826471e-02, 2.5912191630791035e-02,
       9.5774656148241644e-01 ]
CalibrationFrameRMSerror: 2.5158920884132385e-01
