%YAML:1.0
---
CalibrationFramePatternImage: [ 3.98488068e+02, 2.08917374e+02,
    4.33895996e+02, 2.16595062e+02, 4.68935577e+02, 2.24540039e+02,
    5.03533630e+02, 2.32433853e+02, 5.37692444e+02, 2.40173981e+02,
    3.90373566e+02, 2.41391022e+02, 4.25350433e+02, 2.48994476e+02,
    4.59856812e+02, 2.56712463e+02, 4.94090088e+02, 2.64185272e+02,
    5.27834961e+02, 2.71748383e+02, 3.82665436e+02, 2.72388184e+02,
    4.16869019e+02, 2.79953247e+02, 4.51089233e+02, 2.87474335e+02,
    4.84716125e+02, 2.94712799e+02, 5.17946472e+02, 3.01879181e+02,
    3.74976166e+02, 3.01980408e+02, 4.08767395e+02, 3.09357666e+02,
    4.42241547e+02, 3.16550659e+02, 4.75328949e+02, 3.23692993e+02,
    5.08025848e+02, 3.30758026e+02 ]
CalibrationFramePatternWorld: [ 0., 0., 0., 0., 4.43000011e-02, 0., 0.,
    8.86000022e-02, 0., 0., 1.32900000e-01, 0., 0., 1.77200004e-01, 0.,
    4.43000011e-02, 0., 0., 4.43000011e-02, 4.43000011e-02, 0.,
    4.43000011e-02, 8.86000022e-02, 0., 4.43000011e-02, 1.32900000e-01,
    0., 4.43000011e-02, 1.77200004e-01, 0., 8.86000022e-02, 0., 0.,
    8.86000022e-02, 4.43000011e-02, 0., 8.86000022e-02, 8.86000022e-02,
    0., 8.86000022e-02, 1.32900000e-01, 0., 8.86000022e-02,
    1.77200004e-01, 0., 1.32900000e-01, 0., 0., 1.32900000e-01,
    4.43000011e-02, 0., 1.32900000e-01, 8.86000022e-02, 0.,
    1.32900000e-01, 1.32900000e-01, 0., 1.32900000e-01, 1.77200004e-01,
    0. ]
CalibrationFrameExtRotation: !!opencv-matrix
   rows: 3
   cols: 1
   dt: d
   data: [ -1.7137590906220861e+00, -2.0955379139370680e+00,
       -3.3717208901809764e-01 ]
CalibrationFrameExtTranslation: !!opencv-matrix
   rows: 3
   cols: 1
   dt: d
   data: [ 1.4067561814919474e-01, -6.7229961208956718e-02,
       1.0030085874193841e+00 ]
CalibrationFrameRMSerror: 2.1534906327724457e-01
