%YAML:1.0
---
CalibrationFramePatternImage: [ 1.94219757e+02, 2.87732056e+02,
    2.23084595e+02, 2.84013580e+02, 2.51614502e+02, 2.80290558e+02,
    2.79612701e+02, 2.76807922e+02, 3.06882935e+02, 2.73201080e+02,
    1.98062134e+02, 3.17571503e+02, 2.26828949e+02, 3.13716125e+02,
    2.55403976e+02, 3.09739929e+02, 2.83377808e+02, 3.05795807e+02,
    3.10690796e+02, 3.02088806e+02, 2.01932220e+02, 3.47211945e+02,
    2.30606445e+02, 3.43055023e+02, 2.59067413e+02, 3.38874603e+02,
    2.86960266e+02, 3.34596039e+02, 3.14172607e+02, 3.30541016e+02,
    2.05596085e+02, 3.76508514e+02, 2.34426270e+02, 3.72168213e+02,
    2.62594971e+02, 3.67787048e+02, 2.90370148e+02, 3.63290680e+02,
    3.17546356e+02, 3.58791382e+02 ]
CalibrationFramePatternWorld: [ 0., 0., 0., 0., 4.43000011e-02, 0., 0.,
    8.86000022e-02, 0., 0., 1.32900000e-01, 0., 0., 1.77200004e-01, 0.,
    4.43000011e-02, 0., 0., 4.43000011e-02, 4.43000011e-02, 0.,
    4.43000011e-02, 8.86000022e-02, 0., 4.43000011e-02, 1.32900000e-01,
    0., 4.43000011e-02, 1.77200004e-01, 0., 8.86000022e-02, 0., 0.,
    8.86000022e-02, 4.43000011e-02, 0., 8.86000022e-02, 8.86000022e-02,
    0., 8.86000022e-02, 1.32900000e-01, 0., 8.86000022e-02,
    1.77200004e-01, 0., 1.32900000e-01, 0., 0., 1.32900000e-01,
    4.43000011e-02, 0., 1.32900000e-01, 8.86000022e-02, 0.,
    1.32900000e-01, 1.32900000e-01, 0., 1.32900000e-01, 1.77200004e-01,
    0. ]
CalibrationFrameExtRotation: !!opencv-matrix
   rows: 3
   cols: 1
   dt: d
   data: [ 2.1582002019248931e+00, 1.9085373443268989e+00,
       3.1851940114528193e-01 ]
CalibrationFrameExtTranslation: !!opencv-matrix
   rows: 3
   cols: 1
   dt: d
   data: [ -1.2818685131469768e-01, 3.4609528229853928e-02,
       1.2139935483793125e+00 ]
CalibrationFrameRMSerror: 1.2123122811317444e-01
