%YAML:1.0
---
CalibrationFramePatternImage: [ 7.10727997e+01, 1.05542450e+02,
    1.03780190e+02, 9.84975815e+01, 1.35717560e+02, 9.17251892e+01,
    1.66761032e+02, 8.53560486e+01, 1.96813232e+02, 7.95541382e+01,
    7.40859833e+01, 1.39847595e+02, 1.06413383e+02, 1.32174927e+02,
    1.37934311e+02, 1.24971153e+02, 1.68386307e+02, 1.18053421e+02,
    1.97863892e+02, 1.11624641e+02, 7.72932281e+01, 1.72975845e+02,
    1.09097862e+02, 1.64955872e+02, 1.39910599e+02, 1.57164597e+02,
    1.69774734e+02, 1.49597977e+02, 1.98698395e+02, 1.42602722e+02,
    8.01546326e+01, 2.04780304e+02, 1.11237427e+02, 1.96321228e+02,
    1.41467331e+02, 1.88280884e+02, 1.70747192e+02, 1.80252319e+02,
    1.99527390e+02, 1.72761398e+02 ]
CalibrationFramePatternWorld: [ 0., 0., 0., 0., 4.43000011e-02, 0., 0.,
    8.86000022e-02, 0., 0., 1.32900000e-01, 0., 0., 1.77200004e-01, 0.,
    4.43000011e-02, 0., 0., 4.43000011e-02, 4.43000011e-02, 0.,
    4.43000011e-02, 8.86000022e-02, 0., 4.43000011e-02, 1.32900000e-01,
    0., 4.43000011e-02, 1.77200004e-01, 0., 8.86000022e-02, 0., 0.,
    8.86000022e-02, 4.43000011e-02, 0., 8.86000022e-02, 8.86000022e-02,
    0., 8.86000022e-02, 1.32900000e-01, 0., 8.86000022e-02,
    1.77200004e-01, 0., 1.32900000e-01, 0., 0., 1.32900000e-01,
    4.43000011e-02, 0., 1.32900000e-01, 8.86000022e-02, 0.,
    1.32900000e-01, 1.32900000e-01, 0., 1.32900000e-01, 1.77200004e-01,
    0. ]
CalibrationFrameExtRotation: !!opencv-matrix
   rows: 3
   cols: 1
   dt: d
   data: [ 2.1466197215932423e+00, 1.8343615014361048e+00,
       1.1744752843252400e+00 ]
CalibrationFrameExtTranslation: !!opencv-matrix
   rows: 3
   cols: 1
   dt: d
   data: [ -2.5345935159758182e-01, -1.9140162436307187e-01,
       9.6788908547231334e-01 ]
CalibrationFrameRMSerror: 2.0821177959442139e-01
