%YAML:1.0
---
CalibrationFramePatternImage: [ 2.34112900e+02, 2.79142487e+02,
    2.61500000e+02, 2.79432404e+02, 2.89423187e+02, 2.79548187e+02,
    3.17936615e+02, 2.79678772e+02, 3.47130157e+02, 2.79702209e+02,
    2.35148148e+02, 3.08711548e+02, 2.62471954e+02, 3.09074768e+02,
    2.90347198e+02, 3.09871094e+02, 3.18593384e+02, 3.10266571e+02,
    3.47961517e+02, 3.10849457e+02, 2.36345901e+02, 3.37835510e+02,
    2.63454254e+02, 3.38665619e+02, 2.91078064e+02, 3.39795593e+02,
    3.19605316e+02, 3.40814972e+02, 3.48564453e+02, 3.41582855e+02,
    2.38039246e+02, 3.66361786e+02, 2.64667755e+02, 3.67756500e+02,
    2.92433319e+02, 3.69231750e+02, 3.20604309e+02, 3.70559814e+02,
    3.49677094e+02, 3.71920013e+02 ]
CalibrationFramePatternWorld: [ 0., 0., 0., 0., 4.43000011e-02, 0., 0.,
    8.86000022e-02, 0., 0., 1.32900000e-01, 0., 0., 1.77200004e-01, 0.,
    4.43000011e-02, 0., 0., 4.43000011e-02, 4.43000011e-02, 0.,
    4.43000011e-02, 8.86000022e-02, 0., 4.43000011e-02, 1.32900000e-01,
    0., 4.43000011e-02, 1.77200004e-01, 0., 8.86000022e-02, 0., 0.,
    8.86000022e-02, 4.43000011e-02, 0., 8.86000022e-02, 8.86000022e-02,
    0., 8.86000022e-02, 1.32900000e-01, 0., 8.86000022e-02,
    1.77200004e-01, 0., 1.32900000e-01, 0., 0., 1.32900000e-01,
    4.43000011e-02, 0., 1.32900000e-01, 8.86000022e-02, 0.,
    1.32900000e-01, 1.32900000e-01, 0., 1.32900000e-01, 1.77200004e-01,
    0. ]
CalibrationFrameExtRotation: !!opencv-matrix
   rows: 3
   cols: 1
   dt: d
   data: [ -1.9843774257906115e+00, -1.9456510642613232e+00,
       3.3152254288745386e-01 ]
CalibrationFrameExtTranslation: !!opencv-matrix
   rows: 3
   cols: 1
   dt: d
   data: [ -7.0841516356974624e-02, 2.2594918965342749e-02,
       1.2397338177947748e+00 ]
CalibrationFrameRMSerror: 2.0346720516681671e-01
