%YAML:1.0
---
CalibrationFramePatternImage: [ 2.37046021e+02, 2.05501678e+02,
    2.64725159e+02, 2.07815125e+02, 2.92532898e+02, 2.10462204e+02,
    3.20606781e+02, 2.12954697e+02, 3.48933746e+02, 2.15594070e+02,
    2.34518280e+02, 2.33481720e+02, 2.62205505e+02, 2.36045609e+02,
    2.89866791e+02, 2.38758224e+02, 3.17652496e+02, 2.41482025e+02,
    3.46120239e+02, 2.44271072e+02, 2.31937927e+02, 2.61192535e+02,
    2.59438995e+02, 2.63972870e+02, 2.87196838e+02, 2.66753113e+02,
    3.15193207e+02, 2.69536407e+02, 3.43257172e+02, 2.72508362e+02,
    2.29659882e+02, 2.88614044e+02, 2.57037109e+02, 2.91601471e+02,
    2.84637970e+02, 2.94554626e+02, 3.12543243e+02, 2.97474945e+02,
    3.40510376e+02, 3.00439331e+02 ]
CalibrationFramePatternWorld: [ 0., 0., 0., 0., 4.43000011e-02, 0., 0.,
    8.86000022e-02, 0., 0., 1.32900000e-01, 0., 0., 1.77200004e-01, 0.,
    4.43000011e-02, 0., 0., 4.43000011e-02, 4.43000011e-02, 0.,
    4.43000011e-02, 8.86000022e-02, 0., 4.43000011e-02, 1.32900000e-01,
    0., 4.43000011e-02, 1.77200004e-01, 0., 8.86000022e-02, 0., 0.,
    8.86000022e-02, 4.43000011e-02, 0., 8.86000022e-02, 8.86000022e-02,
    0., 8.86000022e-02, 1.32900000e-01, 0., 8.86000022e-02,
    1.77200004e-01, 0., 1.32900000e-01, 0., 0., 1.32900000e-01,
    4.43000011e-02, 0., 1.32900000e-01, 8.86000022e-02, 0.,
    1.32900000e-01, 1.32900000e-01, 0., 1.32900000e-01, 1.77200004e-01,
    0. ]
CalibrationFrameExtRotation: !!opencv-matrix
   rows: 3
   cols: 1
   dt: d
   data: [ -2.0061169840463853e+00, -2.2108103269834110e+00,
       1.1869191973672456e-01 ]
CalibrationFrameExtTranslation: !!opencv-matrix
   rows: 3
   cols: 1
   dt: d
   data: [ -7.0605725929057186e-02, -9.3072987493147338e-02,
       1.3138648708365750e+00 ]
CalibrationFrameRMSerror: 1.5959544479846954e-01
