%YAML:1.0
---
CalibrationFramePatternImage: [ 7.55819092e+01, 1.52336166e+02,
    1.10461212e+02, 1.55896729e+02, 1.45409912e+02, 1.59390839e+02,
    1.80226334e+02, 1.63042038e+02, 2.14881363e+02, 1.66772064e+02,
    7.19785690e+01, 1.87325531e+02, 1.06718872e+02, 1.90726776e+02,
    1.41641891e+02, 1.94258865e+02, 1.76381866e+02, 1.97754593e+02,
    2.10943069e+02, 2.01301361e+02, 6.85418320e+01, 2.21908798e+02,
    1.03150925e+02, 2.25436005e+02, 1.37967560e+02, 2.28716614e+02,
    1.72688934e+02, 2.32109268e+02, 2.07127151e+02, 2.35519989e+02,
    6.54981003e+01, 2.56339569e+02, 9.99679337e+01, 2.59546906e+02,
    1.34505600e+02, 2.62881775e+02, 1.68877350e+02, 2.66078918e+02,
    2.03236694e+02, 2.69285980e+02 ]
CalibrationFramePatternWorld: [ 0., 0., 0., 0., 4.43000011e-02, 0., 0.,
    8.86000022e-02, 0., 0., 1.32900000e-01, 0., 0., 1.77200004e-01, 0.,
    4.43000011e-02, 0., 0., 4.43000011e-02, 4.43000011e-02, 0.,
    4.43000011e-02, 8.86000022e-02, 0., 4.43000011e-02, 1.32900000e-01,
    0., 4.43000011e-02, 1.77200004e-01, 0., 8.86000022e-02, 0., 0.,
    8.86000022e-02, 4.43000011e-02, 0., 8.86000022e-02, 8.86000022e-02,
    0., 8.86000022e-02, 1.32900000e-01, 0., 8.86000022e-02,
    1.77200004e-01, 0., 1.32900000e-01, 0., 0., 1.32900000e-01,
    4.43000011e-02, 0., 1.32900000e-01, 8.86000022e-02, 0.,
    1.32900000e-01, 1.32900000e-01, 0., 1.32900000e-01, 1.77200004e-01,
    0. ]
CalibrationFrameExtRotation: !!opencv-matrix
   rows: 3
   cols: 1
   dt: d
   data: [ -2.0944602491854543e+00, -2.3397608036284026e+00,
       -4.0123123149154438e-01 ]
CalibrationFrameExtTranslation: !!opencv-matrix
   rows: 3
   cols: 1
   dt: d
   data: [ -2.5710549886168627e-01, -1.4012406975587363e-01,
       1.0107526249303551e+00 ]
CalibrationFrameRMSerror: 1.1333305388689041e-01
