%YAML:1.0
---
CalibrationFramePatternImage: [ 4.04809479e+02, 2.90989197e+02,
    4.40620209e+02, 2.90480621e+02, 4.76609283e+02, 2.89718292e+02,
    5.12392090e+02, 2.89008759e+02, 5.47963684e+02, 2.88215851e+02,
    4.05016510e+02, 3.26726288e+02, 4.41052460e+02, 3.26393188e+02,
    4.77167206e+02, 3.25787170e+02, 5.13049194e+02, 3.25139893e+02,
    5.48705566e+02, 3.24351776e+02, 4.05271301e+02, 3.62337036e+02,
    4.41245728e+02, 3.62006226e+02, 4.77396362e+02, 3.61513885e+02,
    5.13386597e+02, 3.60929199e+02, 5.49034973e+02, 3.60195160e+02,
    4.05383575e+02, 3.97945526e+02, 4.41286987e+02, 3.97702698e+02,
    4.77549347e+02, 3.97313446e+02, 5.13442139e+02, 3.96753510e+02,
    5.49070129e+02, 3.96133301e+02 ]
CalibrationFramePatternWorld: [ 0., 0., 0., 0., 4.43000011e-02, 0., 0.,
    8.86000022e-02, 0., 0., 1.32900000e-01, 0., 0., 1.77200004e-01, 0.,
    4.43000011e-02, 0., 0., 4.43000011e-02, 4.43000011e-02, 0.,
    4.43000011e-02, 8.86000022e-02, 0., 4.43000011e-02, 1.32900000e-01,
    0., 4.43000011e-02, 1.77200004e-01, 0., 8.86000022e-02, 0., 0.,
    8.86000022e-02, 4.43000011e-02, 0., 8.86000022e-02, 8.86000022e-02,
    0., 8.86000022e-02, 1.32900000e-01, 0., 8.86000022e-02,
    1.77200004e-01, 0., 1.32900000e-01, 0., 0., 1.32900000e-01,
    4.43000011e-02, 0., 1.32900000e-01, 8.86000022e-02, 0.,
    1.32900000e-01, 1.32900000e-01, 0., 1.32900000e-01, 1.77200004e-01,
    0. ]
CalibrationFrameExtRotation: !!opencv-matrix
   rows: 3
   cols: 1
   dt: d
   data: [ 2.2683914053553913e+00, 2.2467610641744216e+00,
       -3.4624362405342191e-01 ]
CalibrationFrameExtTranslation: !!opencv-matrix
   rows: 3
   cols: 1
   dt: d
   data: [ 1.5148123248572315e-01, 3.3426458641237312e-02,
       1.0214419176983651e+00 ]
CalibrationFrameRMSerror: 1.2624675035476685e-01
