%YAML:1.0
---
CalibrationFramePatternImage: [ 5.33333321e+01, 2.34064621e+02,
    8.56670685e+01, 2.30706192e+02, 1.16857025e+02, 2.27374008e+02,
    1.46747787e+02, 2.24199905e+02, 1.75682907e+02, 2.21186722e+02,
    6.23444290e+01, 2.69881958e+02, 9.49293900e+01, 2.65475342e+02,
    1.26155556e+02, 2.61261322e+02, 1.56004013e+02, 2.57116760e+02,
    1.84736145e+02, 2.53406097e+02, 7.17029037e+01, 3.06168152e+02,
    1.04334084e+02, 3.00953033e+02, 1.35517044e+02, 2.95892090e+02,
    1.65317261e+02, 2.90980011e+02, 1.93900864e+02, 2.86314240e+02,
    8.11707077e+01, 3.43437958e+02, 1.13508110e+02, 3.37108215e+02,
    1.44615631e+02, 3.31057922e+02, 1.74424316e+02, 3.25347595e+02,
    2.03008972e+02, 3.19691345e+02 ]
CalibrationFramePatternWorld: [ 0., 0., 0., 0., 4.43000011e-02, 0., 0.,
    8.86000022e-02, 0., 0., 1.32900000e-01, 0., 0., 1.77200004e-01, 0.,
    4.43000011e-02, 0., 0., 4.43000011e-02, 4.43000011e-02, 0.,
    4.43000011e-02, 8.86000022e-02, 0., 4.43000011e-02, 1.32900000e-01,
    0., 4.43000011e-02, 1.77200004e-01, 0., 8.86000022e-02, 0., 0.,
    8.86000022e-02, 4.43000011e-02, 0., 8.86000022e-02, 8.86000022e-02,
    0., 8.86000022e-02, 1.32900000e-01, 0., 8.86000022e-02,
    1.77200004e-01, 0., 1.32900000e-01, 0., 0., 1.32900000e-01,
    4.43000011e-02, 0., 1.32900000e-01, 8.86000022e-02, 0.,
    1.32900000e-01, 1.32900000e-01, 0., 1.32900000e-01, 1.77200004e-01,
    0. ]
CalibrationFrameExtRotation: !!opencv-matrix
   rows: 3
   cols: 1
   dt: d
   data: [ 1.9050194966922536e+00, 1.5063510908380506e+00,
       4.2753575932532717e-01 ]
CalibrationFrameExtTranslation: !!opencv-matrix
   rows: 3
   cols: 1
   dt: d
   data: [ -2.6635944485768154e-01, -3.5163940359399043e-02,
       9.4661061939256208e-01 ]
CalibrationFrameRMSerror: 2.4118073284626007e-01
