%YAML:1.0
---
CalibrationFramePatternImage: [ 2.57390137e+02, 1.16058052e+02,
    2.83988922e+02, 1.17658058e+02, 3.10777374e+02, 1.19072762e+02,
    3.37196198e+02, 1.20824722e+02, 3.63981140e+02, 1.22556602e+02,
    2.55496353e+02, 1.42127731e+02, 2.82078766e+02, 1.43666672e+02,
    3.08773407e+02, 1.45285263e+02, 3.35430664e+02, 1.47021896e+02,
    3.62208344e+02, 1.48843750e+02, 2.53492340e+02, 1.68252869e+02,
    2.80137146e+02, 1.69950180e+02, 3.06963379e+02, 1.71664230e+02,
    3.33733459e+02, 1.73236862e+02, 3.60356354e+02, 1.75107269e+02,
    2.51842484e+02, 1.94606232e+02, 2.78122711e+02, 1.96194748e+02,
    3.04993896e+02, 1.98055664e+02, 3.31826508e+02, 1.99903351e+02,
    3.58392334e+02, 2.01781021e+02 ]
CalibrationFramePatternWorld: [ 0., 0., 0., 0., 4.43000011e-02, 0., 0.,
    8.86000022e-02, 0., 0., 1.32900000e-01, 0., 0., 1.77200004e-01, 0.,
    4.43000011e-02, 0., 0., 4.43000011e-02, 4.43000011e-02, 0.,
    4.43000011e-02, 8.86000022e-02, 0., 4.43000011e-02, 1.32900000e-01,
    0., 4.43000011e-02, 1.77200004e-01, 0., 8.86000022e-02, 0., 0.,
    8.86000022e-02, 4.43000011e-02, 0., 8.86000022e-02, 8.86000022e-02,
    0., 8.86000022e-02, 1.32900000e-01, 0., 8.86000022e-02,
    1.77200004e-01, 0., 1.32900000e-01, 0., 0., 1.32900000e-01,
    4.43000011e-02, 0., 1.32900000e-01, 8.86000022e-02, 0.,
    1.32900000e-01, 1.32900000e-01, 0., 1.32900000e-01, 1.77200004e-01,
    0. ]
CalibrationFrameExtRotation: !!opencv-matrix
   rows: 3
   cols: 1
   dt: d
   data: [ 2.1843334871137570e+00, 2.3466393690999365e+00,
       -5.9454318937218809e-02 ]
CalibrationFrameExtTranslation: !!opencv-matrix
   rows: 3
   cols: 1
   dt: d
   data: [ -4.0686598523712009e-02, -2.4875839117095536e-01,
       1.3782909706854987e+00 ]
CalibrationFrameRMSerror: 1.2682825326919556e-01
