%YAML:1.0
---
CalibrationFramePatternImage: [ 1.44416306e+02, 1.57355530e+02,
    1.78765152e+02, 1.59812698e+02, 2.13910690e+02, 1.62099655e+02,
    2.49963882e+02, 1.64805344e+02, 2.87100372e+02, 1.67562958e+02,
    1.38087860e+02, 1.92470581e+02, 1.72251984e+02, 1.95298676e+02,
    2.07676910e+02, 1.98172791e+02, 2.44090790e+02, 2.01434219e+02,
    2.81534241e+02, 2.04741714e+02, 1.31796616e+02, 2.28105728e+02,
    1.66098999e+02, 2.31682312e+02, 2.01684982e+02, 2.35275024e+02,
    2.38345764e+02, 2.38893387e+02, 2.75917999e+02, 2.42755096e+02,
    1.26247963e+02, 2.64803619e+02, 1.60514084e+02, 2.68854645e+02,
    1.96183411e+02, 2.73017029e+02, 2.32886246e+02, 2.77349701e+02,
    2.70465759e+02, 2.81511963e+02 ]
CalibrationFramePatternWorld: [ 0., 0., 0., 0., 4.43000011e-02, 0., 0.,
    8.86000022e-02, 0., 0., 1.32900000e-01, 0., 0., 1.77200004e-01, 0.,
    4.43000011e-02, 0., 0., 4.43000011e-02, 4.43000011e-02, 0.,
    4.43000011e-02, 8.86000022e-02, 0., 4.43000011e-02, 1.32900000e-01,
    0., 4.43000011e-02, 1.77200004e-01, 0., 8.86000022e-02, 0., 0.,
    8.86000022e-02, 4.43000011e-02, 0., 8.86000022e-02, 8.86000022e-02,
    0., 8.86000022e-02, 1.32900000e-01, 0., 8.86000022e-02,
    1.77200004e-01, 0., 1.32900000e-01, 0., 0., 1.32900000e-01,
    4.43000011e-02, 0., 1.32900000e-01, 8.86000022e-02, 0.,
    1.32900000e-01, 1.32900000e-01, 0., 1.32900000e-01, 1.77200004e-01,
    0. ]
CalibrationFrameExtRotation: !!opencv-matrix
   rows: 3
   cols: 1
   dt: d
   data: [ -2.0257902946427109e+00, -2.2952873236406850e+00,
       4.1241150595950610e-01 ]
CalibrationFrameExtTranslation: !!opencv-matrix
   rows: 3
   cols: 1
   dt: d
   data: [ -1.6550778635146138e-01, -1.2962587702391482e-01,
       9.9044521511843353e-01 ]
CalibrationFrameRMSerror: 2.1619695425033569e-01
