%YAML:1.0
---
CalibrationFramePatternImage: [ 9.22165527e+01, 1.35222702e+02,
    1.24314110e+02, 1.34620148e+02, 1.54940598e+02, 1.33993805e+02,
    1.84044861e+02, 1.33478897e+02, 2.11576584e+02, 1.33143066e+02,
    9.86790619e+01, 1.74215073e+02, 1.31202560e+02, 1.72360931e+02,
    1.61817993e+02, 1.70772186e+02, 1.90959320e+02, 1.69171921e+02,
    2.18311829e+02, 1.67861618e+02, 1.05420235e+02, 2.13615189e+02,
    1.37930222e+02, 2.10585434e+02, 1.68793259e+02, 2.07807541e+02,
    1.97654556e+02, 2.05159103e+02, 2.24986267e+02, 2.03010986e+02,
    1.11985443e+02, 2.53806549e+02, 1.44421661e+02, 2.49697891e+02,
    1.75009903e+02, 2.45724075e+02, 2.04052811e+02, 2.42027039e+02,
    2.31536789e+02, 2.38601730e+02 ]
CalibrationFramePatternWorld: [ 0., 0., 0., 0., 4.43000011e-02, 0., 0.,
    8.86000022e-02, 0., 0., 1.32900000e-01, 0., 0., 1.77200004e-01, 0.,
    4.43000011e-02, 0., 0., 4.43000011e-02, 4.43000011e-02, 0.,
    4.43000011e-02, 8.86000022e-02, 0., 4.43000011e-02, 1.32900000e-01,
    0., 4.43000011e-02, 1.77200004e-01, 0., 8.86000022e-02, 0., 0.,
    8.86000022e-02, 4.43000011e-02, 0., 8.86000022e-02, 8.86000022e-02,
    0., 8.86000022e-02, 1.32900000e-01, 0., 8.86000022e-02,
    1.77200004e-01, 0., 1.32900000e-01, 0., 0., 1.32900000e-01,
    4.43000011e-02, 0., 1.32900000e-01, 8.86000022e-02, 0.,
    1.32900000e-01, 1.32900000e-01, 0., 1.32900000e-01, 1.77200004e-01,
    0. ]
CalibrationFrameExtRotation: !!opencv-matrix
   rows: 3
   cols: 1
   dt: d
   data: [ 1.8673894821496910e+00, 1.5591507967758222e+00,
       6.3884793671135565e-01 ]
CalibrationFrameExtTranslation: !!opencv-matrix
   rows: 3
   cols: 1
   dt: d
   data: [ -2.0736983579366497e-01, -1.4172157483231063e-01,
       8.8766298861606585e-01 ]
CalibrationFrameRMSerror: 2.6804798841476440e-01
