%YAML:1.0
---
CalibrationFramePatternImage: [ 2.40281723e+02, 1.80517746e+02,
    2.68496490e+02, 1.76610840e+02, 2.96923065e+02, 1.72961533e+02,
    3.24908783e+02, 1.69358765e+02, 3.52793427e+02, 1.65788391e+02,
    2.43879868e+02, 2.08652603e+02, 2.72354736e+02, 2.04697968e+02,
    3.00423889e+02, 2.01082626e+02, 3.28531891e+02, 1.97300049e+02,
    3.56404053e+02, 1.93666672e+02, 2.47572067e+02, 2.36658875e+02,
    2.75711334e+02, 2.32723053e+02, 3.04175446e+02, 2.28860214e+02,
    3.32010315e+02, 2.25193588e+02, 3.59562714e+02, 2.21423721e+02,
    2.51386200e+02, 2.64349457e+02, 2.79451508e+02, 2.60461548e+02,
    3.07381744e+02, 2.56518585e+02, 3.35092682e+02, 2.52717911e+02,
    3.62653351e+02, 2.48923615e+02 ]
CalibrationFramePatternWorld: [ 0., 0., 0., 0., 4.43000011e-02, 0., 0.,
    8.86000022e-02, 0., 0., 1.32900000e-01, 0., 0., 1.77200004e-01, 0.,
    4.43000011e-02, 0., 0., 4.43000011e-02, 4.43000011e-02, 0.,
    4.43000011e-02, 8.86000022e-02, 0., 4.43000011e-02, 1.32900000e-01,
    0., 4.43000011e-02, 1.77200004e-01, 0., 8.86000022e-02, 0., 0.,
    8.86000022e-02, 4.43000011e-02, 0., 8.86000022e-02, 8.86000022e-02,
    0., 8.86000022e-02, 1.32900000e-01, 0., 8.86000022e-02,
    1.77200004e-01, 0., 1.32900000e-01, 0., 0., 1.32900000e-01,
    4.43000011e-02, 0., 1.32900000e-01, 8.86000022e-02, 0.,
    1.32900000e-01, 1.32900000e-01, 0., 1.32900000e-01, 1.77200004e-01,
    0. ]
CalibrationFrameExtRotation: !!opencv-matrix
   rows: 3
   cols: 1
   dt: d
   data: [ -2.3190139713763758e+00, -2.0277750711288354e+00,
       -2.5169408618748274e-01 ]
CalibrationFrameExtTranslation: !!opencv-matrix
   rows: 3
   cols: 1
   dt: d
   data: [ -6.4340664293563193e-02, -1.2997238342956402e-01,
       1.2820449514147503e+00 ]
CalibrationFrameRMSerror: 1.1165928840637207e-01
