%YAML:1.0
---
CalibrationFramePatternImage: [ 5.25494232e+01, 2.72821808e+02,
    8.73535919e+01, 2.71724609e+02, 1.22057281e+02, 2.70598969e+02,
    1.56214798e+02, 2.69498962e+02, 1.89715607e+02, 2.68545349e+02,
    5.36481743e+01, 3.08114624e+02, 8.84880295e+01, 3.06776550e+02,
    1.22967453e+02, 3.05575134e+02, 1.56975937e+02, 3.03983612e+02,
    1.90372879e+02, 3.02478455e+02, 5.50066948e+01, 3.42766388e+02,
    8.95715408e+01, 3.41346039e+02, 1.23946945e+02, 3.39725342e+02,
    1.57721603e+02, 3.37957672e+02, 1.91053513e+02, 3.36172760e+02,
    5.65631485e+01, 3.77047272e+02, 9.08270111e+01, 3.75234741e+02,
    1.24929131e+02, 3.73287018e+02, 1.58507233e+02, 3.71287323e+02,
    1.91550995e+02, 3.69180573e+02 ]
CalibrationFramePatternWorld: [ 0., 0., 0., 0., 4.43000011e-02, 0., 0.,
    8.86000022e-02, 0., 0., 1.32900000e-01, 0., 0., 1.77200004e-01, 0.,
    4.43000011e-02, 0., 0., 4.43000011e-02, 4.43000011e-02, 0.,
    4.43000011e-02, 8.86000022e-02, 0., 4.43000011e-02, 1.32900000e-01,
    0., 4.43000011e-02, 1.77200004e-01, 0., 8.86000022e-02, 0., 0.,
    8.86000022e-02, 4.43000011e-02, 0., 8.86000022e-02, 8.86000022e-02,
    0., 8.86000022e-02, 1.32900000e-01, 0., 8.86000022e-02,
    1.77200004e-01, 0., 1.32900000e-01, 0., 0., 1.32900000e-01,
    4.43000011e-02, 0., 1.32900000e-01, 8.86000022e-02, 0.,
    1.32900000e-01, 1.32900000e-01, 0., 1.32900000e-01, 1.77200004e-01,
    0. ]
CalibrationFrameExtRotation: !!opencv-matrix
   rows: 3
   cols: 1
   dt: d
   data: [ 2.0750258033673550e+00, 2.0409937388612365e+00,
       4.5620554890577181e-01 ]
CalibrationFrameExtTranslation: !!opencv-matrix
   rows: 3
   cols: 1
   dt: d
   data: [ -2.8402863559172681e-01, 1.0997902901305862e-02,
       1.0051051974007355e+00 ]
CalibrationFrameRMSerror: 1.1644829064607620e-01
