%YAML:1.0
---
CalibrationFramePatternImage: [ 9.11317444e+01, 2.90679047e+02,
    1.27233589e+02, 2.88384277e+02, 1.63669006e+02, 2.85948639e+02,
    1.99793793e+02, 2.83743439e+02, 2.35770325e+02, 2.81337433e+02,
    9.40593414e+01, 3.26924072e+02, 1.30045181e+02, 3.24532288e+02,
    1.66228760e+02, 3.22180847e+02, 2.02213699e+02, 3.19812164e+02,
    2.38122498e+02, 3.17252075e+02, 9.70147171e+01, 3.62460175e+02,
    1.32893723e+02, 3.60111755e+02, 1.68871887e+02, 3.57745361e+02,
    2.04917343e+02, 3.55198914e+02, 2.40610550e+02, 3.52613037e+02,
    1.00246819e+02, 3.97267303e+02, 1.35913055e+02, 3.95006470e+02,
    1.71765381e+02, 3.92582336e+02, 2.07320831e+02, 3.90036682e+02,
    2.42888596e+02, 3.87435516e+02 ]
CalibrationFramePatternWorld: [ 0., 0., 0., 0., 4.43000011e-02, 0., 0.,
    8.86000022e-02, 0., 0., 1.32900000e-01, 0., 0., 1.77200004e-01, 0.,
    4.43000011e-02, 0., 0., 4.43000011e-02, 4.43000011e-02, 0.,
    4.43000011e-02, 8.86000022e-02, 0., 4.43000011e-02, 1.32900000e-01,
    0., 4.43000011e-02, 1.77200004e-01, 0., 8.86000022e-02, 0., 0.,
    8.86000022e-02, 4.43000011e-02, 0., 8.86000022e-02, 8.86000022e-02,
    0., 8.86000022e-02, 1.32900000e-01, 0., 8.86000022e-02,
    1.77200004e-01, 0., 1.32900000e-01, 0., 0., 1.32900000e-01,
    4.43000011e-02, 0., 1.32900000e-01, 8.86000022e-02, 0.,
    1.32900000e-01, 1.32900000e-01, 0., 1.32900000e-01, 1.77200004e-01,
    0. ]
CalibrationFrameExtRotation: !!opencv-matrix
   rows: 3
   cols: 1
   dt: d
   data: [ -2.3329257897786997e+00, -2.1935029352540671e+00,
       -2.2292652523817610e-01 ]
CalibrationFrameExtTranslation: !!opencv-matrix
   rows: 3
   cols: 1
   dt: d
   data: [ -2.3087311226100032e-01, 3.2580065555397351e-02,
       9.9091236270692795e-01 ]
CalibrationFrameRMSerror: 1.4695666730403900e-01
