%YAML:1.0
---
CalibrationFramePatternImage: [ 7.64134674e+01, 1.91337753e+02,
    1.10580399e+02, 1.92668762e+02, 1.45073364e+02, 1.93969589e+02,
    1.79195526e+02, 1.95098618e+02, 2.13556549e+02, 1.96567596e+02,
    7.42229080e+01, 2.22545944e+02, 1.09184746e+02, 2.23779510e+02,
    1.44223892e+02, 2.24918442e+02, 1.79066437e+02, 2.26230301e+02,
    2.13776123e+02, 2.27569656e+02, 7.22556534e+01, 2.54942932e+02,
    1.07707619e+02, 2.56091644e+02, 1.43296219e+02, 2.57247009e+02,
    1.78757339e+02, 2.58461395e+02, 2.14131668e+02, 2.59698578e+02,
    7.05090408e+01, 2.88801788e+02, 1.06401459e+02, 2.90011780e+02,
    1.42511337e+02, 2.91124176e+02, 1.78473984e+02, 2.92084076e+02,
    2.14224838e+02, 2.93125641e+02 ]
CalibrationFramePatternWorld: [ 0., 0., 0., 0., 4.43000011e-02, 0., 0.,
    8.86000022e-02, 0., 0., 1.32900000e-01, 0., 0., 1.77200004e-01, 0.,
    4.43000011e-02, 0., 0., 4.43000011e-02, 4.43000011e-02, 0.,
    4.43000011e-02, 8.86000022e-02, 0., 4.43000011e-02, 1.32900000e-01,
    0., 4.43000011e-02, 1.77200004e-01, 0., 8.86000022e-02, 0., 0.,
    8.86000022e-02, 4.43000011e-02, 0., 8.86000022e-02, 8.86000022e-02,
    0., 8.86000022e-02, 1.32900000e-01, 0., 8.86000022e-02,
    1.77200004e-01, 0., 1.32900000e-01, 0., 0., 1.32900000e-01,
    4.43000011e-02, 0., 1.32900000e-01, 8.86000022e-02, 0.,
    1.32900000e-01, 1.32900000e-01, 0., 1.32900000e-01, 1.77200004e-01,
    0. ]
CalibrationFrameExtRotation: !!opencv-matrix
   rows: 3
   cols: 1
   dt: d
   data: [ 1.9373103277940069e+00, 1.9296593842231164e+00,
       -1.8476800676166197e-01 ]
CalibrationFrameExtTranslation: !!opencv-matrix
   rows: 3
   cols: 1
   dt: d
   data: [ -2.6214697485352639e-01, -9.3474447847836442e-02,
       1.0389792304510144e+00 ]
CalibrationFrameRMSerror: 1.7290958762168884e-01
