%YAML:1.0
---
CalibrationFramePatternImage: [ 3.13370575e+02, 5.83475990e+01,
    3.49611816e+02, 6.68476410e+01, 3.86440033e+02, 7.56999054e+01,
    4.23627808e+02, 8.50206223e+01, 4.61256836e+02, 9.46015167e+01,
    3.04488800e+02, 9.48103409e+01, 3.40383728e+02, 1.03644371e+02,
    3.76988403e+02, 1.12803963e+02, 4.14036224e+02, 1.22470734e+02,
    4.51486420e+02, 1.32423965e+02, 2.95874176e+02, 1.30871323e+02,
    3.31454590e+02, 1.40095428e+02, 3.67648926e+02, 1.49674942e+02,
    4.04477478e+02, 1.59524536e+02, 4.41653748e+02, 1.69608719e+02,
    2.87535553e+02, 1.66670212e+02, 3.22722351e+02, 1.76200531e+02,
    3.58667603e+02, 1.86036224e+02, 3.95000946e+02, 1.96088333e+02,
    4.31714508e+02, 2.06439728e+02 ]
CalibrationFramePatternWorld: [ 0., 0., 0., 0., 4.43000011e-02, 0., 0.,
    8.86000022e-02, 0., 0., 1.32900000e-01, 0., 0., 1.77200004e-01, 0.,
    4.43000011e-02, 0., 0., 4.43000011e-02, 4.43000011e-02, 0.,
    4.43000011e-02, 8.86000022e-02, 0., 4.43000011e-02, 1.32900000e-01,
    0., 4.43000011e-02, 1.77200004e-01, 0., 8.86000022e-02, 0., 0.,
    8.86000022e-02, 4.43000011e-02, 0., 8.86000022e-02, 8.86000022e-02,
    0., 8.86000022e-02, 1.32900000e-01, 0., 8.86000022e-02,
    1.77200004e-01, 0., 1.32900000e-01, 0., 0., 1.32900000e-01,
    4.43000011e-02, 0., 1.32900000e-01, 8.86000022e-02, 0.,
    1.32900000e-01, 1.32900000e-01, 0., 1.32900000e-01, 1.77200004e-01,
    0. ]
CalibrationFrameExtRotation: !!opencv-matrix
   rows: 3
   cols: 1
   dt: d
   data: [ -1.7060999946040440e+00, -2.2280170207864742e+00,
       4.6826473438418961e-02 ]
CalibrationFrameExtTranslation: !!opencv-matrix
   rows: 3
   cols: 1
   dt: d
   data: [ 3.6552651654329443e-02, -2.4181688186716616e-01,
       9.5469228207631107e-01 ]
CalibrationFrameRMSerror: 1.3463376462459564e-01
