%YAML:1.0
---
CalibrationFramePatternImage: [ 3.60757538e+02, 7.87874374e+01,
    3.96001587e+02, 8.18978653e+01, 4.31928741e+02, 8.50949249e+01,
    4.68718018e+02, 8.87701340e+01, 5.05944824e+02, 9.26484375e+01,
    3.56044891e+02, 1.14536575e+02, 3.91250732e+02, 1.18131119e+02,
    4.27225647e+02, 1.22013351e+02, 4.64034729e+02, 1.25990669e+02,
    5.01426086e+02, 1.30360077e+02, 3.51583832e+02, 1.50527466e+02,
    3.86580780e+02, 1.54541367e+02, 4.22560242e+02, 1.58846710e+02,
    4.59388245e+02, 1.63377838e+02, 4.96641022e+02, 1.68189148e+02,
    3.47200256e+02, 1.86694489e+02, 3.82152496e+02, 1.91219452e+02,
    4.17979065e+02, 1.96057022e+02, 4.54585205e+02, 2.01014908e+02,
    4.91589966e+02, 2.06299713e+02 ]
CalibrationFramePatternWorld: [ 0., 0., 0., 0., 4.43000011e-02, 0., 0.,
    8.86000022e-02, 0., 0., 1.32900000e-01, 0., 0., 1.77200004e-01, 0.,
    4.43000011e-02, 0., 0., 4.43000011e-02, 4.43000011e-02, 0.,
    4.43000011e-02, 8.86000022e-02, 0., 4.43000011e-02, 1.32900000e-01,
    0., 4.43000011e-02, 1.77200004e-01, 0., 8.86000022e-02, 0., 0.,
    8.86000022e-02, 4.43000011e-02, 0., 8.86000022e-02, 8.86000022e-02,
    0., 8.86000022e-02, 1.32900000e-01, 0., 8.86000022e-02,
    1.77200004e-01, 0., 1.32900000e-01, 0., 0., 1.32900000e-01,
    4.43000011e-02, 0., 1.32900000e-01, 8.86000022e-02, 0.,
    1.32900000e-01, 1.32900000e-01, 0., 1.32900000e-01, 1.77200004e-01,
    0. ]
CalibrationFrameExtRotation: !!opencv-matrix
   rows: 3
   cols: 1
   dt: d
   data: [ -1.8243008054827141e+00, -2.1104498290409071e+00,
       3.1231396608235673e-01 ]
CalibrationFrameExtTranslation: !!opencv-matrix
   rows: 3
   cols: 1
   dt: d
   data: [ 9.5006706683363154e-02, -2.2538720204496110e-01,
       9.8967689294277716e-01 ]
CalibrationFrameRMSerror: 1.2929730117321014e-01
