%YAML:1.0
---
CalibrationFramePatternImage: [ 3.85017639e+02, 2.89941772e+02,
    4.20097717e+02, 2.87273865e+02, 4.54389404e+02, 2.84739166e+02,
    4.87374847e+02, 2.82085724e+02, 5.19330200e+02, 2.79738861e+02,
    3.88107574e+02, 3.27307037e+02, 4.23490479e+02, 3.24209442e+02,
    4.57653015e+02, 3.21219604e+02, 4.90655670e+02, 3.18067413e+02,
    5.22525757e+02, 3.15008575e+02, 3.90957245e+02, 3.64406372e+02,
    4.26315918e+02, 3.60861755e+02, 4.60497742e+02, 3.57367432e+02,
    4.93440979e+02, 3.53568665e+02, 5.25259338e+02, 3.50305481e+02,
    3.93227020e+02, 4.01268127e+02, 4.28367432e+02, 3.97246948e+02,
    4.62461945e+02, 3.93234955e+02, 4.95525177e+02, 3.89377289e+02,
    5.27334595e+02, 3.85312225e+02 ]
CalibrationFramePatternWorld: [ 0., 0., 0., 0., 4.43000011e-02, 0., 0.,
    8.86000022e-02, 0., 0., 1.32900000e-01, 0., 0., 1.77200004e-01, 0.,
    4.43000011e-02, 0., 0., 4.43000011e-02, 4.43000011e-02, 0.,
    4.43000011e-02, 8.86000022e-02, 0., 4.43000011e-02, 1.32900000e-01,
    0., 4.43000011e-02, 1.77200004e-01, 0., 8.86000022e-02, 0., 0.,
    8.86000022e-02, 4.43000011e-02, 0., 8.86000022e-02, 8.86000022e-02,
    0., 8.86000022e-02, 1.32900000e-01, 0., 8.86000022e-02,
    1.77200004e-01, 0., 1.32900000e-01, 0., 0., 1.32900000e-01,
    4.43000011e-02, 0., 1.32900000e-01, 8.86000022e-02, 0.,
    1.32900000e-01, 1.32900000e-01, 0., 1.32900000e-01, 1.77200004e-01,
    0. ]
CalibrationFrameExtRotation: !!opencv-matrix
   rows: 3
   cols: 1
   dt: d
   data: [ 2.1593791635120838e+00, 2.0155884566174946e+00,
       1.1190282421533913e-01 ]
CalibrationFrameExtTranslation: !!opencv-matrix
   rows: 3
   cols: 1
   dt: d
   data: [ 1.2124738313653298e-01, 3.0505022296291217e-02,
       9.7659366796047020e-01 ]
CalibrationFrameRMSerror: 2.1348774433135986e-01
