%YAML:1.0
---
CalibrationFramePatternImage: [ 8.44226990e+01, 7.59363556e+01,
    1.19874565e+02, 8.92895508e+01, 1.55262848e+02, 1.02707893e+02,
    1.90327896e+02, 1.16097038e+02, 2.24870697e+02, 1.29510818e+02,
    7.09731293e+01, 1.10634163e+02, 1.06106857e+02, 1.23641716e+02,
    1.41164871e+02, 1.36802185e+02, 1.75830093e+02, 1.49675339e+02,
    2.10149414e+02, 1.62343307e+02, 5.83727417e+01, 1.44106003e+02,
    9.31062317e+01, 1.56890335e+02, 1.27740089e+02, 1.69473099e+02,
    1.62079163e+02, 1.81857605e+02, 1.96042130e+02, 1.94195328e+02,
    4.65123405e+01, 1.76542389e+02, 8.08046265e+01, 1.88847885e+02,
    1.14844231e+02, 2.00930099e+02, 1.48844086e+02, 2.12834824e+02,
    1.82192612e+02, 2.24724716e+02 ]
CalibrationFramePatternWorld: [ 0., 0., 0., 0., 4.43000011e-02, 0., 0.,
    8.86000022e-02, 0., 0., 1.32900000e-01, 0., 0., 1.77200004e-01, 0.,
    4.43000011e-02, 0., 0., 4.43000011e-02, 4.43000011e-02, 0.,
    4.43000011e-02, 8.86000022e-02, 0., 4.43000011e-02, 1.32900000e-01,
    0., 4.43000011e-02, 1.77200004e-01, 0., 8.86000022e-02, 0., 0.,
    8.86000022e-02, 4.43000011e-02, 0., 8.86000022e-02, 8.86000022e-02,
    0., 8.86000022e-02, 1.32900000e-01, 0., 8.86000022e-02,
    1.77200004e-01, 0., 1.32900000e-01, 0., 0., 1.32900000e-01,
    4.43000011e-02, 0., 1.32900000e-01, 8.86000022e-02, 0.,
    1.32900000e-01, 1.32900000e-01, 0., 1.32900000e-01, 1.77200004e-01,
    0. ]
CalibrationFrameExtRotation: !!opencv-matrix
   rows: 3
   cols: 1
   dt: d
   data: [ -1.6116335705982736e+00, -2.4380762748171629e+00,
       -6.9800991882823937e-01 ]
CalibrationFrameExtTranslation: !!opencv-matrix
   rows: 3
   cols: 1
   dt: d
   data: [ -2.2612645544410059e-01, -2.1610674250844547e-01,
       9.1917312181019528e-01 ]
CalibrationFrameRMSerror: 2.2164253890514374e-01
