%YAML:1.0
---
CalibrationFramePatternImage: [ 1.16702545e+02, 2.83353821e+02,
    1.52311096e+02, 2.85560181e+02, 1.88193298e+02, 2.87445801e+02,
    2.23937805e+02, 2.89290253e+02, 2.59440155e+02, 2.91194794e+02,
    1.14173203e+02, 3.17307983e+02, 1.50477692e+02, 3.19367371e+02,
    1.86860458e+02, 3.21361633e+02, 2.23076004e+02, 3.23177856e+02,
    2.59163330e+02, 3.25003265e+02, 1.11969475e+02, 3.52032837e+02,
    1.48658936e+02, 3.54142731e+02, 1.85531631e+02, 3.56012207e+02,
    2.22246704e+02, 3.57952728e+02, 2.59010040e+02, 3.59578369e+02,
    1.09846428e+02, 3.87944336e+02, 1.47011673e+02, 3.90099457e+02,
    1.84296219e+02, 3.92077209e+02, 2.21459869e+02, 3.93734589e+02,
    2.58477844e+02, 3.95237030e+02 ]
CalibrationFramePatternWorld: [ 0., 0., 0., 0., 4.43000011e-02, 0., 0.,
    8.86000022e-02, 0., 0., 1.32900000e-01, 0., 0., 1.77200004e-01, 0.,
    4.43000011e-02, 0., 0., 4.43000011e-02, 4.43000011e-02, 0.,
    4.43000011e-02, 8.86000022e-02, 0., 4.43000011e-02, 1.32900000e-01,
    0., 4.43000011e-02, 1.77200004e-01, 0., 8.86000022e-02, 0., 0.,
    8.86000022e-02, 4.43000011e-02, 0., 8.86000022e-02, 8.86000022e-02,
    0., 8.86000022e-02, 1.32900000e-01, 0., 8.86000022e-02,
    1.77200004e-01, 0., 1.32900000e-01, 0., 0., 1.32900000e-01,
    4.43000011e-02, 0., 1.32900000e-01, 8.86000022e-02, 0.,
    1.32900000e-01, 1.32900000e-01, 0., 1.32900000e-01, 1.77200004e-01,
    0. ]
CalibrationFrameExtRotation: !!opencv-matrix
   rows: 3
   cols: 1
   dt: d
   data: [ 1.9216479302685054e+00, 1.9802338592186983e+00,
       -2.2835508752796102e-01 ]
CalibrationFrameExtTranslation: !!opencv-matrix
   rows: 3
   cols: 1
   dt: d
   data: [ -2.0291564565427941e-01, 2.3728772530067943e-02,
       1.0100974967761012e+00 ]
CalibrationFrameRMSerror: 1.3154314458370209e-01
