%YAML:1.0
---
CalibrationFramePatternImage: [ 2.56138031e+02, 1.49511444e+02,
    2.82448334e+02, 1.46837631e+02, 3.08861176e+02, 1.44068497e+02,
    3.35562958e+02, 1.41176865e+02, 3.62429932e+02, 1.38886703e+02,
    2.57252563e+02, 1.75471161e+02, 2.83737823e+02, 1.72981903e+02,
    3.10197632e+02, 1.70299881e+02, 3.37064758e+02, 1.67978424e+02,
    3.64108765e+02, 1.65425629e+02, 2.58262024e+02, 2.01685425e+02,
    2.84883331e+02, 1.99217285e+02, 3.11560944e+02, 1.97025085e+02,
    3.38673676e+02, 1.94928787e+02, 3.65890442e+02, 1.92503464e+02,
    2.59698578e+02, 2.28227753e+02, 2.86111115e+02, 2.26157959e+02,
    3.13015839e+02, 2.24219482e+02, 3.40021210e+02, 2.22083038e+02,
    3.67556519e+02, 2.20134705e+02 ]
CalibrationFramePatternWorld: [ 0., 0., 0., 0., 4.43000011e-02, 0., 0.,
    8.86000022e-02, 0., 0., 1.32900000e-01, 0., 0., 1.77200004e-01, 0.,
    4.43000011e-02, 0., 0., 4.43000011e-02, 4.43000011e-02, 0.,
    4.43000011e-02, 8.86000022e-02, 0., 4.43000011e-02, 1.32900000e-01,
    0., 4.43000011e-02, 1.77200004e-01, 0., 8.86000022e-02, 0., 0.,
    8.86000022e-02, 4.43000011e-02, 0., 8.86000022e-02, 8.86000022e-02,
    0., 8.86000022e-02, 1.32900000e-01, 0., 8.86000022e-02,
    1.77200004e-01, 0., 1.32900000e-01, 0., 0., 1.32900000e-01,
    4.43000011e-02, 0., 1.32900000e-01, 8.86000022e-02, 0.,
    1.32900000e-01, 1.32900000e-01, 0., 1.32900000e-01, 1.77200004e-01,
    0. ]
CalibrationFrameExtRotation: !!opencv-matrix
   rows: 3
   cols: 1
   dt: d
   data: [ -2.1897385494594328e+00, -2.0679743402230000e+00,
       3.5086841343946024e-01 ]
CalibrationFrameExtTranslation: !!opencv-matrix
   rows: 3
   cols: 1
   dt: d
   data: [ -4.2286343973194251e-02, -1.9097759442140316e-01,
       1.3706846847596881e+00 ]
CalibrationFrameRMSerror: 1.6796179115772247e-01
