%YAML:1.0
---
CalibrationFramePatternImage: [ 2.11240234e+02, 8.51122513e+01,
    2.43067932e+02, 7.17057037e+01, 2.75304321e+02, 5.80849457e+01,
    3.07765198e+02, 4.46390381e+01, 3.40496735e+02, 3.14613361e+01,
    2.22887268e+02, 1.16782928e+02, 2.54941635e+02, 1.03429726e+02,
    2.87572479e+02, 8.98665619e+01, 3.20370148e+02, 7.66006470e+01,
    3.53418610e+02, 6.33098335e+01, 2.34735199e+02, 1.48697678e+02,
    2.67045624e+02, 1.35465775e+02, 2.99799286e+02, 1.22212204e+02,
    3.32955414e+02, 1.09011955e+02, 3.66214844e+02, 9.58400192e+01,
    2.46847534e+02, 1.81232681e+02, 2.79386658e+02, 1.68275650e+02,
    3.12393799e+02, 1.55209213e+02, 3.45676300e+02, 1.42011902e+02,
    3.79048981e+02, 1.29006088e+02 ]
CalibrationFramePatternWorld: [ 0., 0., 0., 0., 4.43000011e-02, 0., 0.,
    8.86000022e-02, 0., 0., 1.32900000e-01, 0., 0., 1.77200004e-01, 0.,
    4.43000011e-02, 0., 0., 4.43000011e-02, 4.43000011e-02, 0.,
    4.43000011e-02, 8.86000022e-02, 0., 4.43000011e-02, 1.32900000e-01,
    0., 4.43000011e-02, 1.77200004e-01, 0., 8.86000022e-02, 0., 0.,
    8.86000022e-02, 4.43000011e-02, 0., 8.86000022e-02, 8.86000022e-02,
    0., 8.86000022e-02, 1.32900000e-01, 0., 8.86000022e-02,
    1.77200004e-01, 0., 1.32900000e-01, 0., 0., 1.32900000e-01,
    4.43000011e-02, 0., 1.32900000e-01, 8.86000022e-02, 0.,
    1.32900000e-01, 1.32900000e-01, 0., 1.32900000e-01, 1.77200004e-01,
    0. ]
CalibrationFrameExtRotation: !!opencv-matrix
   rows: 3
   cols: 1
   dt: d
   data: [ -2.4450209591608063e+00, -1.6988882152757883e+00,
       2.1472268884463788e-01 ]
CalibrationFrameExtTranslation: !!opencv-matrix
   rows: 3
   cols: 1
   dt: d
   data: [ -8.9742965475787112e-02, -2.2914289855956946e-01,
       1.0431377995246198e+00 ]
CalibrationFrameRMSerror: 1.5798105299472809e-01
