%YAML:1.0
---
CalibrationFramePatternImage: [ 3.53823303e+02, 8.49307404e+01,
    3.90767731e+02, 8.65952911e+01, 4.27019348e+02, 8.82696075e+01,
    4.62302643e+02, 9.03908615e+01, 4.96481750e+02, 9.24695206e+01,
    3.53196686e+02, 1.22680878e+02, 3.90282562e+02, 1.24015396e+02,
    4.26645660e+02, 1.25350899e+02, 4.61942810e+02, 1.26933342e+02,
    4.96117554e+02, 1.28585632e+02, 3.52351532e+02, 1.60376526e+02,
    3.89523376e+02, 1.61312759e+02, 4.25796295e+02, 1.62414200e+02,
    4.61139404e+02, 1.63475601e+02, 4.95392365e+02, 1.64830872e+02,
    3.51227814e+02, 1.98099533e+02, 3.88203766e+02, 1.98638443e+02,
    4.24291840e+02, 1.99419037e+02, 4.59649994e+02, 2.00112366e+02,
    4.93939209e+02, 2.00977066e+02 ]
CalibrationFramePatternWorld: [ 0., 0., 0., 0., 4.43000011e-02, 0., 0.,
    8.86000022e-02, 0., 0., 1.32900000e-01, 0., 0., 1.77200004e-01, 0.,
    4.43000011e-02, 0., 0., 4.43000011e-02, 4.43000011e-02, 0.,
    4.43000011e-02, 8.86000022e-02, 0., 4.43000011e-02, 1.32900000e-01,
    0., 4.43000011e-02, 1.77200004e-01, 0., 8.86000022e-02, 0., 0.,
    8.86000022e-02, 4.43000011e-02, 0., 8.86000022e-02, 8.86000022e-02,
    0., 8.86000022e-02, 1.32900000e-01, 0., 8.86000022e-02,
    1.77200004e-01, 0., 1.32900000e-01, 0., 0., 1.32900000e-01,
    4.43000011e-02, 0., 1.32900000e-01, 8.86000022e-02, 0.,
    1.32900000e-01, 1.32900000e-01, 0., 1.32900000e-01, 1.77200004e-01,
    0. ]
CalibrationFrameExtRotation: !!opencv-matrix
   rows: 3
   cols: 1
   dt: d
   data: [ 2.2054852273748513e+00, 2.2296237691049425e+00,
       2.6383821773662325e-01 ]
CalibrationFrameExtTranslation: !!opencv-matrix
   rows: 3
   cols: 1
   dt: d
   data: [ 8.3467483867678022e-02, -2.0952452193847154e-01,
       9.5351768072591103e-01 ]
CalibrationFrameRMSerror: 1.9006204605102539e-01
