%YAML:1.0
---
CalibrationFramePatternImage: [ 3.77010773e+02, 1.36372009e+02,
    4.00933441e+02, 1.30058823e+02, 4.23705902e+02, 1.24124733e+02,
    4.44976532e+02, 1.18642601e+02, 4.65010193e+02, 1.13590187e+02,
    3.81176605e+02, 1.73287247e+02, 4.05008270e+02, 1.65836182e+02,
    4.27360931e+02, 1.58875000e+02, 4.48110291e+02, 1.52386032e+02,
    4.67747345e+02, 1.46294312e+02, 3.84551636e+02, 2.09280960e+02,
    4.08058075e+02, 2.00812897e+02, 4.29821747e+02, 1.92937500e+02,
    4.50297150e+02, 1.85348831e+02, 4.69451019e+02, 1.78594788e+02,
    3.86923920e+02, 2.44668732e+02, 4.09742615e+02, 2.35299271e+02,
    4.31298920e+02, 2.26438400e+02, 4.51572723e+02, 2.17903458e+02,
    4.70639984e+02, 2.10054764e+02 ]
CalibrationFramePatternWorld: [ 0., 0., 0., 0., 4.43000011e-02, 0., 0.,
    8.86000022e-02, 0., 0., 1.32900000e-01, 0., 0., 1.77200004e-01, 0.,
    4.43000011e-02, 0., 0., 4.43000011e-02, 4.43000011e-02, 0.,
    4.43000011e-02, 8.86000022e-02, 0., 4.43000011e-02, 1.32900000e-01,
    0., 4.43000011e-02, 1.77200004e-01, 0., 8.86000022e-02, 0., 0.,
    8.86000022e-02, 4.43000011e-02, 0., 8.86000022e-02, 8.86000022e-02,
    0., 8.86000022e-02, 1.32900000e-01, 0., 8.86000022e-02,
    1.77200004e-01, 0., 1.32900000e-01, 0., 0., 1.32900000e-01,
    4.43000011e-02, 0., 1.32900000e-01, 8.86000022e-02, 0.,
    1.32900000e-01, 1.32900000e-01, 0., 1.32900000e-01, 1.77200004e-01,
    0. ]
CalibrationFrameExtRotation: !!opencv-matrix
   rows: 3
   cols: 1
   dt: d
   data: [ 2.0769051253975208e+00, 1.6442594261410777e+00,
       9.4678652071439140e-01 ]
CalibrationFrameExtTranslation: !!opencv-matrix
   rows: 3
   cols: 1
   dt: d
   data: [ 1.1132713846500805e-01, -1.4972187946897744e-01,
       9.6118008496810059e-01 ]
CalibrationFrameRMSerror: 4.2564812302589417e-01
