%YAML:1.0
---
CalibrationFramePatternImage: [ 7.56297913e+01, 2.94453522e+02,
    1.06810936e+02, 2.79479492e+02, 1.37291367e+02, 2.65129486e+02,
    1.66799316e+02, 2.51580353e+02, 1.95068604e+02, 2.38468338e+02,
    8.62056580e+01, 3.28094421e+02, 1.17206947e+02, 3.12908783e+02,
    1.46959122e+02, 2.98160187e+02, 1.75746918e+02, 2.83917114e+02,
    2.03371094e+02, 2.70348724e+02, 9.65168915e+01, 3.60209595e+02,
    1.26656013e+02, 3.44721649e+02, 1.55869247e+02, 3.29697021e+02,
    1.84005737e+02, 3.15031525e+02, 2.11097916e+02, 3.01053406e+02,
    1.05856537e+02, 3.90863770e+02, 1.35148651e+02, 3.75186951e+02,
    1.63922974e+02, 3.59945374e+02, 1.91485336e+02, 3.45081299e+02,
    2.18113647e+02, 3.30790466e+02 ]
CalibrationFramePatternWorld: [ 0., 0., 0., 0., 4.43000011e-02, 0., 0.,
    8.86000022e-02, 0., 0., 1.32900000e-01, 0., 0., 1.77200004e-01, 0.,
    4.43000011e-02, 0., 0., 4.43000011e-02, 4.43000011e-02, 0.,
    4.43000011e-02, 8.86000022e-02, 0., 4.43000011e-02, 1.32900000e-01,
    0., 4.43000011e-02, 1.77200004e-01, 0., 8.86000022e-02, 0., 0.,
    8.86000022e-02, 4.43000011e-02, 0., 8.86000022e-02, 8.86000022e-02,
    0., 8.86000022e-02, 1.32900000e-01, 0., 8.86000022e-02,
    1.77200004e-01, 0., 1.32900000e-01, 0., 0., 1.32900000e-01,
    4.43000011e-02, 0., 1.32900000e-01, 8.86000022e-02, 0.,
    1.32900000e-01, 1.32900000e-01, 0., 1.32900000e-01, 1.77200004e-01,
    0. ]
CalibrationFrameExtRotation: !!opencv-matrix
   rows: 3
   cols: 1
   dt: d
   data: [ 2.2090802046994003e+00, 1.5756246120602477e+00,
       9.9054681642567466e-01 ]
CalibrationFrameExtTranslation: !!opencv-matrix
   rows: 3
   cols: 1
   dt: d
   data: [ -2.3829730067296132e-01, 3.5374848168691915e-02,
       9.4167831490292420e-01 ]
CalibrationFrameRMSerror: 3.5975319147109985e-01
