%YAML:1.0
---
CalibrationFramePatternImage: [ 3.81273041e+02, 1.65729965e+02,
    4.16714386e+02, 1.68871445e+02, 4.51151672e+02, 1.72327332e+02,
    4.84335022e+02, 1.75464462e+02, 5.16307617e+02, 1.78735809e+02,
    3.73230255e+02, 1.97693130e+02, 4.08185181e+02, 2.00562805e+02,
    4.42166870e+02, 2.03408875e+02, 4.74863525e+02, 2.05972702e+02,
    5.06285370e+02, 2.08352325e+02, 3.65541809e+02, 2.28192520e+02,
    3.99862915e+02, 2.30593231e+02, 4.33242462e+02, 2.32854797e+02,
    4.65234650e+02, 2.34690857e+02, 4.96447693e+02, 2.36769745e+02,
    3.57809723e+02, 2.56807404e+02, 3.91435120e+02, 2.58693176e+02,
    4.24077881e+02, 2.60532166e+02, 4.55641632e+02, 2.62232239e+02,
    4.86361755e+02, 2.63607239e+02 ]
CalibrationFramePatternWorld: [ 0., 0., 0., 0., 4.43000011e-02, 0., 0.,
    8.86000022e-02, 0., 0., 1.32900000e-01, 0., 0., 1.77200004e-01, 0.,
    4.43000011e-02, 0., 0., 4.43000011e-02, 4.43000011e-02, 0.,
    4.43000011e-02, 8.86000022e-02, 0., 4.43000011e-02, 1.32900000e-01,
    0., 4.43000011e-02, 1.77200004e-01, 0., 8.86000022e-02, 0., 0.,
    8.86000022e-02, 4.43000011e-02, 0., 8.86000022e-02, 8.86000022e-02,
    0., 8.86000022e-02, 1.32900000e-01, 0., 8.86000022e-02,
    1.77200004e-01, 0., 1.32900000e-01, 0., 0., 1.32900000e-01,
    4.43000011e-02, 0., 1.32900000e-01, 8.86000022e-02, 0.,
    1.32900000e-01, 1.32900000e-01, 0., 1.32900000e-01, 1.77200004e-01,
    0. ]
CalibrationFrameExtRotation: !!opencv-matrix
   rows: 3
   cols: 1
   dt: d
   data: [ -1.7967707184099337e+00, -2.0173446223515121e+00,
       -7.9468992660436455e-01 ]
CalibrationFrameExtTranslation: !!opencv-matrix
   rows: 3
   cols: 1
   dt: d
   data: [ 1.1617671727401480e-01, -1.1548939811330806e-01,
       9.6835315279424161e-01 ]
CalibrationFrameRMSerror: 2.9789620637893677e-01
