%YAML:1.0
---
FrameWidth: 640
FrameHeight: 480
FramesInCalibration: 30
CameraMatrix: !!opencv-matrix
   rows: 3
   cols: 3
   dt: d
   data: [ 8.5597968986311218e+02, 0., 2.6756575920616615e+02, 0.,
       8.4911833487767001e+02, 2.4521063173967920e+02, 0., 0., 1. ]
DistortionCoefficients: !!opencv-matrix
   rows: 1
   cols: 5
   dt: d
   data: [ -2.7189611349438864e-01, -7.2039437810230478e-01,
       -2.2600260565743772e-03, 2.4975678991271248e-03,
       2.5396026804056433e+00 ]
CalibrationRMSerror: 2.2725231945514679e-01
CalibrationReprojectionError: 2.2725242376327515e-01
CalibrationColinearityErrorOld: 4.4272203445434570e+00
CalibrationColinearityErrorNew: 4.4262862205505371e+00
