%YAML:1.0
---
CalibrationFramePatternImage: [ 2.05611588e+02, 1.94275757e+02,
    2.23299072e+02, 1.90993927e+02, 2.40657089e+02, 1.87780823e+02,
    2.57750519e+02, 1.84607651e+02, 2.74340057e+02, 1.81472290e+02,
    2.90564148e+02, 1.78497681e+02, 3.06819489e+02, 1.75423981e+02,
    2.12304031e+02, 2.11937881e+02, 2.30282593e+02, 2.08440292e+02,
    2.47546936e+02, 2.05152313e+02, 2.64722687e+02, 2.01679169e+02,
    2.81327087e+02, 1.98595444e+02, 2.97821716e+02, 1.95192429e+02,
    3.13569000e+02, 1.92248077e+02, 2.18896759e+02, 2.29611237e+02,
    2.36648651e+02, 2.26154800e+02, 2.54345291e+02, 2.22538712e+02,
    2.71240936e+02, 2.19012802e+02, 2.88142548e+02, 2.15348343e+02,
    3.04636139e+02, 2.11865738e+02, 3.20577850e+02, 2.08707214e+02,
    2.25534698e+02, 2.47644806e+02, 2.43729797e+02, 2.43758698e+02,
    2.61040131e+02, 2.39949478e+02, 2.78387665e+02, 2.36327560e+02,
    2.95042999e+02, 2.32495804e+02, 3.11577972e+02, 2.28855042e+02,
    3.27616943e+02, 2.25383377e+02, 2.32549805e+02, 2.65395691e+02,
    2.50368668e+02, 2.61595642e+02, 2.68089172e+02, 2.57677521e+02,
    2.85013458e+02, 2.53577591e+02, 3.02207764e+02, 2.49841843e+02,
    3.18463928e+02, 2.46056290e+02, 3.34746338e+02, 2.42266235e+02 ]
CalibrationFramePatternWorld: [ 0., 0., 0., 0., 2.70000007e-02, 0., 0.,
    5.40000014e-02, 0., 0., 8.10000002e-02, 0., 0., 1.08000003e-01, 0.,
    0., 1.35000005e-01, 0., 0., 1.62000000e-01, 0., 2.70000007e-02, 0.,
    0., 2.70000007e-02, 2.70000007e-02, 0., 2.70000007e-02,
    5.40000014e-02, 0., 2.70000007e-02, 8.10000002e-02, 0.,
    2.70000007e-02, 1.08000003e-01, 0., 2.70000007e-02, 1.35000005e-01,
    0., 2.70000007e-02, 1.62000000e-01, 0., 5.40000014e-02, 0., 0.,
    5.40000014e-02, 2.70000007e-02, 0., 5.40000014e-02, 5.40000014e-02,
    0., 5.40000014e-02, 8.10000002e-02, 0., 5.40000014e-02,
    1.08000003e-01, 0., 5.40000014e-02, 1.35000005e-01, 0.,
    5.40000014e-02, 1.62000000e-01, 0., 8.10000002e-02, 0., 0.,
    8.10000002e-02, 2.70000007e-02, 0., 8.10000002e-02, 5.40000014e-02,
    0., 8.10000002e-02, 8.10000002e-02, 0., 8.10000002e-02,
    1.08000003e-01, 0., 8.10000002e-02, 1.35000005e-01, 0.,
    8.10000002e-02, 1.62000000e-01, 0., 1.08000003e-01, 0., 0.,
    1.08000003e-01, 2.70000007e-02, 0., 1.08000003e-01, 5.40000014e-02,
    0., 1.08000003e-01, 8.10000002e-02, 0., 1.08000003e-01,
    1.08000003e-01, 0., 1.08000003e-01, 1.35000005e-01, 0.,
    1.08000003e-01, 1.62000000e-01, 0. ]
CalibrationFrameExtRotation: !!opencv-matrix
   rows: 3
   cols: 1
   dt: d
   data: [ 2.0713143994168077e+00, 1.5288244661430159e+00,
       7.1267823067866151e-02 ]
CalibrationFrameExtTranslation: !!opencv-matrix
   rows: 3
   cols: 1
   dt: d
   data: [ -8.3738951468325981e-02, -6.9287419418900001e-02,
       1.1549211103477692e+00 ]
CalibrationFrameRMSerror: 1.9847062230110168e-01
