%YAML:1.0
---
CalibrationFramePatternImage: [ 4.86142090e+02, 6.64851761e+01,
    5.02353424e+02, 7.59661636e+01, 5.18660278e+02, 8.51707382e+01,
    5.34046570e+02, 9.44080658e+01, 5.49817505e+02, 1.03500389e+02,
    5.64718872e+02, 1.12526993e+02, 5.79885315e+02, 1.21504776e+02,
    4.76798340e+02, 8.27640762e+01, 4.92881500e+02, 9.22352982e+01,
    5.08738800e+02, 1.01206589e+02, 5.24663330e+02, 1.10233826e+02,
    5.40037170e+02, 1.19076912e+02, 5.55438232e+02, 1.28164886e+02,
    5.70509521e+02, 1.36902008e+02, 4.67316467e+02, 9.86797333e+01,
    4.83340546e+02, 1.07668869e+02, 4.99492279e+02, 1.16765915e+02,
    5.14979980e+02, 1.25709091e+02, 5.30753052e+02, 1.34635544e+02,
    5.45976379e+02, 1.43449982e+02, 5.60942688e+02, 1.51730194e+02,
    4.57821350e+02, 1.14477844e+02, 4.74273010e+02, 1.23475983e+02,
    4.90046112e+02, 1.32449661e+02, 5.05959167e+02, 1.41289307e+02,
    5.21588623e+02, 1.49877747e+02, 5.36807312e+02, 1.58408920e+02,
    5.51687073e+02, 1.67029526e+02, 4.48877899e+02, 1.30294388e+02,
    4.64874329e+02, 1.38957520e+02, 4.80940033e+02, 1.47642456e+02,
    4.96483765e+02, 1.56435013e+02, 5.12102600e+02, 1.65003403e+02,
    5.27424011e+02, 1.73624710e+02, 5.42554565e+02, 1.81752945e+02 ]
CalibrationFramePatternWorld: [ 0., 0., 0., 0., 2.70000007e-02, 0., 0.,
    5.40000014e-02, 0., 0., 8.10000002e-02, 0., 0., 1.08000003e-01, 0.,
    0., 1.35000005e-01, 0., 0., 1.62000000e-01, 0., 2.70000007e-02, 0.,
    0., 2.70000007e-02, 2.70000007e-02, 0., 2.70000007e-02,
    5.40000014e-02, 0., 2.70000007e-02, 8.10000002e-02, 0.,
    2.70000007e-02, 1.08000003e-01, 0., 2.70000007e-02, 1.35000005e-01,
    0., 2.70000007e-02, 1.62000000e-01, 0., 5.40000014e-02, 0., 0.,
    5.40000014e-02, 2.70000007e-02, 0., 5.40000014e-02, 5.40000014e-02,
    0., 5.40000014e-02, 8.10000002e-02, 0., 5.40000014e-02,
    1.08000003e-01, 0., 5.40000014e-02, 1.35000005e-01, 0.,
    5.40000014e-02, 1.62000000e-01, 0., 8.10000002e-02, 0., 0.,
    8.10000002e-02, 2.70000007e-02, 0., 8.10000002e-02, 5.40000014e-02,
    0., 8.10000002e-02, 8.10000002e-02, 0., 8.10000002e-02,
    1.08000003e-01, 0., 8.10000002e-02, 1.35000005e-01, 0.,
    8.10000002e-02, 1.62000000e-01, 0., 1.08000003e-01, 0., 0.,
    1.08000003e-01, 2.70000007e-02, 0., 1.08000003e-01, 5.40000014e-02,
    0., 1.08000003e-01, 8.10000002e-02, 0., 1.08000003e-01,
    1.08000003e-01, 0., 1.08000003e-01, 1.35000005e-01, 0.,
    1.08000003e-01, 1.62000000e-01, 0. ]
CalibrationFrameExtRotation: !!opencv-matrix
   rows: 3
   cols: 1
   dt: d
   data: [ -1.4429595604697296e+00, -2.3815761868314413e+00,
       -3.9367920263925454e-01 ]
CalibrationFrameExtTranslation: !!opencv-matrix
   rows: 3
   cols: 1
   dt: d
   data: [ 3.0720501804001926e-01, -2.5274654314714312e-01,
       1.1626462656799055e+00 ]
CalibrationFrameRMSerror: 2.3464743793010712e-01
