%YAML:1.0
---
CalibrationFramePatternImage: [ 2.71181183e+02, 5.47440033e+01,
    2.88305847e+02, 5.96730423e+01, 3.05878632e+02, 6.49083710e+01,
    3.23379089e+02, 7.00892715e+01, 3.41085999e+02, 7.52137833e+01,
    3.58558472e+02, 8.05409470e+01, 3.76206024e+02, 8.59208374e+01,
    2.65837891e+02, 7.21356812e+01, 2.83383728e+02, 7.71933670e+01,
    3.00732483e+02, 8.22489090e+01, 3.18434570e+02, 8.73589706e+01,
    3.35701935e+02, 9.25552139e+01, 3.53368774e+02, 9.78899765e+01,
    3.70925049e+02, 1.03292030e+02, 2.61287567e+02, 8.91426849e+01,
    2.78392151e+02, 9.41121750e+01, 2.95810425e+02, 9.92192535e+01,
    3.12982086e+02, 1.04338966e+02, 3.30605347e+02, 1.09688812e+02,
    3.48104980e+02, 1.15059364e+02, 3.65546265e+02, 1.20329620e+02,
    2.56307831e+02, 1.05869972e+02, 2.73614258e+02, 1.11009178e+02,
    2.90810242e+02, 1.16151253e+02, 3.08106537e+02, 1.21351715e+02,
    3.25492371e+02, 1.26598946e+02, 3.42777832e+02, 1.31915771e+02,
    3.60251190e+02, 1.37374329e+02, 2.51572495e+02, 1.22466675e+02,
    2.68688782e+02, 1.27587227e+02, 2.85893982e+02, 1.32788223e+02,
    3.03166107e+02, 1.38082123e+02, 3.20291870e+02, 1.43352463e+02,
    3.37597260e+02, 1.48657623e+02, 3.54749908e+02, 1.54091095e+02 ]
CalibrationFramePatternWorld: [ 0., 0., 0., 0., 2.70000007e-02, 0., 0.,
    5.40000014e-02, 0., 0., 8.10000002e-02, 0., 0., 1.08000003e-01, 0.,
    0., 1.35000005e-01, 0., 0., 1.62000000e-01, 0., 2.70000007e-02, 0.,
    0., 2.70000007e-02, 2.70000007e-02, 0., 2.70000007e-02,
    5.40000014e-02, 0., 2.70000007e-02, 8.10000002e-02, 0.,
    2.70000007e-02, 1.08000003e-01, 0., 2.70000007e-02, 1.35000005e-01,
    0., 2.70000007e-02, 1.62000000e-01, 0., 5.40000014e-02, 0., 0.,
    5.40000014e-02, 2.70000007e-02, 0., 5.40000014e-02, 5.40000014e-02,
    0., 5.40000014e-02, 8.10000002e-02, 0., 5.40000014e-02,
    1.08000003e-01, 0., 5.40000014e-02, 1.35000005e-01, 0.,
    5.40000014e-02, 1.62000000e-01, 0., 8.10000002e-02, 0., 0.,
    8.10000002e-02, 2.70000007e-02, 0., 8.10000002e-02, 5.40000014e-02,
    0., 8.10000002e-02, 8.10000002e-02, 0., 8.10000002e-02,
    1.08000003e-01, 0., 8.10000002e-02, 1.35000005e-01, 0.,
    8.10000002e-02, 1.62000000e-01, 0., 1.08000003e-01, 0., 0.,
    1.08000003e-01, 2.70000007e-02, 0., 1.08000003e-01, 5.40000014e-02,
    0., 1.08000003e-01, 8.10000002e-02, 0., 1.08000003e-01,
    1.08000003e-01, 0., 1.08000003e-01, 1.35000005e-01, 0.,
    1.08000003e-01, 1.62000000e-01, 0. ]
CalibrationFrameExtRotation: !!opencv-matrix
   rows: 3
   cols: 1
   dt: d
   data: [ -1.6830003439189014e+00, -2.2698021861082527e+00,
       -2.3968401843291712e-01 ]
CalibrationFrameExtTranslation: !!opencv-matrix
   rows: 3
   cols: 1
   dt: d
   data: [ 4.6818612471159092e-03, -2.8328608769321073e-01,
       1.2446726433185862e+00 ]
CalibrationFrameRMSerror: 1.6064536571502686e-01
