%YAML:1.0
---
CalibrationFramePatternImage: [ 7.23112869e+01, 1.79388184e+02,
    8.98200302e+01, 1.73819794e+02, 1.07436630e+02, 1.68458405e+02,
    1.24509705e+02, 1.62923080e+02, 1.41790771e+02, 1.57691528e+02,
    1.58660477e+02, 1.52521698e+02, 1.75510529e+02, 1.47304321e+02,
    7.81374512e+01, 1.97296997e+02, 9.58579178e+01, 1.91658630e+02,
    1.13177040e+02, 1.86109436e+02, 1.30627380e+02, 1.80483948e+02,
    1.47600250e+02, 1.75097809e+02, 1.64713257e+02, 1.69895920e+02,
    1.81184006e+02, 1.64678497e+02, 8.40688934e+01, 2.15080017e+02,
    1.01545807e+02, 2.09257339e+02, 1.19162941e+02, 2.03598145e+02,
    1.36296844e+02, 1.97996552e+02, 1.53418091e+02, 1.92369080e+02,
    1.70343292e+02, 1.86964584e+02, 1.87031525e+02, 1.81714157e+02,
    9.00204239e+01, 2.32749466e+02, 1.07689163e+02, 2.26826736e+02,
    1.24801895e+02, 2.21043610e+02, 1.42287140e+02, 2.15210175e+02,
    1.59318924e+02, 2.09561996e+02, 1.76289413e+02, 2.03979950e+02,
    1.92763687e+02, 1.98653061e+02, 9.62526016e+01, 2.50339264e+02,
    1.13589546e+02, 2.44186401e+02, 1.31065857e+02, 2.38330856e+02,
    1.48181305e+02, 2.32570068e+02, 1.65137268e+02, 2.26614304e+02,
    1.82035995e+02, 2.21158005e+02, 1.98790802e+02, 2.15376877e+02 ]
CalibrationFramePatternWorld: [ 0., 0., 0., 0., 2.70000007e-02, 0., 0.,
    5.40000014e-02, 0., 0., 8.10000002e-02, 0., 0., 1.08000003e-01, 0.,
    0., 1.35000005e-01, 0., 0., 1.62000000e-01, 0., 2.70000007e-02, 0.,
    0., 2.70000007e-02, 2.70000007e-02, 0., 2.70000007e-02,
    5.40000014e-02, 0., 2.70000007e-02, 8.10000002e-02, 0.,
    2.70000007e-02, 1.08000003e-01, 0., 2.70000007e-02, 1.35000005e-01,
    0., 2.70000007e-02, 1.62000000e-01, 0., 5.40000014e-02, 0., 0.,
    5.40000014e-02, 2.70000007e-02, 0., 5.40000014e-02, 5.40000014e-02,
    0., 5.40000014e-02, 8.10000002e-02, 0., 5.40000014e-02,
    1.08000003e-01, 0., 5.40000014e-02, 1.35000005e-01, 0.,
    5.40000014e-02, 1.62000000e-01, 0., 8.10000002e-02, 0., 0.,
    8.10000002e-02, 2.70000007e-02, 0., 8.10000002e-02, 5.40000014e-02,
    0., 8.10000002e-02, 8.10000002e-02, 0., 8.10000002e-02,
    1.08000003e-01, 0., 8.10000002e-02, 1.35000005e-01, 0.,
    8.10000002e-02, 1.62000000e-01, 0., 1.08000003e-01, 0., 0.,
    1.08000003e-01, 2.70000007e-02, 0., 1.08000003e-01, 5.40000014e-02,
    0., 1.08000003e-01, 8.10000002e-02, 0., 1.08000003e-01,
    1.08000003e-01, 0., 1.08000003e-01, 1.35000005e-01, 0.,
    1.08000003e-01, 1.62000000e-01, 0. ]
CalibrationFrameExtRotation: !!opencv-matrix
   rows: 3
   cols: 1
   dt: d
   data: [ 2.3407940794790369e+00, 1.6639350841239438e+00,
       3.4154406011802296e-01 ]
CalibrationFrameExtTranslation: !!opencv-matrix
   rows: 3
   cols: 1
   dt: d
   data: [ -2.8032722787732178e-01, -9.4762945908027293e-02,
       1.2054015935824458e+00 ]
CalibrationFrameRMSerror: 1.9232660531997681e-01
