%YAML:1.0
---
CalibrationFramePatternImage: [ 3.70571503e+02, 1.79572433e+02,
    3.89085876e+02, 1.75925903e+02, 4.07456238e+02, 1.72327576e+02,
    4.25564056e+02, 1.68592514e+02, 4.43676666e+02, 1.65016006e+02,
    4.61531311e+02, 1.61288422e+02, 4.79189026e+02, 1.57956863e+02,
    3.74456116e+02, 1.97991409e+02, 3.93139191e+02, 1.94265610e+02,
    4.11351471e+02, 1.90838165e+02, 4.29654388e+02, 1.87015030e+02,
    4.47528259e+02, 1.83485352e+02, 4.65371582e+02, 1.79854019e+02,
    4.82702301e+02, 1.76207932e+02, 3.78374481e+02, 2.16231232e+02,
    3.96614075e+02, 2.12480301e+02, 4.14946320e+02, 2.08777161e+02,
    4.33102325e+02, 2.05185837e+02, 4.51216705e+02, 2.01653412e+02,
    4.68715515e+02, 1.97973358e+02, 4.86508057e+02, 1.94386307e+02,
    3.81858032e+02, 2.34218262e+02, 4.00394775e+02, 2.30558960e+02,
    4.18436005e+02, 2.27011673e+02, 4.36658813e+02, 2.23265182e+02,
    4.54418945e+02, 2.19662323e+02, 4.72387817e+02, 2.16246567e+02,
    4.89845490e+02, 2.12617050e+02, 3.85324463e+02, 2.52190094e+02,
    4.03521362e+02, 2.48634171e+02, 4.21848450e+02, 2.45008362e+02,
    4.39929199e+02, 2.41122177e+02, 4.58022095e+02, 2.37806519e+02,
    4.75729645e+02, 2.34176117e+02, 4.93420990e+02, 2.30432571e+02 ]
CalibrationFramePatternWorld: [ 0., 0., 0., 0., 2.70000007e-02, 0., 0.,
    5.40000014e-02, 0., 0., 8.10000002e-02, 0., 0., 1.08000003e-01, 0.,
    0., 1.35000005e-01, 0., 0., 1.62000000e-01, 0., 2.70000007e-02, 0.,
    0., 2.70000007e-02, 2.70000007e-02, 0., 2.70000007e-02,
    5.40000014e-02, 0., 2.70000007e-02, 8.10000002e-02, 0.,
    2.70000007e-02, 1.08000003e-01, 0., 2.70000007e-02, 1.35000005e-01,
    0., 2.70000007e-02, 1.62000000e-01, 0., 5.40000014e-02, 0., 0.,
    5.40000014e-02, 2.70000007e-02, 0., 5.40000014e-02, 5.40000014e-02,
    0., 5.40000014e-02, 8.10000002e-02, 0., 5.40000014e-02,
    1.08000003e-01, 0., 5.40000014e-02, 1.35000005e-01, 0.,
    5.40000014e-02, 1.62000000e-01, 0., 8.10000002e-02, 0., 0.,
    8.10000002e-02, 2.70000007e-02, 0., 8.10000002e-02, 5.40000014e-02,
    0., 8.10000002e-02, 8.10000002e-02, 0., 8.10000002e-02,
    1.08000003e-01, 0., 8.10000002e-02, 1.35000005e-01, 0.,
    8.10000002e-02, 1.62000000e-01, 0., 1.08000003e-01, 0., 0.,
    1.08000003e-01, 2.70000007e-02, 0., 1.08000003e-01, 5.40000014e-02,
    0., 1.08000003e-01, 8.10000002e-02, 0., 1.08000003e-01,
    1.08000003e-01, 0., 1.08000003e-01, 1.35000005e-01, 0.,
    1.08000003e-01, 1.62000000e-01, 0. ]
CalibrationFrameExtRotation: !!opencv-matrix
   rows: 3
   cols: 1
   dt: d
   data: [ 2.4946105448407598e+00, 2.0368668764292828e+00,
       5.9322081566570775e-03 ]
CalibrationFrameExtTranslation: !!opencv-matrix
   rows: 3
   cols: 1
   dt: d
   data: [ 1.4852373610781103e-01, -9.5006579300511595e-02,
       1.2244620520995890e+00 ]
CalibrationFrameRMSerror: 2.1236187219619751e-01
