%YAML:1.0
---
CalibrationFramePatternImage: [ 4.40510284e+02, 3.39152466e+02,
    4.58601013e+02, 3.40334442e+02, 4.76470703e+02, 3.41718719e+02,
    4.93472626e+02, 3.42646454e+02, 5.11239227e+02, 3.43266266e+02,
    5.28051880e+02, 3.44312744e+02, 5.44935486e+02, 3.45164368e+02,
    4.40852875e+02, 3.57870972e+02, 4.59285828e+02, 3.58917236e+02,
    4.77297607e+02, 3.59623657e+02, 4.94744568e+02, 3.60421417e+02,
    5.11883362e+02, 3.61663696e+02, 5.29432373e+02, 3.62391846e+02,
    5.45761658e+02, 3.62872009e+02, 4.41374115e+02, 3.76687927e+02,
    4.59582794e+02, 3.77446930e+02, 4.77676208e+02, 3.78253784e+02,
    4.95336273e+02, 3.78872040e+02, 5.12956482e+02, 3.79559418e+02,
    5.29859314e+02, 3.80438049e+02, 5.46898499e+02, 3.80779236e+02,
    4.41615448e+02, 3.95647461e+02, 4.60244354e+02, 3.96217102e+02,
    4.78136414e+02, 3.96753876e+02, 4.96216034e+02, 3.97317627e+02,
    5.13572205e+02, 3.98013245e+02, 5.31083130e+02, 3.98467010e+02,
    5.48013245e+02, 3.98673950e+02, 4.42117950e+02, 4.14314514e+02,
    4.60526154e+02, 4.15044525e+02, 4.78898987e+02, 4.15524872e+02,
    4.96803925e+02, 4.15746674e+02, 5.14593384e+02, 4.16408813e+02,
    5.31856567e+02, 4.16445404e+02, 5.49033752e+02, 4.16807159e+02 ]
CalibrationFramePatternWorld: [ 0., 0., 0., 0., 2.70000007e-02, 0., 0.,
    5.40000014e-02, 0., 0., 8.10000002e-02, 0., 0., 1.08000003e-01, 0.,
    0., 1.35000005e-01, 0., 0., 1.62000000e-01, 0., 2.70000007e-02, 0.,
    0., 2.70000007e-02, 2.70000007e-02, 0., 2.70000007e-02,
    5.40000014e-02, 0., 2.70000007e-02, 8.10000002e-02, 0.,
    2.70000007e-02, 1.08000003e-01, 0., 2.70000007e-02, 1.35000005e-01,
    0., 2.70000007e-02, 1.62000000e-01, 0., 5.40000014e-02, 0., 0.,
    5.40000014e-02, 2.70000007e-02, 0., 5.40000014e-02, 5.40000014e-02,
    0., 5.40000014e-02, 8.10000002e-02, 0., 5.40000014e-02,
    1.08000003e-01, 0., 5.40000014e-02, 1.35000005e-01, 0.,
    5.40000014e-02, 1.62000000e-01, 0., 8.10000002e-02, 0., 0.,
    8.10000002e-02, 2.70000007e-02, 0., 8.10000002e-02, 5.40000014e-02,
    0., 8.10000002e-02, 8.10000002e-02, 0., 8.10000002e-02,
    1.08000003e-01, 0., 8.10000002e-02, 1.35000005e-01, 0.,
    8.10000002e-02, 1.62000000e-01, 0., 1.08000003e-01, 0., 0.,
    1.08000003e-01, 2.70000007e-02, 0., 1.08000003e-01, 5.40000014e-02,
    0., 1.08000003e-01, 8.10000002e-02, 0., 1.08000003e-01,
    1.08000003e-01, 0., 1.08000003e-01, 1.35000005e-01, 0.,
    1.08000003e-01, 1.62000000e-01, 0. ]
CalibrationFrameExtRotation: !!opencv-matrix
   rows: 3
   cols: 1
   dt: d
   data: [ 1.8849480867558024e+00, 2.0092584064102685e+00,
       -2.8474370620438594e-01 ]
CalibrationFrameExtTranslation: !!opencv-matrix
   rows: 3
   cols: 1
   dt: d
   data: [ 2.4025291245322256e-01, 1.3241317501393718e-01,
       1.1721243791810323e+00 ]
CalibrationFrameRMSerror: 2.2113631665706635e-01
