%YAML:1.0
---
CalibrationFramePatternImage: [ 2.71027924e+02, 7.54213562e+01,
    2.89922882e+02, 7.72737045e+01, 3.08954590e+02, 7.90466080e+01,
    3.27787109e+02, 8.08081894e+01, 3.46480682e+02, 8.28411789e+01,
    3.64814514e+02, 8.46948090e+01, 3.83022888e+02, 8.67616577e+01,
    2.68089539e+02, 9.42143402e+01, 2.87169952e+02, 9.56760025e+01,
    3.05957733e+02, 9.74041443e+01, 3.24688751e+02, 9.91911087e+01,
    3.43180908e+02, 1.00934525e+02, 3.61547211e+02, 1.02940971e+02,
    3.79415741e+02, 1.04576576e+02, 2.65325287e+02, 1.12304443e+02,
    2.84295685e+02, 1.13820625e+02, 3.03070526e+02, 1.15466034e+02,
    3.21555725e+02, 1.16960487e+02, 3.40115540e+02, 1.18692070e+02,
    3.58216370e+02, 1.20495193e+02, 3.75915619e+02, 1.22130058e+02,
    2.62651489e+02, 1.30161133e+02, 2.81537018e+02, 1.31632050e+02,
    3.00100464e+02, 1.33137253e+02, 3.18647766e+02, 1.34506699e+02,
    3.36827179e+02, 1.36245361e+02, 3.54925720e+02, 1.37769608e+02,
    3.72780365e+02, 1.39259964e+02, 2.60337158e+02, 1.47803879e+02,
    2.78694916e+02, 1.49163605e+02, 2.97328308e+02, 1.50489227e+02,
    3.15660828e+02, 1.51939667e+02, 3.33694458e+02, 1.53313400e+02,
    3.51584351e+02, 1.54674896e+02, 3.69433655e+02, 1.55993881e+02 ]
CalibrationFramePatternWorld: [ 0., 0., 0., 0., 2.70000007e-02, 0., 0.,
    5.40000014e-02, 0., 0., 8.10000002e-02, 0., 0., 1.08000003e-01, 0.,
    0., 1.35000005e-01, 0., 0., 1.62000000e-01, 0., 2.70000007e-02, 0.,
    0., 2.70000007e-02, 2.70000007e-02, 0., 2.70000007e-02,
    5.40000014e-02, 0., 2.70000007e-02, 8.10000002e-02, 0.,
    2.70000007e-02, 1.08000003e-01, 0., 2.70000007e-02, 1.35000005e-01,
    0., 2.70000007e-02, 1.62000000e-01, 0., 5.40000014e-02, 0., 0.,
    5.40000014e-02, 2.70000007e-02, 0., 5.40000014e-02, 5.40000014e-02,
    0., 5.40000014e-02, 8.10000002e-02, 0., 5.40000014e-02,
    1.08000003e-01, 0., 5.40000014e-02, 1.35000005e-01, 0.,
    5.40000014e-02, 1.62000000e-01, 0., 8.10000002e-02, 0., 0.,
    8.10000002e-02, 2.70000007e-02, 0., 8.10000002e-02, 5.40000014e-02,
    0., 8.10000002e-02, 8.10000002e-02, 0., 8.10000002e-02,
    1.08000003e-01, 0., 8.10000002e-02, 1.35000005e-01, 0.,
    8.10000002e-02, 1.62000000e-01, 0., 1.08000003e-01, 0., 0.,
    1.08000003e-01, 2.70000007e-02, 0., 1.08000003e-01, 5.40000014e-02,
    0., 1.08000003e-01, 8.10000002e-02, 0., 1.08000003e-01,
    1.08000003e-01, 0., 1.08000003e-01, 1.35000005e-01, 0.,
    1.08000003e-01, 1.62000000e-01, 0. ]
CalibrationFrameExtRotation: !!opencv-matrix
   rows: 3
   cols: 1
   dt: d
   data: [ -1.9066859529279905e+00, -2.1110759154533607e+00,
       -6.7877894679245432e-01 ]
CalibrationFrameExtTranslation: !!opencv-matrix
   rows: 3
   cols: 1
   dt: d
   data: [ 4.2827919471811705e-03, -2.3440537051563698e-01,
       1.1611798517652581e+00 ]
CalibrationFrameRMSerror: 1.5316376090049744e-01
