%YAML:1.0
---
CalibrationFramePatternImage: [ 4.42137817e+02, 3.37235077e+02,
    4.59884216e+02, 3.38972626e+02, 4.77882019e+02, 3.40998413e+02,
    4.94574982e+02, 3.42386902e+02, 5.12157227e+02, 3.43528625e+02,
    5.28691101e+02, 3.45066803e+02, 5.45328735e+02, 3.46540741e+02,
    4.41840607e+02, 3.56293121e+02, 4.59851379e+02, 3.57754486e+02,
    4.77874878e+02, 3.59012726e+02, 4.95101898e+02, 3.60356995e+02,
    5.12118591e+02, 3.62069122e+02, 5.29488586e+02, 3.63437408e+02,
    5.45619568e+02, 3.64394836e+02, 4.41713104e+02, 3.75036499e+02,
    4.59629059e+02, 3.76392548e+02, 4.77710480e+02, 3.77788666e+02,
    4.95144745e+02, 3.78926636e+02, 5.12612793e+02, 3.80027222e+02,
    5.29440552e+02, 3.81407501e+02, 5.46350159e+02, 3.82580170e+02,
    4.41459930e+02, 3.94138916e+02, 4.59656067e+02, 3.95220123e+02,
    4.77453125e+02, 3.96403900e+02, 4.95493622e+02, 3.97697906e+02,
    5.12859192e+02, 3.98509613e+02, 5.29862427e+02, 3.99651733e+02,
    5.46480042e+02, 4.00173950e+02, 4.41325317e+02, 4.12965363e+02,
    4.59465576e+02, 4.14136261e+02, 4.77577972e+02, 4.15263092e+02,
    4.95387787e+02, 4.16076233e+02, 5.12960266e+02, 4.17018066e+02,
    5.30064270e+02, 4.17906708e+02, 5.47216675e+02, 4.18423370e+02 ]
CalibrationFramePatternWorld: [ 0., 0., 0., 0., 2.70000007e-02, 0., 0.,
    5.40000014e-02, 0., 0., 8.10000002e-02, 0., 0., 1.08000003e-01, 0.,
    0., 1.35000005e-01, 0., 0., 1.62000000e-01, 0., 2.70000007e-02, 0.,
    0., 2.70000007e-02, 2.70000007e-02, 0., 2.70000007e-02,
    5.40000014e-02, 0., 2.70000007e-02, 8.10000002e-02, 0.,
    2.70000007e-02, 1.08000003e-01, 0., 2.70000007e-02, 1.35000005e-01,
    0., 2.70000007e-02, 1.62000000e-01, 0., 5.40000014e-02, 0., 0.,
    5.40000014e-02, 2.70000007e-02, 0., 5.40000014e-02, 5.40000014e-02,
    0., 5.40000014e-02, 8.10000002e-02, 0., 5.40000014e-02,
    1.08000003e-01, 0., 5.40000014e-02, 1.35000005e-01, 0.,
    5.40000014e-02, 1.62000000e-01, 0., 8.10000002e-02, 0., 0.,
    8.10000002e-02, 2.70000007e-02, 0., 8.10000002e-02, 5.40000014e-02,
    0., 8.10000002e-02, 8.10000002e-02, 0., 8.10000002e-02,
    1.08000003e-01, 0., 8.10000002e-02, 1.35000005e-01, 0.,
    8.10000002e-02, 1.62000000e-01, 0., 1.08000003e-01, 0., 0.,
    1.08000003e-01, 2.70000007e-02, 0., 1.08000003e-01, 5.40000014e-02,
    0., 1.08000003e-01, 8.10000002e-02, 0., 1.08000003e-01,
    1.08000003e-01, 0., 1.08000003e-01, 1.35000005e-01, 0.,
    1.08000003e-01, 1.62000000e-01, 0. ]
CalibrationFrameExtRotation: !!opencv-matrix
   rows: 3
   cols: 1
   dt: d
   data: [ 1.8627323112317062e+00, 2.0447550734420870e+00,
       -2.3746549310423318e-01 ]
CalibrationFrameExtTranslation: !!opencv-matrix
   rows: 3
   cols: 1
   dt: d
   data: [ 2.4183555846687416e-01, 1.2952668969875447e-01,
       1.1696522748410434e+00 ]
CalibrationFrameRMSerror: 2.4771839380264282e-01
