%YAML:1.0
---
CalibrationFramePatternImage: [ 4.97108673e+02, 1.02461578e+02,
    5.14519897e+02, 1.02029869e+02, 5.32241882e+02, 1.01706238e+02,
    5.49685425e+02, 1.01051331e+02, 5.67414001e+02, 1.00596642e+02,
    5.85327942e+02, 1.00234695e+02, 6.03376587e+02, 1.00032463e+02,
    4.96785461e+02, 1.19833244e+02, 5.14684692e+02, 1.19322350e+02,
    5.32360291e+02, 1.18922081e+02, 5.50308655e+02, 1.18464737e+02,
    5.67758545e+02, 1.18284592e+02, 5.85819641e+02, 1.17796013e+02,
    6.03441589e+02, 1.17574203e+02, 4.97099945e+02, 1.36906235e+02,
    5.14688904e+02, 1.36533127e+02, 5.32557251e+02, 1.36246780e+02,
    5.50128113e+02, 1.36060837e+02, 5.68172241e+02, 1.35724655e+02,
    5.86037476e+02, 1.35492401e+02, 6.04069702e+02, 1.35101074e+02,
    4.96641693e+02, 1.54100861e+02, 5.14568115e+02, 1.54065887e+02,
    5.32311707e+02, 1.53710373e+02, 5.50318237e+02, 1.53430130e+02,
    5.68031921e+02, 1.53247330e+02, 5.86380920e+02, 1.52923523e+02,
    6.04218994e+02, 1.53010880e+02, 4.96669159e+02, 1.71317871e+02,
    5.14438049e+02, 1.71172333e+02, 5.32308472e+02, 1.70951797e+02,
    5.50148560e+02, 1.71077698e+02, 5.68201172e+02, 1.70819748e+02,
    5.86146240e+02, 1.70635864e+02, 6.04456482e+02, 1.70651108e+02 ]
CalibrationFramePatternWorld: [ 0., 0., 0., 0., 2.70000007e-02, 0., 0.,
    5.40000014e-02, 0., 0., 8.10000002e-02, 0., 0., 1.08000003e-01, 0.,
    0., 1.35000005e-01, 0., 0., 1.62000000e-01, 0., 2.70000007e-02, 0.,
    0., 2.70000007e-02, 2.70000007e-02, 0., 2.70000007e-02,
    5.40000014e-02, 0., 2.70000007e-02, 8.10000002e-02, 0.,
    2.70000007e-02, 1.08000003e-01, 0., 2.70000007e-02, 1.35000005e-01,
    0., 2.70000007e-02, 1.62000000e-01, 0., 5.40000014e-02, 0., 0.,
    5.40000014e-02, 2.70000007e-02, 0., 5.40000014e-02, 5.40000014e-02,
    0., 5.40000014e-02, 8.10000002e-02, 0., 5.40000014e-02,
    1.08000003e-01, 0., 5.40000014e-02, 1.35000005e-01, 0.,
    5.40000014e-02, 1.62000000e-01, 0., 8.10000002e-02, 0., 0.,
    8.10000002e-02, 2.70000007e-02, 0., 8.10000002e-02, 5.40000014e-02,
    0., 8.10000002e-02, 8.10000002e-02, 0., 8.10000002e-02,
    1.08000003e-01, 0., 8.10000002e-02, 1.35000005e-01, 0.,
    8.10000002e-02, 1.62000000e-01, 0., 1.08000003e-01, 0., 0.,
    1.08000003e-01, 2.70000007e-02, 0., 1.08000003e-01, 5.40000014e-02,
    0., 1.08000003e-01, 8.10000002e-02, 0., 1.08000003e-01,
    1.08000003e-01, 0., 1.08000003e-01, 1.35000005e-01, 0.,
    1.08000003e-01, 1.62000000e-01, 0. ]
CalibrationFrameExtRotation: !!opencv-matrix
   rows: 3
   cols: 1
   dt: d
   data: [ -2.0017960002796289e+00, -2.0857722738663367e+00,
       5.8779541708600125e-01 ]
CalibrationFrameExtTranslation: !!opencv-matrix
   rows: 3
   cols: 1
   dt: d
   data: [ 3.4522633970867056e-01, -2.1601239859068080e-01,
       1.2472475299532932e+00 ]
CalibrationFrameRMSerror: 2.2144001722335815e-01
