%YAML:1.0
---
CalibrationFramePatternImage: [ 2.04239456e+02, 9.75808716e+01,
    2.20177048e+02, 1.05745583e+02, 2.36282791e+02, 1.14355713e+02,
    2.52584442e+02, 1.22646187e+02, 2.69055756e+02, 1.31218094e+02,
    2.85484589e+02, 1.39760529e+02, 3.02079468e+02, 1.48554214e+02,
    1.95020905e+02, 1.14013184e+02, 2.11143036e+02, 1.22278725e+02,
    2.27361252e+02, 1.30726685e+02, 2.43733246e+02, 1.39331070e+02,
    2.59848297e+02, 1.48010345e+02, 2.76551971e+02, 1.56621811e+02,
    2.92947174e+02, 1.65368469e+02, 1.86413437e+02, 1.30365555e+02,
    2.02303711e+02, 1.38627029e+02, 2.18545517e+02, 1.47209473e+02,
    2.34809143e+02, 1.55738922e+02, 2.51056412e+02, 1.64411285e+02,
    2.67538727e+02, 1.73178360e+02, 2.84333374e+02, 1.82043777e+02,
    1.77471008e+02, 1.46605713e+02, 1.93743118e+02, 1.55272888e+02,
    2.09709778e+02, 1.63635223e+02, 2.26069977e+02, 1.72369614e+02,
    2.42388077e+02, 1.80962326e+02, 2.58843384e+02, 1.89702728e+02,
    2.75337250e+02, 1.98600845e+02, 1.68922043e+02, 1.62851852e+02,
    1.85158859e+02, 1.71345413e+02, 2.01144943e+02, 1.80123459e+02,
    2.17321854e+02, 1.88882538e+02, 2.33742935e+02, 1.97728577e+02,
    2.50120667e+02, 2.06485565e+02, 2.66511627e+02, 2.15201263e+02 ]
CalibrationFramePatternWorld: [ 0., 0., 0., 0., 2.70000007e-02, 0., 0.,
    5.40000014e-02, 0., 0., 8.10000002e-02, 0., 0., 1.08000003e-01, 0.,
    0., 1.35000005e-01, 0., 0., 1.62000000e-01, 0., 2.70000007e-02, 0.,
    0., 2.70000007e-02, 2.70000007e-02, 0., 2.70000007e-02,
    5.40000014e-02, 0., 2.70000007e-02, 8.10000002e-02, 0.,
    2.70000007e-02, 1.08000003e-01, 0., 2.70000007e-02, 1.35000005e-01,
    0., 2.70000007e-02, 1.62000000e-01, 0., 5.40000014e-02, 0., 0.,
    5.40000014e-02, 2.70000007e-02, 0., 5.40000014e-02, 5.40000014e-02,
    0., 5.40000014e-02, 8.10000002e-02, 0., 5.40000014e-02,
    1.08000003e-01, 0., 5.40000014e-02, 1.35000005e-01, 0.,
    5.40000014e-02, 1.62000000e-01, 0., 8.10000002e-02, 0., 0.,
    8.10000002e-02, 2.70000007e-02, 0., 8.10000002e-02, 5.40000014e-02,
    0., 8.10000002e-02, 8.10000002e-02, 0., 8.10000002e-02,
    1.08000003e-01, 0., 8.10000002e-02, 1.35000005e-01, 0.,
    8.10000002e-02, 1.62000000e-01, 0., 1.08000003e-01, 0., 0.,
    1.08000003e-01, 2.70000007e-02, 0., 1.08000003e-01, 5.40000014e-02,
    0., 1.08000003e-01, 8.10000002e-02, 0., 1.08000003e-01,
    1.08000003e-01, 0., 1.08000003e-01, 1.35000005e-01, 0.,
    1.08000003e-01, 1.62000000e-01, 0. ]
CalibrationFrameExtRotation: !!opencv-matrix
   rows: 3
   cols: 1
   dt: d
   data: [ -1.5428053392747922e+00, -2.5883090749016628e+00,
       6.4202550093584401e-02 ]
CalibrationFrameExtTranslation: !!opencv-matrix
   rows: 3
   cols: 1
   dt: d
   data: [ -9.2301783949069488e-02, -2.1522802408518046e-01,
       1.2259930709443614e+00 ]
CalibrationFrameRMSerror: 1.7603780329227448e-01
