%YAML:1.0
---
CalibrationFramePatternImage: [ 2.84507751e+02, 2.36804047e+02,
    3.02568390e+02, 2.39825439e+02, 3.20605927e+02, 2.43053879e+02,
    3.38600281e+02, 2.45988464e+02, 3.56645233e+02, 2.49115097e+02,
    3.74884949e+02, 2.52206573e+02, 3.93062103e+02, 2.55304550e+02,
    2.80886780e+02, 2.54187149e+02, 2.99102356e+02, 2.57389526e+02,
    3.17221191e+02, 2.60492798e+02, 3.35441986e+02, 2.63647034e+02,
    3.53386658e+02, 2.66960052e+02, 3.71783813e+02, 2.70043640e+02,
    3.89691589e+02, 2.73418488e+02, 2.77555450e+02, 2.71651123e+02,
    2.95485657e+02, 2.74874542e+02, 3.13766937e+02, 2.78168335e+02,
    3.31968842e+02, 2.81294342e+02, 3.50159271e+02, 2.84579956e+02,
    3.68271912e+02, 2.88040710e+02, 3.86724579e+02, 2.91032745e+02,
    2.73797363e+02, 2.89018585e+02, 2.92021576e+02, 2.92412079e+02,
    3.10159637e+02, 2.95562653e+02, 3.28542755e+02, 2.99207703e+02,
    3.46620178e+02, 3.02432953e+02, 3.65208862e+02, 3.05696442e+02,
    3.83199219e+02, 3.09068451e+02, 2.70237671e+02, 3.06647247e+02,
    2.88330322e+02, 3.10066193e+02, 3.06588318e+02, 3.13552948e+02,
    3.24804169e+02, 3.16855011e+02, 3.43311737e+02, 3.20122772e+02,
    3.61479797e+02, 3.23646301e+02, 3.79929779e+02, 3.26928528e+02 ]
CalibrationFramePatternWorld: [ 0., 0., 0., 0., 2.70000007e-02, 0., 0.,
    5.40000014e-02, 0., 0., 8.10000002e-02, 0., 0., 1.08000003e-01, 0.,
    0., 1.35000005e-01, 0., 0., 1.62000000e-01, 0., 2.70000007e-02, 0.,
    0., 2.70000007e-02, 2.70000007e-02, 0., 2.70000007e-02,
    5.40000014e-02, 0., 2.70000007e-02, 8.10000002e-02, 0.,
    2.70000007e-02, 1.08000003e-01, 0., 2.70000007e-02, 1.35000005e-01,
    0., 2.70000007e-02, 1.62000000e-01, 0., 5.40000014e-02, 0., 0.,
    5.40000014e-02, 2.70000007e-02, 0., 5.40000014e-02, 5.40000014e-02,
    0., 5.40000014e-02, 8.10000002e-02, 0., 5.40000014e-02,
    1.08000003e-01, 0., 5.40000014e-02, 1.35000005e-01, 0.,
    5.40000014e-02, 1.62000000e-01, 0., 8.10000002e-02, 0., 0.,
    8.10000002e-02, 2.70000007e-02, 0., 8.10000002e-02, 5.40000014e-02,
    0., 8.10000002e-02, 8.10000002e-02, 0., 8.10000002e-02,
    1.08000003e-01, 0., 8.10000002e-02, 1.35000005e-01, 0.,
    8.10000002e-02, 1.62000000e-01, 0., 1.08000003e-01, 0., 0.,
    1.08000003e-01, 2.70000007e-02, 0., 1.08000003e-01, 5.40000014e-02,
    0., 1.08000003e-01, 8.10000002e-02, 0., 1.08000003e-01,
    1.08000003e-01, 0., 1.08000003e-01, 1.35000005e-01, 0.,
    1.08000003e-01, 1.62000000e-01, 0. ]
CalibrationFrameExtRotation: !!opencv-matrix
   rows: 3
   cols: 1
   dt: d
   data: [ 1.9347066296337116e+00, 2.3447952387632283e+00,
       -3.7502574260115867e-01 ]
CalibrationFrameExtTranslation: !!opencv-matrix
   rows: 3
   cols: 1
   dt: d
   data: [ 2.5444066153391873e-02, -1.2671868476687031e-02,
       1.2677550534313660e+00 ]
CalibrationFrameRMSerror: 1.8213446438312531e-01
