%YAML:1.0
---
CalibrationFramePatternImage: [ 2.86619019e+02, 3.14730988e+02,
    3.05206238e+02, 3.13211700e+02, 3.23799805e+02, 3.11902191e+02,
    3.42356628e+02, 3.10105957e+02, 3.60920319e+02, 3.08505402e+02,
    3.79480927e+02, 3.06795685e+02, 3.97868408e+02, 3.04944580e+02,
    2.87788177e+02, 3.33184784e+02, 3.06867554e+02, 3.31614960e+02,
    3.25240448e+02, 3.30111176e+02, 3.44152161e+02, 3.28427826e+02,
    3.62706360e+02, 3.26818939e+02, 3.81355194e+02, 3.25291809e+02,
    3.99605194e+02, 3.23818420e+02, 2.89524170e+02, 3.51306824e+02,
    3.07886017e+02, 3.49967316e+02, 3.27223175e+02, 3.48484161e+02,
    3.45572113e+02, 3.46871216e+02, 3.64371246e+02, 3.45338867e+02,
    3.83047577e+02, 3.43770508e+02, 4.01630463e+02, 3.42076782e+02,
    2.90761047e+02, 3.69455292e+02, 3.09476959e+02, 3.68019501e+02,
    3.28051758e+02, 3.66671509e+02, 3.47191986e+02, 3.65372742e+02,
    3.65748871e+02, 3.63624908e+02, 3.84717926e+02, 3.62084503e+02,
    4.03039124e+02, 3.60658539e+02, 2.92006653e+02, 3.87800201e+02,
    3.10707428e+02, 3.86397736e+02, 3.29689362e+02, 3.85095703e+02,
    3.48260468e+02, 3.83707520e+02, 3.67411713e+02, 3.82240723e+02,
    3.85745636e+02, 3.80631470e+02, 4.04673523e+02, 3.78823395e+02 ]
CalibrationFramePatternWorld: [ 0., 0., 0., 0., 2.70000007e-02, 0., 0.,
    5.40000014e-02, 0., 0., 8.10000002e-02, 0., 0., 1.08000003e-01, 0.,
    0., 1.35000005e-01, 0., 0., 1.62000000e-01, 0., 2.70000007e-02, 0.,
    0., 2.70000007e-02, 2.70000007e-02, 0., 2.70000007e-02,
    5.40000014e-02, 0., 2.70000007e-02, 8.10000002e-02, 0.,
    2.70000007e-02, 1.08000003e-01, 0., 2.70000007e-02, 1.35000005e-01,
    0., 2.70000007e-02, 1.62000000e-01, 0., 5.40000014e-02, 0., 0.,
    5.40000014e-02, 2.70000007e-02, 0., 5.40000014e-02, 5.40000014e-02,
    0., 5.40000014e-02, 8.10000002e-02, 0., 5.40000014e-02,
    1.08000003e-01, 0., 5.40000014e-02, 1.35000005e-01, 0.,
    5.40000014e-02, 1.62000000e-01, 0., 8.10000002e-02, 0., 0.,
    8.10000002e-02, 2.70000007e-02, 0., 8.10000002e-02, 5.40000014e-02,
    0., 8.10000002e-02, 8.10000002e-02, 0., 8.10000002e-02,
    1.08000003e-01, 0., 8.10000002e-02, 1.35000005e-01, 0.,
    8.10000002e-02, 1.62000000e-01, 0., 1.08000003e-01, 0., 0.,
    1.08000003e-01, 2.70000007e-02, 0., 1.08000003e-01, 5.40000014e-02,
    0., 1.08000003e-01, 8.10000002e-02, 0., 1.08000003e-01,
    1.08000003e-01, 0., 1.08000003e-01, 1.35000005e-01, 0.,
    1.08000003e-01, 1.62000000e-01, 0. ]
CalibrationFrameExtRotation: !!opencv-matrix
   rows: 3
   cols: 1
   dt: d
   data: [ 2.2227455147775932e+00, 2.0560821455044942e+00,
       -3.3241484725144760e-01 ]
CalibrationFrameExtTranslation: !!opencv-matrix
   rows: 3
   cols: 1
   dt: d
   data: [ 2.7916520377271548e-02, 1.0186937572211482e-01,
       1.2416515279015250e+00 ]
CalibrationFrameRMSerror: 2.3975062370300293e-01
