%YAML:1.0
---
CalibrationFramePatternImage: [ 2.90336517e+02, 2.02753281e+02,
    3.07297882e+02, 2.05711365e+02, 3.23653442e+02, 2.08400192e+02,
    3.40888947e+02, 2.11446884e+02, 3.58286865e+02, 2.14310791e+02,
    3.75553131e+02, 2.17413391e+02, 3.93211212e+02, 2.20288742e+02,
    2.89116028e+02, 2.19327057e+02, 3.05301331e+02, 2.22322784e+02,
    3.22127380e+02, 2.25254211e+02, 3.38787628e+02, 2.28238342e+02,
    3.55854919e+02, 2.31257431e+02, 3.73363983e+02, 2.34538498e+02,
    3.90618469e+02, 2.37646240e+02, 2.87407379e+02, 2.35324387e+02,
    3.03651886e+02, 2.38317017e+02, 3.20024963e+02, 2.41632156e+02,
    3.36722748e+02, 2.44507446e+02, 3.53335144e+02, 2.47764297e+02,
    3.70497803e+02, 2.51159683e+02, 3.87936646e+02, 2.54533188e+02,
    2.85518372e+02, 2.50882385e+02, 3.01622375e+02, 2.54331757e+02,
    3.17964142e+02, 2.57246185e+02, 3.34630280e+02, 2.60668732e+02,
    3.51250305e+02, 2.64093018e+02, 3.67915588e+02, 2.67497375e+02,
    3.84962921e+02, 2.70843109e+02, 2.83707001e+02, 2.66331177e+02,
    2.99798401e+02, 2.69552307e+02, 3.16011932e+02, 2.72993042e+02,
    3.32043060e+02, 2.76331970e+02, 3.48789734e+02, 2.79825745e+02,
    3.65577301e+02, 2.83549225e+02, 3.82248718e+02, 2.87307190e+02 ]
CalibrationFramePatternWorld: [ 0., 0., 0., 0., 2.70000007e-02, 0., 0.,
    5.40000014e-02, 0., 0., 8.10000002e-02, 0., 0., 1.08000003e-01, 0.,
    0., 1.35000005e-01, 0., 0., 1.62000000e-01, 0., 2.70000007e-02, 0.,
    0., 2.70000007e-02, 2.70000007e-02, 0., 2.70000007e-02,
    5.40000014e-02, 0., 2.70000007e-02, 8.10000002e-02, 0.,
    2.70000007e-02, 1.08000003e-01, 0., 2.70000007e-02, 1.35000005e-01,
    0., 2.70000007e-02, 1.62000000e-01, 0., 5.40000014e-02, 0., 0.,
    5.40000014e-02, 2.70000007e-02, 0., 5.40000014e-02, 5.40000014e-02,
    0., 5.40000014e-02, 8.10000002e-02, 0., 5.40000014e-02,
    1.08000003e-01, 0., 5.40000014e-02, 1.35000005e-01, 0.,
    5.40000014e-02, 1.62000000e-01, 0., 8.10000002e-02, 0., 0.,
    8.10000002e-02, 2.70000007e-02, 0., 8.10000002e-02, 5.40000014e-02,
    0., 8.10000002e-02, 8.10000002e-02, 0., 8.10000002e-02,
    1.08000003e-01, 0., 8.10000002e-02, 1.35000005e-01, 0.,
    8.10000002e-02, 1.62000000e-01, 0., 1.08000003e-01, 0., 0.,
    1.08000003e-01, 2.70000007e-02, 0., 1.08000003e-01, 5.40000014e-02,
    0., 1.08000003e-01, 8.10000002e-02, 0., 1.08000003e-01,
    1.08000003e-01, 0., 1.08000003e-01, 1.35000005e-01, 0.,
    1.08000003e-01, 1.62000000e-01, 0. ]
CalibrationFrameExtRotation: !!opencv-matrix
   rows: 3
   cols: 1
   dt: d
   data: [ -1.8026280148899227e+00, -2.1033480490371361e+00,
       -6.5823867395780481e-03 ]
CalibrationFrameExtTranslation: !!opencv-matrix
   rows: 3
   cols: 1
   dt: d
   data: [ -3.7213853645612922e-02, -4.5859435170687669e-02,
       8.9808326594011600e-01 ]
CalibrationFrameRMSerror: 2.6453179121017456e-01
