%YAML:1.0
---
CalibrationFramePatternImage: [ 5.12245331e+01, 1.47404816e+02,
    7.04132690e+01, 1.52497559e+02, 8.92830124e+01, 1.57729706e+02,
    1.07599426e+02, 1.62650818e+02, 1.25326271e+02, 1.67547607e+02,
    1.42478012e+02, 1.72179581e+02, 1.59355743e+02, 1.76814514e+02,
    4.60179977e+01, 1.64609985e+02, 6.55178223e+01, 1.69555634e+02,
    8.42845840e+01, 1.74473694e+02, 1.02630379e+02, 1.79003281e+02,
    1.20356262e+02, 1.83463501e+02, 1.37481201e+02, 1.88071884e+02,
    1.54314865e+02, 1.92222427e+02, 4.14711075e+01, 1.81542465e+02,
    6.05806084e+01, 1.86172119e+02, 7.94135742e+01, 1.90563919e+02,
    9.75563278e+01, 1.94837250e+02, 1.15379707e+02, 1.99189865e+02,
    1.32503296e+02, 2.03266678e+02, 1.49402542e+02, 2.07339584e+02,
    3.65361328e+01, 1.98014557e+02, 5.60297432e+01, 2.02294022e+02,
    7.47685623e+01, 2.06403824e+02, 9.29823456e+01, 2.10614426e+02,
    1.10572304e+02, 2.14656097e+02, 1.27690086e+02, 2.18644226e+02,
    1.44442627e+02, 2.22416046e+02, 3.22131996e+01, 2.14424728e+02,
    5.14679718e+01, 2.18398651e+02, 6.98991089e+01, 2.22457764e+02,
    8.82448196e+01, 2.26196335e+02, 1.05875359e+02, 2.30003571e+02,
    1.23256783e+02, 2.33648300e+02, 1.39885971e+02, 2.37225525e+02 ]
CalibrationFramePatternWorld: [ 0., 0., 0., 0., 2.70000007e-02, 0., 0.,
    5.40000014e-02, 0., 0., 8.10000002e-02, 0., 0., 1.08000003e-01, 0.,
    0., 1.35000005e-01, 0., 0., 1.62000000e-01, 0., 2.70000007e-02, 0.,
    0., 2.70000007e-02, 2.70000007e-02, 0., 2.70000007e-02,
    5.40000014e-02, 0., 2.70000007e-02, 8.10000002e-02, 0.,
    2.70000007e-02, 1.08000003e-01, 0., 2.70000007e-02, 1.35000005e-01,
    0., 2.70000007e-02, 1.62000000e-01, 0., 5.40000014e-02, 0., 0.,
    5.40000014e-02, 2.70000007e-02, 0., 5.40000014e-02, 5.40000014e-02,
    0., 5.40000014e-02, 8.10000002e-02, 0., 5.40000014e-02,
    1.08000003e-01, 0., 5.40000014e-02, 1.35000005e-01, 0.,
    5.40000014e-02, 1.62000000e-01, 0., 8.10000002e-02, 0., 0.,
    8.10000002e-02, 2.70000007e-02, 0., 8.10000002e-02, 5.40000014e-02,
    0., 8.10000002e-02, 8.10000002e-02, 0., 8.10000002e-02,
    1.08000003e-01, 0., 8.10000002e-02, 1.35000005e-01, 0.,
    8.10000002e-02, 1.62000000e-01, 0., 1.08000003e-01, 0., 0.,
    1.08000003e-01, 2.70000007e-02, 0., 1.08000003e-01, 5.40000014e-02,
    0., 1.08000003e-01, 8.10000002e-02, 0., 1.08000003e-01,
    1.08000003e-01, 0., 1.08000003e-01, 1.35000005e-01, 0.,
    1.08000003e-01, 1.62000000e-01, 0. ]
CalibrationFrameExtRotation: !!opencv-matrix
   rows: 3
   cols: 1
   dt: d
   data: [ 1.6998696406006029e+00, 2.3408608702603284e+00,
       8.1783950439098529e-01 ]
CalibrationFrameExtTranslation: !!opencv-matrix
   rows: 3
   cols: 1
   dt: d
   data: [ -3.8526076023308242e-01, -1.2400002378370847e-01,
       8.5191598208550323e-01 ]
CalibrationFrameRMSerror: 1.5809832513332367e-01
