%YAML:1.0
---
CalibrationFramePatternImage: [ 4.89743469e+02, 7.65533543e+00,
    5.05900421e+02, 1.08088121e+01, 5.22467224e+02, 1.32133045e+01,
    5.38996521e+02, 1.59274035e+01, 5.55586609e+02, 1.86586361e+01,
    5.72285706e+02, 2.14861717e+01, 5.89252686e+02, 2.42406273e+01,
    4.87140900e+02, 2.12939911e+01, 5.03585327e+02, 2.43895092e+01,
    5.20244263e+02, 2.70174370e+01, 5.36652893e+02, 3.01489353e+01,
    5.53536499e+02, 3.27875748e+01, 5.70331116e+02, 3.57406769e+01,
    5.87105408e+02, 3.85407982e+01, 4.84668030e+02, 3.55083389e+01,
    5.01260010e+02, 3.80640564e+01, 5.17826599e+02, 4.14564705e+01,
    5.34489868e+02, 4.42381439e+01, 5.51296204e+02, 4.69330330e+01,
    5.68365723e+02, 4.99187546e+01, 5.85240906e+02, 5.26855125e+01,
    4.81986816e+02, 4.95143738e+01, 4.98641052e+02, 5.25434570e+01,
    5.15383606e+02, 5.55377426e+01, 5.32352783e+02, 5.85814018e+01,
    5.49016968e+02, 6.14932518e+01, 5.66219971e+02, 6.43186569e+01,
    5.83463013e+02, 6.73512268e+01, 4.79319977e+02, 6.39376259e+01,
    4.96128448e+02, 6.69963303e+01, 5.12723206e+02, 7.00264664e+01,
    5.29850159e+02, 7.29861298e+01, 5.47024475e+02, 7.60770340e+01,
    5.64145569e+02, 7.89968567e+01, 5.81267395e+02, 8.18568115e+01 ]
CalibrationFramePatternWorld: [ 0., 0., 0., 0., 2.70000007e-02, 0., 0.,
    5.40000014e-02, 0., 0., 8.10000002e-02, 0., 0., 1.08000003e-01, 0.,
    0., 1.35000005e-01, 0., 0., 1.62000000e-01, 0., 2.70000007e-02, 0.,
    0., 2.70000007e-02, 2.70000007e-02, 0., 2.70000007e-02,
    5.40000014e-02, 0., 2.70000007e-02, 8.10000002e-02, 0.,
    2.70000007e-02, 1.08000003e-01, 0., 2.70000007e-02, 1.35000005e-01,
    0., 2.70000007e-02, 1.62000000e-01, 0., 5.40000014e-02, 0., 0.,
    5.40000014e-02, 2.70000007e-02, 0., 5.40000014e-02, 5.40000014e-02,
    0., 5.40000014e-02, 8.10000002e-02, 0., 5.40000014e-02,
    1.08000003e-01, 0., 5.40000014e-02, 1.35000005e-01, 0.,
    5.40000014e-02, 1.62000000e-01, 0., 8.10000002e-02, 0., 0.,
    8.10000002e-02, 2.70000007e-02, 0., 8.10000002e-02, 5.40000014e-02,
    0., 8.10000002e-02, 8.10000002e-02, 0., 8.10000002e-02,
    1.08000003e-01, 0., 8.10000002e-02, 1.35000005e-01, 0.,
    8.10000002e-02, 1.62000000e-01, 0., 1.08000003e-01, 0., 0.,
    1.08000003e-01, 2.70000007e-02, 0., 1.08000003e-01, 5.40000014e-02,
    0., 1.08000003e-01, 8.10000002e-02, 0., 1.08000003e-01,
    1.08000003e-01, 0., 1.08000003e-01, 1.35000005e-01, 0.,
    1.08000003e-01, 1.62000000e-01, 0. ]
CalibrationFrameExtRotation: !!opencv-matrix
   rows: 3
   cols: 1
   dt: d
   data: [ 1.8638992856570851e+00, 2.3463050319292682e+00,
       -3.7348289799116474e-01 ]
CalibrationFrameExtTranslation: !!opencv-matrix
   rows: 3
   cols: 1
   dt: d
   data: [ 2.9066656505354460e-01, -3.7367782124692922e-01,
       9.5506766668092669e-01 ]
CalibrationFrameRMSerror: 1.5239317715167999e-01
