%YAML:1.0
---
CalibrationFramePatternImage: [ 3.49650818e+02, 2.55836121e+02,
    3.80427948e+02, 2.56118530e+02, 4.10968536e+02, 2.56509705e+02,
    4.41019989e+02, 2.56871979e+02, 4.70866638e+02, 2.57152374e+02,
    4.99877380e+02, 2.57516754e+02, 5.28596191e+02, 2.57711884e+02,
    3.51438110e+02, 2.84797577e+02, 3.83146271e+02, 2.85331696e+02,
    4.14076721e+02, 2.85541443e+02, 4.44843414e+02, 2.86000488e+02,
    4.75326477e+02, 2.86358704e+02, 5.04973846e+02, 2.86556549e+02,
    5.34224854e+02, 2.86907776e+02, 3.53154785e+02, 3.15017670e+02,
    3.85587219e+02, 3.15285278e+02, 4.17144562e+02, 3.15697937e+02,
    4.48574341e+02, 3.16046814e+02, 4.79452850e+02, 3.16265564e+02,
    5.09781281e+02, 3.16578003e+02, 5.39983154e+02, 3.16662720e+02,
    3.54396454e+02, 3.46616638e+02, 3.87509064e+02, 3.47010895e+02,
    4.19834747e+02, 3.47170715e+02, 4.52129486e+02, 3.47407288e+02,
    4.83577698e+02, 3.47428864e+02, 5.14886780e+02, 3.47449921e+02,
    5.45614075e+02, 3.47494629e+02, 3.55539062e+02, 3.80060394e+02,
    3.89194275e+02, 3.80134399e+02, 4.22479370e+02, 3.80140411e+02,
    4.55265747e+02, 3.79934204e+02, 4.87631348e+02, 3.80165924e+02,
    5.19646729e+02, 3.79995850e+02, 5.51186951e+02, 3.80033752e+02 ]
CalibrationFramePatternWorld: [ 0., 0., 0., 0., 2.70000007e-02, 0., 0.,
    5.40000014e-02, 0., 0., 8.10000002e-02, 0., 0., 1.08000003e-01, 0.,
    0., 1.35000005e-01, 0., 0., 1.62000000e-01, 0., 2.70000007e-02, 0.,
    0., 2.70000007e-02, 2.70000007e-02, 0., 2.70000007e-02,
    5.40000014e-02, 0., 2.70000007e-02, 8.10000002e-02, 0.,
    2.70000007e-02, 1.08000003e-01, 0., 2.70000007e-02, 1.35000005e-01,
    0., 2.70000007e-02, 1.62000000e-01, 0., 5.40000014e-02, 0., 0.,
    5.40000014e-02, 2.70000007e-02, 0., 5.40000014e-02, 5.40000014e-02,
    0., 5.40000014e-02, 8.10000002e-02, 0., 5.40000014e-02,
    1.08000003e-01, 0., 5.40000014e-02, 1.35000005e-01, 0.,
    5.40000014e-02, 1.62000000e-01, 0., 8.10000002e-02, 0., 0.,
    8.10000002e-02, 2.70000007e-02, 0., 8.10000002e-02, 5.40000014e-02,
    0., 8.10000002e-02, 8.10000002e-02, 0., 8.10000002e-02,
    1.08000003e-01, 0., 8.10000002e-02, 1.35000005e-01, 0.,
    8.10000002e-02, 1.62000000e-01, 0., 1.08000003e-01, 0., 0.,
    1.08000003e-01, 2.70000007e-02, 0., 1.08000003e-01, 5.40000014e-02,
    0., 1.08000003e-01, 8.10000002e-02, 0., 1.08000003e-01,
    1.08000003e-01, 0., 1.08000003e-01, 1.35000005e-01, 0.,
    1.08000003e-01, 1.62000000e-01, 0. ]
CalibrationFrameExtRotation: !!opencv-matrix
   rows: 3
   cols: 1
   dt: d
   data: [ 1.9397249068464788e+00, 1.9467321591471709e+00,
       -3.3088196048846502e-01 ]
CalibrationFrameExtTranslation: !!opencv-matrix
   rows: 3
   cols: 1
   dt: d
   data: [ 3.0790489773192053e-02, 2.0835414591941541e-02,
       4.9862550754840768e-01 ]
CalibrationFrameRMSerror: 4.4477608799934387e-01
