%YAML:1.0
---
CalibrationFramePatternImage: [ 1.32549820e+02, 2.64626343e+02,
    1.49788544e+02, 2.67448029e+02, 1.67121964e+02, 2.70355591e+02,
    1.84290314e+02, 2.72866760e+02, 2.01612106e+02, 2.75791840e+02,
    2.19004761e+02, 2.78479736e+02, 2.36000046e+02, 2.81352661e+02,
    1.28587646e+02, 2.82014008e+02, 1.46109543e+02, 2.84977112e+02,
    1.63217285e+02, 2.87495941e+02, 1.80740128e+02, 2.90459595e+02,
    1.98076355e+02, 2.93238831e+02, 2.15348083e+02, 2.96057159e+02,
    2.32511185e+02, 2.98796997e+02, 1.24829285e+02, 2.99416107e+02,
    1.42212357e+02, 3.02181183e+02, 1.59772003e+02, 3.05123962e+02,
    1.77114777e+02, 3.07824799e+02, 1.94458603e+02, 3.10618347e+02,
    2.11772415e+02, 3.13529968e+02, 2.29309998e+02, 3.16280029e+02,
    1.21003929e+02, 3.16756378e+02, 1.38656418e+02, 3.19691315e+02,
    1.56217026e+02, 3.22522858e+02, 1.73577240e+02, 3.25323792e+02,
    1.90973709e+02, 3.28106201e+02, 2.08538574e+02, 3.30945679e+02,
    2.25689331e+02, 3.33614227e+02, 1.17549728e+02, 3.34320038e+02,
    1.35242279e+02, 3.37274902e+02, 1.52648727e+02, 3.39861267e+02,
    1.70181625e+02, 3.42800781e+02, 1.87611664e+02, 3.45654297e+02,
    2.04996063e+02, 3.48388519e+02, 2.22562973e+02, 3.51358368e+02 ]
CalibrationFramePatternWorld: [ 0., 0., 0., 0., 2.70000007e-02, 0., 0.,
    5.40000014e-02, 0., 0., 8.10000002e-02, 0., 0., 1.08000003e-01, 0.,
    0., 1.35000005e-01, 0., 0., 1.62000000e-01, 0., 2.70000007e-02, 0.,
    0., 2.70000007e-02, 2.70000007e-02, 0., 2.70000007e-02,
    5.40000014e-02, 0., 2.70000007e-02, 8.10000002e-02, 0.,
    2.70000007e-02, 1.08000003e-01, 0., 2.70000007e-02, 1.35000005e-01,
    0., 2.70000007e-02, 1.62000000e-01, 0., 5.40000014e-02, 0., 0.,
    5.40000014e-02, 2.70000007e-02, 0., 5.40000014e-02, 5.40000014e-02,
    0., 5.40000014e-02, 8.10000002e-02, 0., 5.40000014e-02,
    1.08000003e-01, 0., 5.40000014e-02, 1.35000005e-01, 0.,
    5.40000014e-02, 1.62000000e-01, 0., 8.10000002e-02, 0., 0.,
    8.10000002e-02, 2.70000007e-02, 0., 8.10000002e-02, 5.40000014e-02,
    0., 8.10000002e-02, 8.10000002e-02, 0., 8.10000002e-02,
    1.08000003e-01, 0., 8.10000002e-02, 1.35000005e-01, 0.,
    8.10000002e-02, 1.62000000e-01, 0., 1.08000003e-01, 0., 0.,
    1.08000003e-01, 2.70000007e-02, 0., 1.08000003e-01, 5.40000014e-02,
    0., 1.08000003e-01, 8.10000002e-02, 0., 1.08000003e-01,
    1.08000003e-01, 0., 1.08000003e-01, 1.35000005e-01, 0.,
    1.08000003e-01, 1.62000000e-01, 0. ]
CalibrationFrameExtRotation: !!opencv-matrix
   rows: 3
   cols: 1
   dt: d
   data: [ 1.9808938308036301e+00, 2.3240119513909656e+00,
       -2.1935361442380211e-01 ]
CalibrationFrameExtTranslation: !!opencv-matrix
   rows: 3
   cols: 1
   dt: d
   data: [ -2.8009122331328751e-01, 5.2400519800432241e-02,
       8.9333353835802043e-01 ]
CalibrationFrameRMSerror: 2.4058479070663452e-01
