%YAML:1.0
---
CalibrationFramePatternImage: [ 2.60731995e+02, 3.31286163e+02,
    2.78065552e+02, 3.32104370e+02, 2.95371674e+02, 3.32596863e+02,
    3.13076324e+02, 3.33488190e+02, 3.30588318e+02, 3.34347900e+02,
    3.48565826e+02, 3.34962677e+02, 3.66646698e+02, 3.35515411e+02,
    2.61635529e+02, 3.48714844e+02, 2.78621857e+02, 3.49645752e+02,
    2.96019440e+02, 3.50025208e+02, 3.13637177e+02, 3.50996948e+02,
    3.31531342e+02, 3.51758728e+02, 3.49201324e+02, 3.52848511e+02,
    3.67232117e+02, 3.53290710e+02, 2.62819641e+02, 3.65716370e+02,
    2.79613586e+02, 3.66537933e+02, 2.96544067e+02, 3.67413788e+02,
    3.14158752e+02, 3.68177032e+02, 3.31540344e+02, 3.69001129e+02,
    3.49533508e+02, 3.70305389e+02, 3.67498444e+02, 3.70744171e+02,
    2.63245117e+02, 3.82506012e+02, 2.80477814e+02, 3.83389862e+02,
    2.97594635e+02, 3.83961334e+02, 3.14538208e+02, 3.85190247e+02,
    3.32404297e+02, 3.86249359e+02, 3.49819214e+02, 3.87083771e+02,
    3.67622162e+02, 3.88298340e+02, 2.64433868e+02, 3.98859283e+02,
    2.81255371e+02, 3.99918121e+02, 2.98553009e+02, 4.00770172e+02,
    3.15705475e+02, 4.01706879e+02, 3.32796051e+02, 4.02946991e+02,
    3.50563477e+02, 4.04209656e+02, 3.68345581e+02, 4.04891541e+02 ]
CalibrationFramePatternWorld: [ 0., 0., 0., 0., 2.70000007e-02, 0., 0.,
    5.40000014e-02, 0., 0., 8.10000002e-02, 0., 0., 1.08000003e-01, 0.,
    0., 1.35000005e-01, 0., 0., 1.62000000e-01, 0., 2.70000007e-02, 0.,
    0., 2.70000007e-02, 2.70000007e-02, 0., 2.70000007e-02,
    5.40000014e-02, 0., 2.70000007e-02, 8.10000002e-02, 0.,
    2.70000007e-02, 1.08000003e-01, 0., 2.70000007e-02, 1.35000005e-01,
    0., 2.70000007e-02, 1.62000000e-01, 0., 5.40000014e-02, 0., 0.,
    5.40000014e-02, 2.70000007e-02, 0., 5.40000014e-02, 5.40000014e-02,
    0., 5.40000014e-02, 8.10000002e-02, 0., 5.40000014e-02,
    1.08000003e-01, 0., 5.40000014e-02, 1.35000005e-01, 0.,
    5.40000014e-02, 1.62000000e-01, 0., 8.10000002e-02, 0., 0.,
    8.10000002e-02, 2.70000007e-02, 0., 8.10000002e-02, 5.40000014e-02,
    0., 8.10000002e-02, 8.10000002e-02, 0., 8.10000002e-02,
    1.08000003e-01, 0., 8.10000002e-02, 1.35000005e-01, 0.,
    8.10000002e-02, 1.62000000e-01, 0., 1.08000003e-01, 0., 0.,
    1.08000003e-01, 2.70000007e-02, 0., 1.08000003e-01, 5.40000014e-02,
    0., 1.08000003e-01, 8.10000002e-02, 0., 1.08000003e-01,
    1.08000003e-01, 0., 1.08000003e-01, 1.35000005e-01, 0.,
    1.08000003e-01, 1.62000000e-01, 0. ]
CalibrationFrameExtRotation: !!opencv-matrix
   rows: 3
   cols: 1
   dt: d
   data: [ -2.0558820359148409e+00, -2.0103723392997139e+00,
       1.1354810262688281e-01 ]
CalibrationFrameExtTranslation: !!opencv-matrix
   rows: 3
   cols: 1
   dt: d
   data: [ -8.1206634876098471e-02, 1.5426799307657652e-01,
       8.7620020510596530e-01 ]
CalibrationFrameRMSerror: 3.0298125743865967e-01
