%YAML:1.0
---
CalibrationFramePatternImage: [ 2.63831635e+02, 2.51310150e+02,
    2.80168213e+02, 2.57235657e+02, 2.96112946e+02, 2.63403290e+02,
    3.12039703e+02, 2.68866730e+02, 3.27442444e+02, 2.74961914e+02,
    3.42621552e+02, 2.80326904e+02, 3.57844086e+02, 2.86042999e+02,
    2.59568726e+02, 2.66252686e+02, 2.76250488e+02, 2.72369080e+02,
    2.92540009e+02, 2.78203735e+02, 3.08552765e+02, 2.84066376e+02,
    3.24454468e+02, 2.89754059e+02, 3.40153229e+02, 2.95501862e+02,
    3.55330475e+02, 3.01063599e+02, 2.55459366e+02, 2.81597687e+02,
    2.72439331e+02, 2.87600037e+02, 2.88898071e+02, 2.93543213e+02,
    3.05391357e+02, 2.99357880e+02, 3.21478271e+02, 3.04970703e+02,
    3.37376007e+02, 3.10445801e+02, 3.52943024e+02, 3.16123962e+02,
    2.51168228e+02, 2.97342560e+02, 2.68296631e+02, 3.03373810e+02,
    2.85358276e+02, 3.09313477e+02, 3.01835571e+02, 3.15083588e+02,
    3.18437958e+02, 3.20654999e+02, 3.34690918e+02, 3.26348572e+02,
    3.50549744e+02, 3.31550293e+02, 2.46476929e+02, 3.13719086e+02,
    2.64157471e+02, 3.19768646e+02, 2.81417114e+02, 3.25625397e+02,
    2.98362244e+02, 3.31208832e+02, 3.15191956e+02, 3.36954834e+02,
    3.31633118e+02, 3.42341187e+02, 3.47826813e+02, 3.47653015e+02 ]
CalibrationFramePatternWorld: [ 0., 0., 0., 0., 2.70000007e-02, 0., 0.,
    5.40000014e-02, 0., 0., 8.10000002e-02, 0., 0., 1.08000003e-01, 0.,
    0., 1.35000005e-01, 0., 0., 1.62000000e-01, 0., 2.70000007e-02, 0.,
    0., 2.70000007e-02, 2.70000007e-02, 0., 2.70000007e-02,
    5.40000014e-02, 0., 2.70000007e-02, 8.10000002e-02, 0.,
    2.70000007e-02, 1.08000003e-01, 0., 2.70000007e-02, 1.35000005e-01,
    0., 2.70000007e-02, 1.62000000e-01, 0., 5.40000014e-02, 0., 0.,
    5.40000014e-02, 2.70000007e-02, 0., 5.40000014e-02, 5.40000014e-02,
    0., 5.40000014e-02, 8.10000002e-02, 0., 5.40000014e-02,
    1.08000003e-01, 0., 5.40000014e-02, 1.35000005e-01, 0.,
    5.40000014e-02, 1.62000000e-01, 0., 8.10000002e-02, 0., 0.,
    8.10000002e-02, 2.70000007e-02, 0., 8.10000002e-02, 5.40000014e-02,
    0., 8.10000002e-02, 8.10000002e-02, 0., 8.10000002e-02,
    1.08000003e-01, 0., 8.10000002e-02, 1.35000005e-01, 0.,
    8.10000002e-02, 1.62000000e-01, 0., 1.08000003e-01, 0., 0.,
    1.08000003e-01, 2.70000007e-02, 0., 1.08000003e-01, 5.40000014e-02,
    0., 1.08000003e-01, 8.10000002e-02, 0., 1.08000003e-01,
    1.08000003e-01, 0., 1.08000003e-01, 1.35000005e-01, 0.,
    1.08000003e-01, 1.62000000e-01, 0. ]
CalibrationFrameExtRotation: !!opencv-matrix
   rows: 3
   cols: 1
   dt: d
   data: [ 1.4904282498966066e+00, 2.0210717501349791e+00,
       -1.9670975580307040e-01 ]
CalibrationFrameExtTranslation: !!opencv-matrix
   rows: 3
   cols: 1
   dt: d
   data: [ -7.7732767241254025e-02, 3.0790834486046022e-02,
       8.8223544671542486e-01 ]
CalibrationFrameRMSerror: 1.6944423317909241e-01
