%YAML:1.0
---
CalibrationFramePatternImage: [ 2.92370472e+01, 3.34027222e+02,
    4.85370178e+01, 3.29643433e+02, 6.77475815e+01, 3.25298035e+02,
    8.63330917e+01, 3.20965851e+02, 1.04984772e+02, 3.16608551e+02,
    1.23360962e+02, 3.12454193e+02, 1.41390808e+02, 3.08117035e+02,
    3.12614155e+01, 3.51626648e+02, 5.04572868e+01, 3.47317841e+02,
    6.98079147e+01, 3.42555634e+02, 8.88913956e+01, 3.38262787e+02,
    1.07386833e+02, 3.33753876e+02, 1.26189888e+02, 3.29359955e+02,
    1.44257736e+02, 3.24911560e+02, 3.27661324e+01, 3.69684235e+02,
    5.27042389e+01, 3.64904266e+02, 7.22114639e+01, 3.60404633e+02,
    9.14924088e+01, 3.55589081e+02, 1.10227615e+02, 3.51165741e+02,
    1.28642624e+02, 3.46502289e+02, 1.47296890e+02, 3.41931458e+02,
    3.49563065e+01, 3.87920624e+02, 5.48309746e+01, 3.83135406e+02,
    7.42845001e+01, 3.78455750e+02, 9.37212143e+01, 3.73415222e+02,
    1.12801285e+02, 3.68702637e+02, 1.31507004e+02, 3.63798065e+02,
    1.49823273e+02, 3.59253723e+02, 3.71939278e+01, 4.06415283e+02,
    5.69613228e+01, 4.01573669e+02, 7.68702621e+01, 3.96426270e+02,
    9.61808395e+01, 3.91422760e+02, 1.15349319e+02, 3.86511322e+02,
    1.34284286e+02, 3.81648285e+02, 1.52955551e+02, 3.76787292e+02 ]
CalibrationFramePatternWorld: [ 0., 0., 0., 0., 2.70000007e-02, 0., 0.,
    5.40000014e-02, 0., 0., 8.10000002e-02, 0., 0., 1.08000003e-01, 0.,
    0., 1.35000005e-01, 0., 0., 1.62000000e-01, 0., 2.70000007e-02, 0.,
    0., 2.70000007e-02, 2.70000007e-02, 0., 2.70000007e-02,
    5.40000014e-02, 0., 2.70000007e-02, 8.10000002e-02, 0.,
    2.70000007e-02, 1.08000003e-01, 0., 2.70000007e-02, 1.35000005e-01,
    0., 2.70000007e-02, 1.62000000e-01, 0., 5.40000014e-02, 0., 0.,
    5.40000014e-02, 2.70000007e-02, 0., 5.40000014e-02, 5.40000014e-02,
    0., 5.40000014e-02, 8.10000002e-02, 0., 5.40000014e-02,
    1.08000003e-01, 0., 5.40000014e-02, 1.35000005e-01, 0.,
    5.40000014e-02, 1.62000000e-01, 0., 8.10000002e-02, 0., 0.,
    8.10000002e-02, 2.70000007e-02, 0., 8.10000002e-02, 5.40000014e-02,
    0., 8.10000002e-02, 8.10000002e-02, 0., 8.10000002e-02,
    1.08000003e-01, 0., 8.10000002e-02, 1.35000005e-01, 0.,
    8.10000002e-02, 1.62000000e-01, 0., 1.08000003e-01, 0., 0.,
    1.08000003e-01, 2.70000007e-02, 0., 1.08000003e-01, 5.40000014e-02,
    0., 1.08000003e-01, 8.10000002e-02, 0., 1.08000003e-01,
    1.08000003e-01, 0., 1.08000003e-01, 1.35000005e-01, 0.,
    1.08000003e-01, 1.62000000e-01, 0. ]
CalibrationFrameExtRotation: !!opencv-matrix
   rows: 3
   cols: 1
   dt: d
   data: [ 2.1916242423465246e+00, 1.6890329481974899e+00,
       -2.5879495325329710e-01 ]
CalibrationFrameExtTranslation: !!opencv-matrix
   rows: 3
   cols: 1
   dt: d
   data: [ -4.1881765868147247e-01, 1.5416325172104653e-01,
       8.5434222216839206e-01 ]
CalibrationFrameRMSerror: 2.4693657457828522e-01
