%YAML:1.0
---
CalibrationFramePatternImage: [ 4.05190613e+02, 1.37307510e+02,
    4.26266754e+02, 1.43938751e+02, 4.47266541e+02, 1.50564636e+02,
    4.68575165e+02, 1.57258026e+02, 4.89518555e+02, 1.64058090e+02,
    5.10521790e+02, 1.70521820e+02, 5.31446838e+02, 1.77338486e+02,
    3.97559814e+02, 1.58307617e+02, 4.18679047e+02, 1.65078156e+02,
    4.39577972e+02, 1.71560150e+02, 4.60558685e+02, 1.78162903e+02,
    4.81127991e+02, 1.84612961e+02, 5.02327728e+02, 1.91436447e+02,
    5.23203186e+02, 1.97785904e+02, 3.90473358e+02, 1.78768723e+02,
    4.11373535e+02, 1.85336990e+02, 4.32136963e+02, 1.92248169e+02,
    4.52874542e+02, 1.98443405e+02, 4.73474457e+02, 2.05022385e+02,
    4.94003906e+02, 2.11392181e+02, 5.14679382e+02, 2.18052414e+02,
    3.83247803e+02, 1.98951569e+02, 4.03938904e+02, 2.05367844e+02,
    4.24798309e+02, 2.11810440e+02, 4.45162384e+02, 2.18325150e+02,
    4.65463104e+02, 2.24679367e+02, 4.86056854e+02, 2.31185287e+02,
    5.06630524e+02, 2.37541077e+02, 3.76318817e+02, 2.18506805e+02,
    3.96871185e+02, 2.24850967e+02, 4.17193298e+02, 2.31354660e+02,
    4.37449646e+02, 2.37629272e+02, 4.57738495e+02, 2.43984558e+02,
    4.78247498e+02, 2.50380447e+02, 4.98270660e+02, 2.56544434e+02 ]
CalibrationFramePatternWorld: [ 0., 0., 0., 0., 2.70000007e-02, 0., 0.,
    5.40000014e-02, 0., 0., 8.10000002e-02, 0., 0., 1.08000003e-01, 0.,
    0., 1.35000005e-01, 0., 0., 1.62000000e-01, 0., 2.70000007e-02, 0.,
    0., 2.70000007e-02, 2.70000007e-02, 0., 2.70000007e-02,
    5.40000014e-02, 0., 2.70000007e-02, 8.10000002e-02, 0.,
    2.70000007e-02, 1.08000003e-01, 0., 2.70000007e-02, 1.35000005e-01,
    0., 2.70000007e-02, 1.62000000e-01, 0., 5.40000014e-02, 0., 0.,
    5.40000014e-02, 2.70000007e-02, 0., 5.40000014e-02, 5.40000014e-02,
    0., 5.40000014e-02, 8.10000002e-02, 0., 5.40000014e-02,
    1.08000003e-01, 0., 5.40000014e-02, 1.35000005e-01, 0.,
    5.40000014e-02, 1.62000000e-01, 0., 8.10000002e-02, 0., 0.,
    8.10000002e-02, 2.70000007e-02, 0., 8.10000002e-02, 5.40000014e-02,
    0., 8.10000002e-02, 8.10000002e-02, 0., 8.10000002e-02,
    1.08000003e-01, 0., 8.10000002e-02, 1.35000005e-01, 0.,
    8.10000002e-02, 1.62000000e-01, 0., 1.08000003e-01, 0., 0.,
    1.08000003e-01, 2.70000007e-02, 0., 1.08000003e-01, 5.40000014e-02,
    0., 1.08000003e-01, 8.10000002e-02, 0., 1.08000003e-01,
    1.08000003e-01, 0., 1.08000003e-01, 1.35000005e-01, 0.,
    1.08000003e-01, 1.62000000e-01, 0. ]
CalibrationFrameExtRotation: !!opencv-matrix
   rows: 3
   cols: 1
   dt: d
   data: [ -1.7155112258751699e+00, -2.3475298321011855e+00,
       -2.2028501902585290e-01 ]
CalibrationFrameExtTranslation: !!opencv-matrix
   rows: 3
   cols: 1
   dt: d
   data: [ 1.1024140804118120e-01, -1.1594204981803147e-01,
       7.0236579221546036e-01 ]
CalibrationFrameRMSerror: 1.9677817821502686e-01
