%YAML:1.0
---
CalibrationFramePatternImage: [ 9.97269516e+01, 1.14226082e+02,
    1.31971710e+02, 1.08944466e+02, 1.62449127e+02, 1.03833260e+02,
    1.91142654e+02, 9.88110352e+01, 2.18187119e+02, 9.44092789e+01,
    2.43344742e+02, 9.03269272e+01, 2.67599335e+02, 8.58286057e+01,
    1.07372871e+02, 1.46259506e+02, 1.38696930e+02, 1.40330765e+02,
    1.68507172e+02, 1.34434036e+02, 1.96482025e+02, 1.28752258e+02,
    2.22820786e+02, 1.23576698e+02, 2.47955399e+02, 1.18531464e+02,
    2.71406586e+02, 1.13844093e+02, 1.14393066e+02, 1.77160812e+02,
    1.45245743e+02, 1.70225342e+02, 1.74495544e+02, 1.63568268e+02,
    2.01629608e+02, 1.57366959e+02, 2.27609894e+02, 1.51389801e+02,
    2.52017166e+02, 1.45749985e+02, 2.75456085e+02, 1.40548584e+02,
    1.20920105e+02, 2.06685196e+02, 1.51229126e+02, 1.98987381e+02,
    1.79685532e+02, 1.91629486e+02, 2.06655365e+02, 1.84757614e+02,
    2.32128204e+02, 1.78279892e+02, 2.56432648e+02, 1.72338257e+02,
    2.79414276e+02, 1.66345718e+02, 1.27369743e+02, 2.35307144e+02,
    1.56856277e+02, 2.26843903e+02, 1.85043335e+02, 2.19282364e+02,
    2.11378784e+02, 2.11414444e+02, 2.36642059e+02, 2.04637909e+02,
    2.60437775e+02, 1.98057709e+02, 2.83132965e+02, 1.91459869e+02 ]
CalibrationFramePatternWorld: [ 0., 0., 0., 0., 2.70000007e-02, 0., 0.,
    5.40000014e-02, 0., 0., 8.10000002e-02, 0., 0., 1.08000003e-01, 0.,
    0., 1.35000005e-01, 0., 0., 1.62000000e-01, 0., 2.70000007e-02, 0.,
    0., 2.70000007e-02, 2.70000007e-02, 0., 2.70000007e-02,
    5.40000014e-02, 0., 2.70000007e-02, 8.10000002e-02, 0.,
    2.70000007e-02, 1.08000003e-01, 0., 2.70000007e-02, 1.35000005e-01,
    0., 2.70000007e-02, 1.62000000e-01, 0., 5.40000014e-02, 0., 0.,
    5.40000014e-02, 2.70000007e-02, 0., 5.40000014e-02, 5.40000014e-02,
    0., 5.40000014e-02, 8.10000002e-02, 0., 5.40000014e-02,
    1.08000003e-01, 0., 5.40000014e-02, 1.35000005e-01, 0.,
    5.40000014e-02, 1.62000000e-01, 0., 8.10000002e-02, 0., 0.,
    8.10000002e-02, 2.70000007e-02, 0., 8.10000002e-02, 5.40000014e-02,
    0., 8.10000002e-02, 8.10000002e-02, 0., 8.10000002e-02,
    1.08000003e-01, 0., 8.10000002e-02, 1.35000005e-01, 0.,
    8.10000002e-02, 1.62000000e-01, 0., 1.08000003e-01, 0., 0.,
    1.08000003e-01, 2.70000007e-02, 0., 1.08000003e-01, 5.40000014e-02,
    0., 1.08000003e-01, 8.10000002e-02, 0., 1.08000003e-01,
    1.08000003e-01, 0., 1.08000003e-01, 1.35000005e-01, 0.,
    1.08000003e-01, 1.62000000e-01, 0. ]
CalibrationFrameExtRotation: !!opencv-matrix
   rows: 3
   cols: 1
   dt: d
   data: [ 2.1847655545809439e+00, 1.7573019757990760e+00,
       9.2320148454821915e-01 ]
CalibrationFrameExtTranslation: !!opencv-matrix
   rows: 3
   cols: 1
   dt: d
   data: [ -1.7649827839617097e-01, -9.7394209380244137e-02,
       4.7853397862282560e-01 ]
CalibrationFrameRMSerror: 4.2745772004127502e-01
