%YAML:1.0
---
CalibrationFramePatternImage: [ 5.08640625e+02, 5.66612663e+01,
    5.26232971e+02, 5.63848305e+01, 5.43935608e+02, 5.60555840e+01,
    5.61735657e+02, 5.54821167e+01, 5.80168884e+02, 5.50749397e+01,
    5.98604126e+02, 5.45030937e+01, 6.17381104e+02, 5.37101555e+01,
    5.07541840e+02, 7.11530228e+01, 5.25019897e+02, 7.06440582e+01,
    5.42958435e+02, 7.04651947e+01, 5.60967651e+02, 7.02300110e+01,
    5.79685303e+02, 6.95323181e+01, 5.98515259e+02, 6.91339798e+01,
    6.17328979e+02, 6.87939682e+01, 5.06477234e+02, 8.53921661e+01,
    5.24198303e+02, 8.51412735e+01, 5.42216003e+02, 8.50469971e+01,
    5.60454590e+02, 8.47950592e+01, 5.79094604e+02, 8.43248520e+01,
    5.98253662e+02, 8.40342178e+01, 6.17274109e+02, 8.37150421e+01,
    5.05287323e+02, 9.93216095e+01, 5.23251892e+02, 9.94012756e+01,
    5.41358826e+02, 9.95676880e+01, 5.59847656e+02, 9.96763763e+01,
    5.78517212e+02, 9.93612289e+01, 5.97719971e+02, 9.92513046e+01,
    6.17055359e+02, 9.91992264e+01, 5.03742859e+02, 1.13887306e+02,
    5.21919434e+02, 1.14134941e+02, 5.40286072e+02, 1.14511421e+02,
    5.58944763e+02, 1.14788040e+02, 5.77755615e+02, 1.14909698e+02,
    5.96883240e+02, 1.15029480e+02, 6.16753967e+02, 1.14986145e+02 ]
CalibrationFramePatternWorld: [ 0., 0., 0., 0., 2.70000007e-02, 0., 0.,
    5.40000014e-02, 0., 0., 8.10000002e-02, 0., 0., 1.08000003e-01, 0.,
    0., 1.35000005e-01, 0., 0., 1.62000000e-01, 0., 2.70000007e-02, 0.,
    0., 2.70000007e-02, 2.70000007e-02, 0., 2.70000007e-02,
    5.40000014e-02, 0., 2.70000007e-02, 8.10000002e-02, 0.,
    2.70000007e-02, 1.08000003e-01, 0., 2.70000007e-02, 1.35000005e-01,
    0., 2.70000007e-02, 1.62000000e-01, 0., 5.40000014e-02, 0., 0.,
    5.40000014e-02, 2.70000007e-02, 0., 5.40000014e-02, 5.40000014e-02,
    0., 5.40000014e-02, 8.10000002e-02, 0., 5.40000014e-02,
    1.08000003e-01, 0., 5.40000014e-02, 1.35000005e-01, 0.,
    5.40000014e-02, 1.62000000e-01, 0., 8.10000002e-02, 0., 0.,
    8.10000002e-02, 2.70000007e-02, 0., 8.10000002e-02, 5.40000014e-02,
    0., 8.10000002e-02, 8.10000002e-02, 0., 8.10000002e-02,
    1.08000003e-01, 0., 8.10000002e-02, 1.35000005e-01, 0.,
    8.10000002e-02, 1.62000000e-01, 0., 1.08000003e-01, 0., 0.,
    1.08000003e-01, 2.70000007e-02, 0., 1.08000003e-01, 5.40000014e-02,
    0., 1.08000003e-01, 8.10000002e-02, 0., 1.08000003e-01,
    1.08000003e-01, 0., 1.08000003e-01, 1.35000005e-01, 0.,
    1.08000003e-01, 1.62000000e-01, 0. ]
CalibrationFrameExtRotation: !!opencv-matrix
   rows: 3
   cols: 1
   dt: d
   data: [ 2.0150641470510373e+00, 2.2871938166517087e+00,
       -6.9985096315677975e-01 ]
CalibrationFrameExtTranslation: !!opencv-matrix
   rows: 3
   cols: 1
   dt: d
   data: [ 3.1798171344824250e-01, -2.8811897941996500e-01,
       9.4270159949932086e-01 ]
CalibrationFrameRMSerror: 2.6469239592552185e-01
