%YAML:1.0
---
CalibrationFramePatternImage: [ 1.50835800e+02, 2.00892258e+02,
    1.66826294e+02, 2.02694290e+02, 1.83006439e+02, 2.04784897e+02,
    1.99393997e+02, 2.06446838e+02, 2.15578827e+02, 2.08671829e+02,
    2.32026138e+02, 2.10486755e+02, 2.48526215e+02, 2.12346115e+02,
    1.45374710e+02, 2.14925293e+02, 1.61700424e+02, 2.17285812e+02,
    1.78103867e+02, 2.18917450e+02, 1.94541565e+02, 2.21134857e+02,
    2.10903168e+02, 2.23344131e+02, 2.27747147e+02, 2.25059998e+02,
    2.44371902e+02, 2.27022949e+02, 1.39936508e+02, 2.29619370e+02,
    1.56323181e+02, 2.31711441e+02, 1.73223419e+02, 2.33847534e+02,
    1.89623245e+02, 2.35928879e+02, 2.06431152e+02, 2.37853821e+02,
    2.23341888e+02, 2.39594727e+02, 2.40343414e+02, 2.41819901e+02,
    1.34314484e+02, 2.44575241e+02, 1.51178040e+02, 2.46709503e+02,
    1.68114120e+02, 2.48730606e+02, 1.84933426e+02, 2.51114395e+02,
    2.01624496e+02, 2.53232407e+02, 2.18920761e+02, 2.55051285e+02,
    2.36009216e+02, 2.56967804e+02, 1.29123642e+02, 2.59993530e+02,
    1.45996964e+02, 2.62426971e+02, 1.63053116e+02, 2.64548462e+02,
    1.80134811e+02, 2.66367371e+02, 1.97170990e+02, 2.68714386e+02,
    2.14390976e+02, 2.70718323e+02, 2.31864502e+02, 2.72642181e+02 ]
CalibrationFramePatternWorld: [ 0., 0., 0., 0., 2.70000007e-02, 0., 0.,
    5.40000014e-02, 0., 0., 8.10000002e-02, 0., 0., 1.08000003e-01, 0.,
    0., 1.35000005e-01, 0., 0., 1.62000000e-01, 0., 2.70000007e-02, 0.,
    0., 2.70000007e-02, 2.70000007e-02, 0., 2.70000007e-02,
    5.40000014e-02, 0., 2.70000007e-02, 8.10000002e-02, 0.,
    2.70000007e-02, 1.08000003e-01, 0., 2.70000007e-02, 1.35000005e-01,
    0., 2.70000007e-02, 1.62000000e-01, 0., 5.40000014e-02, 0., 0.,
    5.40000014e-02, 2.70000007e-02, 0., 5.40000014e-02, 5.40000014e-02,
    0., 5.40000014e-02, 8.10000002e-02, 0., 5.40000014e-02,
    1.08000003e-01, 0., 5.40000014e-02, 1.35000005e-01, 0.,
    5.40000014e-02, 1.62000000e-01, 0., 8.10000002e-02, 0., 0.,
    8.10000002e-02, 2.70000007e-02, 0., 8.10000002e-02, 5.40000014e-02,
    0., 8.10000002e-02, 8.10000002e-02, 0., 8.10000002e-02,
    1.08000003e-01, 0., 8.10000002e-02, 1.35000005e-01, 0.,
    8.10000002e-02, 1.62000000e-01, 0., 1.08000003e-01, 0., 0.,
    1.08000003e-01, 2.70000007e-02, 0., 1.08000003e-01, 5.40000014e-02,
    0., 1.08000003e-01, 8.10000002e-02, 0., 1.08000003e-01,
    1.08000003e-01, 0., 1.08000003e-01, 1.35000005e-01, 0.,
    1.08000003e-01, 1.62000000e-01, 0. ]
CalibrationFrameExtRotation: !!opencv-matrix
   rows: 3
   cols: 1
   dt: d
   data: [ 1.8217221537301280e+00, 2.1273234494747979e+00,
       -6.2923119510201853e-01 ]
CalibrationFrameExtTranslation: !!opencv-matrix
   rows: 3
   cols: 1
   dt: d
   data: [ -2.6335294928716585e-01, -4.9392905706236612e-02,
       9.3368233775174725e-01 ]
CalibrationFrameRMSerror: 2.5794899463653564e-01
