%YAML:1.0
---
CalibrationFramePatternImage: [ 4.17167450e+02, 2.81328796e+02,
    4.33725128e+02, 2.83623108e+02, 4.50471130e+02, 2.85633545e+02,
    4.67555603e+02, 2.87596039e+02, 4.85400238e+02, 2.89984863e+02,
    5.03518402e+02, 2.92573425e+02, 5.22380859e+02, 2.94826843e+02,
    4.15562592e+02, 2.98227966e+02, 4.31835480e+02, 3.00439026e+02,
    4.48879852e+02, 3.02733612e+02, 4.66258575e+02, 3.05314392e+02,
    4.83851593e+02, 3.07906586e+02, 5.02122650e+02, 3.10565094e+02,
    5.20576172e+02, 3.13443604e+02, 4.13832672e+02, 3.14515167e+02,
    4.30461761e+02, 3.17037415e+02, 4.47235687e+02, 3.19863251e+02,
    4.64280701e+02, 3.22541199e+02, 4.81894684e+02, 3.25429443e+02,
    5.00025055e+02, 3.28308746e+02, 5.18556519e+02, 3.31246582e+02,
    4.12291351e+02, 3.30928833e+02, 4.28548462e+02, 3.33673035e+02,
    4.45403870e+02, 3.36474457e+02, 4.62580597e+02, 3.39570435e+02,
    4.80125183e+02, 3.42548859e+02, 4.97981567e+02, 3.45885651e+02,
    5.16423401e+02, 3.49268768e+02, 4.10368805e+02, 3.47079071e+02,
    4.26817841e+02, 3.50124298e+02, 4.43450348e+02, 3.53276184e+02,
    4.60489929e+02, 3.56422760e+02, 4.77953918e+02, 3.59971619e+02,
    4.95683777e+02, 3.63355804e+02, 5.14235901e+02, 3.66878082e+02 ]
CalibrationFramePatternWorld: [ 0., 0., 0., 0., 2.70000007e-02, 0., 0.,
    5.40000014e-02, 0., 0., 8.10000002e-02, 0., 0., 1.08000003e-01, 0.,
    0., 1.35000005e-01, 0., 0., 1.62000000e-01, 0., 2.70000007e-02, 0.,
    0., 2.70000007e-02, 2.70000007e-02, 0., 2.70000007e-02,
    5.40000014e-02, 0., 2.70000007e-02, 8.10000002e-02, 0.,
    2.70000007e-02, 1.08000003e-01, 0., 2.70000007e-02, 1.35000005e-01,
    0., 2.70000007e-02, 1.62000000e-01, 0., 5.40000014e-02, 0., 0.,
    5.40000014e-02, 2.70000007e-02, 0., 5.40000014e-02, 5.40000014e-02,
    0., 5.40000014e-02, 8.10000002e-02, 0., 5.40000014e-02,
    1.08000003e-01, 0., 5.40000014e-02, 1.35000005e-01, 0.,
    5.40000014e-02, 1.62000000e-01, 0., 8.10000002e-02, 0., 0.,
    8.10000002e-02, 2.70000007e-02, 0., 8.10000002e-02, 5.40000014e-02,
    0., 8.10000002e-02, 8.10000002e-02, 0., 8.10000002e-02,
    1.08000003e-01, 0., 8.10000002e-02, 1.35000005e-01, 0.,
    8.10000002e-02, 1.62000000e-01, 0., 1.08000003e-01, 0., 0.,
    1.08000003e-01, 2.70000007e-02, 0., 1.08000003e-01, 5.40000014e-02,
    0., 1.08000003e-01, 8.10000002e-02, 0., 1.08000003e-01,
    1.08000003e-01, 0., 1.08000003e-01, 1.35000005e-01, 0.,
    1.08000003e-01, 1.62000000e-01, 0. ]
CalibrationFrameExtRotation: !!opencv-matrix
   rows: 3
   cols: 1
   dt: d
   data: [ -1.8514706067361699e+00, -2.0482167621091434e+00,
       5.1615274715556314e-01 ]
CalibrationFrameExtTranslation: !!opencv-matrix
   rows: 3
   cols: 1
   dt: d
   data: [ 1.6551656111382598e-01, 8.1184204583627614e-02,
       9.2589891293306403e-01 ]
CalibrationFrameRMSerror: 2.7819490432739258e-01
