%YAML:1.0
---
CalibrationFramePatternImage: [ 2.30585739e+02, 1.57856949e+02,
    2.63691437e+02, 1.53799500e+02, 2.94988464e+02, 1.50202499e+02,
    3.24549469e+02, 1.46651871e+02, 3.52459900e+02, 1.43263550e+02,
    3.78726715e+02, 1.40395798e+02, 4.03763123e+02, 1.37313812e+02,
    2.42159134e+02, 1.87576294e+02, 2.75690796e+02, 1.82871567e+02,
    3.07427704e+02, 1.78414078e+02, 3.37049072e+02, 1.74207626e+02,
    3.65211212e+02, 1.70296387e+02, 3.91859497e+02, 1.66427689e+02,
    4.16863678e+02, 1.62872345e+02, 2.54122894e+02, 2.18486938e+02,
    2.88101105e+02, 2.12938553e+02, 3.19744415e+02, 2.07845169e+02,
    3.49789032e+02, 2.02710953e+02, 3.78379120e+02, 1.97528763e+02,
    4.05143402e+02, 1.93115234e+02, 4.30371338e+02, 1.88683060e+02,
    2.65924805e+02, 2.50675537e+02, 3.00436340e+02, 2.44330734e+02,
    3.32657776e+02, 2.38104874e+02, 3.63073059e+02, 2.32168976e+02,
    3.91696045e+02, 2.26183731e+02, 4.18931732e+02, 2.20707199e+02,
    4.44596619e+02, 2.15534286e+02, 2.77954681e+02, 2.84681610e+02,
    3.12748047e+02, 2.76895569e+02, 3.45636200e+02, 2.69818115e+02,
    3.76423462e+02, 2.62540955e+02, 4.05550751e+02, 2.55933640e+02,
    4.33030426e+02, 2.49540634e+02, 4.59258118e+02, 2.43413818e+02 ]
CalibrationFramePatternWorld: [ 0., 0., 0., 0., 2.70000007e-02, 0., 0.,
    5.40000014e-02, 0., 0., 8.10000002e-02, 0., 0., 1.08000003e-01, 0.,
    0., 1.35000005e-01, 0., 0., 1.62000000e-01, 0., 2.70000007e-02, 0.,
    0., 2.70000007e-02, 2.70000007e-02, 0., 2.70000007e-02,
    5.40000014e-02, 0., 2.70000007e-02, 8.10000002e-02, 0.,
    2.70000007e-02, 1.08000003e-01, 0., 2.70000007e-02, 1.35000005e-01,
    0., 2.70000007e-02, 1.62000000e-01, 0., 5.40000014e-02, 0., 0.,
    5.40000014e-02, 2.70000007e-02, 0., 5.40000014e-02, 5.40000014e-02,
    0., 5.40000014e-02, 8.10000002e-02, 0., 5.40000014e-02,
    1.08000003e-01, 0., 5.40000014e-02, 1.35000005e-01, 0.,
    5.40000014e-02, 1.62000000e-01, 0., 8.10000002e-02, 0., 0.,
    8.10000002e-02, 2.70000007e-02, 0., 8.10000002e-02, 5.40000014e-02,
    0., 8.10000002e-02, 8.10000002e-02, 0., 8.10000002e-02,
    1.08000003e-01, 0., 8.10000002e-02, 1.35000005e-01, 0.,
    8.10000002e-02, 1.62000000e-01, 0., 1.08000003e-01, 0., 0.,
    1.08000003e-01, 2.70000007e-02, 0., 1.08000003e-01, 5.40000014e-02,
    0., 1.08000003e-01, 8.10000002e-02, 0., 1.08000003e-01,
    1.08000003e-01, 0., 1.08000003e-01, 1.35000005e-01, 0.,
    1.08000003e-01, 1.62000000e-01, 0. ]
CalibrationFrameExtRotation: !!opencv-matrix
   rows: 3
   cols: 1
   dt: d
   data: [ 2.0234434780789292e+00, 1.5048053147163898e+00,
       -2.6397453361194340e-02 ]
CalibrationFrameExtTranslation: !!opencv-matrix
   rows: 3
   cols: 1
   dt: d
   data: [ -6.2672753922364932e-02, -5.6071210339856625e-02,
       4.3286368616804871e-01 ]
CalibrationFrameRMSerror: 4.0953835844993591e-01
