%YAML:1.0
---
CalibrationFramePatternImage: [ 1.46726318e+02, 3.05330963e+02,
    1.63858673e+02, 3.09581940e+02, 1.80937973e+02, 3.14370911e+02,
    1.98069199e+02, 3.18610168e+02, 2.15116531e+02, 3.23040436e+02,
    2.32084213e+02, 3.27439270e+02, 2.48967590e+02, 3.31843567e+02,
    1.40773926e+02, 3.22456024e+02, 1.58192291e+02, 3.27039185e+02,
    1.75362335e+02, 3.31408264e+02, 1.92593216e+02, 3.36042542e+02,
    2.09692871e+02, 3.40385101e+02, 2.26818985e+02, 3.44998016e+02,
    2.43854172e+02, 3.49341888e+02, 1.35102142e+02, 3.39582428e+02,
    1.52543121e+02, 3.44139984e+02, 1.70035263e+02, 3.48711273e+02,
    1.87138397e+02, 3.53202179e+02, 2.04434891e+02, 3.57616028e+02,
    2.21499084e+02, 3.62240875e+02, 2.38638855e+02, 3.66646149e+02,
    1.29101105e+02, 3.56752930e+02, 1.46733368e+02, 3.61459076e+02,
    1.64230850e+02, 3.66095612e+02, 1.81616852e+02, 3.70537659e+02,
    1.98656464e+02, 3.75363037e+02, 2.16226837e+02, 3.79829590e+02,
    2.33311020e+02, 3.84424072e+02, 1.23170830e+02, 3.74355774e+02,
    1.40829956e+02, 3.78807129e+02, 1.58180588e+02, 3.83687286e+02,
    1.75805847e+02, 3.88114471e+02, 1.92869583e+02, 3.93038574e+02,
    2.10511246e+02, 3.97629547e+02, 2.27833847e+02, 4.02445831e+02 ]
CalibrationFramePatternWorld: [ 0., 0., 0., 0., 2.70000007e-02, 0., 0.,
    5.40000014e-02, 0., 0., 8.10000002e-02, 0., 0., 1.08000003e-01, 0.,
    0., 1.35000005e-01, 0., 0., 1.62000000e-01, 0., 2.70000007e-02, 0.,
    0., 2.70000007e-02, 2.70000007e-02, 0., 2.70000007e-02,
    5.40000014e-02, 0., 2.70000007e-02, 8.10000002e-02, 0.,
    2.70000007e-02, 1.08000003e-01, 0., 2.70000007e-02, 1.35000005e-01,
    0., 2.70000007e-02, 1.62000000e-01, 0., 5.40000014e-02, 0., 0.,
    5.40000014e-02, 2.70000007e-02, 0., 5.40000014e-02, 5.40000014e-02,
    0., 5.40000014e-02, 8.10000002e-02, 0., 5.40000014e-02,
    1.08000003e-01, 0., 5.40000014e-02, 1.35000005e-01, 0.,
    5.40000014e-02, 1.62000000e-01, 0., 8.10000002e-02, 0., 0.,
    8.10000002e-02, 2.70000007e-02, 0., 8.10000002e-02, 5.40000014e-02,
    0., 8.10000002e-02, 8.10000002e-02, 0., 8.10000002e-02,
    1.08000003e-01, 0., 8.10000002e-02, 1.35000005e-01, 0.,
    8.10000002e-02, 1.62000000e-01, 0., 1.08000003e-01, 0., 0.,
    1.08000003e-01, 2.70000007e-02, 0., 1.08000003e-01, 5.40000014e-02,
    0., 1.08000003e-01, 8.10000002e-02, 0., 1.08000003e-01,
    1.08000003e-01, 0., 1.08000003e-01, 1.35000005e-01, 0.,
    1.08000003e-01, 1.62000000e-01, 0. ]
CalibrationFrameExtRotation: !!opencv-matrix
   rows: 3
   cols: 1
   dt: d
   data: [ 1.7989399005671369e+00, 2.3415742926851211e+00,
       -2.5945976084338701e-01 ]
CalibrationFrameExtTranslation: !!opencv-matrix
   rows: 3
   cols: 1
   dt: d
   data: [ -2.5706253967130072e-01, 1.1509501529982116e-01,
       8.8955967476102971e-01 ]
CalibrationFrameRMSerror: 2.3251597583293915e-01
