%YAML:1.0
---
CalibrationFramePatternImage: [ 6.02703209e+01, 5.22091179e+01,
    9.45699997e+01, 5.00790710e+01, 1.25910004e+02, 4.87675056e+01,
    1.54971985e+02, 4.71052017e+01, 1.81908615e+02, 4.58889313e+01,
    2.06465698e+02, 4.41734734e+01, 2.29625046e+02, 4.33345871e+01,
    6.39940720e+01, 8.86096115e+01, 9.73727646e+01, 8.55908432e+01,
    1.27875122e+02, 8.24022827e+01, 1.56008896e+02, 7.97721176e+01,
    1.82128433e+02, 7.72496262e+01, 2.06333191e+02, 7.46075592e+01,
    2.28704880e+02, 7.23188782e+01, 6.80423050e+01, 1.23193787e+02,
    9.99856186e+01, 1.18526184e+02, 1.29560333e+02, 1.14378647e+02,
    1.56978363e+02, 1.10406540e+02, 1.82421066e+02, 1.06718567e+02,
    2.06065186e+02, 1.03226326e+02, 2.28328629e+02, 1.00421371e+02,
    7.12819290e+01, 1.55674362e+02, 1.02090637e+02, 1.50007294e+02,
    1.31101852e+02, 1.44462524e+02, 1.57745239e+02, 1.39622665e+02,
    1.82704834e+02, 1.35182068e+02, 2.06331833e+02, 1.30939667e+02,
    2.28352600e+02, 1.27099731e+02, 7.37474136e+01, 1.86657913e+02,
    1.04328461e+02, 1.79965775e+02, 1.32443863e+02, 1.73491699e+02,
    1.58665192e+02, 1.67766678e+02, 1.83538284e+02, 1.62294037e+02,
    2.06407761e+02, 1.57277649e+02, 2.28010635e+02, 1.52743607e+02 ]
CalibrationFramePatternWorld: [ 0., 0., 0., 0., 2.70000007e-02, 0., 0.,
    5.40000014e-02, 0., 0., 8.10000002e-02, 0., 0., 1.08000003e-01, 0.,
    0., 1.35000005e-01, 0., 0., 1.62000000e-01, 0., 2.70000007e-02, 0.,
    0., 2.70000007e-02, 2.70000007e-02, 0., 2.70000007e-02,
    5.40000014e-02, 0., 2.70000007e-02, 8.10000002e-02, 0.,
    2.70000007e-02, 1.08000003e-01, 0., 2.70000007e-02, 1.35000005e-01,
    0., 2.70000007e-02, 1.62000000e-01, 0., 5.40000014e-02, 0., 0.,
    5.40000014e-02, 2.70000007e-02, 0., 5.40000014e-02, 5.40000014e-02,
    0., 5.40000014e-02, 8.10000002e-02, 0., 5.40000014e-02,
    1.08000003e-01, 0., 5.40000014e-02, 1.35000005e-01, 0.,
    5.40000014e-02, 1.62000000e-01, 0., 8.10000002e-02, 0., 0.,
    8.10000002e-02, 2.70000007e-02, 0., 8.10000002e-02, 5.40000014e-02,
    0., 8.10000002e-02, 8.10000002e-02, 0., 8.10000002e-02,
    1.08000003e-01, 0., 8.10000002e-02, 1.35000005e-01, 0.,
    8.10000002e-02, 1.62000000e-01, 0., 1.08000003e-01, 0., 0.,
    1.08000003e-01, 2.70000007e-02, 0., 1.08000003e-01, 5.40000014e-02,
    0., 1.08000003e-01, 8.10000002e-02, 0., 1.08000003e-01,
    1.08000003e-01, 0., 1.08000003e-01, 1.35000005e-01, 0.,
    1.08000003e-01, 1.62000000e-01, 0. ]
CalibrationFrameExtRotation: !!opencv-matrix
   rows: 3
   cols: 1
   dt: d
   data: [ 1.9277870418410505e+00, 1.7172088113008084e+00,
       1.2961503708125399e+00 ]
CalibrationFrameExtTranslation: !!opencv-matrix
   rows: 3
   cols: 1
   dt: d
   data: [ -1.8711601012163556e-01, -1.3355045491832468e-01,
       4.2984624916105268e-01 ]
CalibrationFrameRMSerror: 2.8168493509292603e-01
