%YAML:1.0
---
CalibrationFramePatternImage: [ 4.07520172e+02, 7.57135544e+01,
    4.36196350e+02, 7.57216187e+01, 4.64246979e+02, 7.57572937e+01,
    4.91688110e+02, 7.55367966e+01, 5.19110229e+02, 7.55194397e+01,
    5.46206787e+02, 7.54617081e+01, 5.72726379e+02, 7.53322830e+01,
    4.07377319e+02, 1.05333763e+02, 4.35753998e+02, 1.05261215e+02,
    4.63595581e+02, 1.04875023e+02, 4.90988739e+02, 1.04700928e+02,
    5.18126770e+02, 1.04565926e+02, 5.45048828e+02, 1.04406357e+02,
    5.71533875e+02, 1.04257065e+02, 4.07278595e+02, 1.34168243e+02,
    4.35227203e+02, 1.33926697e+02, 4.63094879e+02, 1.33697266e+02,
    4.90216980e+02, 1.33352997e+02, 5.17152405e+02, 1.33243698e+02,
    5.43771301e+02, 1.32885452e+02, 5.70166931e+02, 1.32303879e+02,
    4.06823578e+02, 1.62235596e+02, 4.34618011e+02, 1.62111511e+02,
    4.61809113e+02, 1.61544647e+02, 4.88883240e+02, 1.61142426e+02,
    5.15685486e+02, 1.60796371e+02, 5.42563660e+02, 1.60484955e+02,
    5.69044739e+02, 1.60169998e+02, 4.06380676e+02, 1.90119019e+02,
    4.33867828e+02, 1.89657654e+02, 4.60950378e+02, 1.88870728e+02,
    4.88011719e+02, 1.88475174e+02, 5.14857300e+02, 1.88241760e+02,
    5.41574463e+02, 1.87688889e+02, 5.67888123e+02, 1.87408600e+02 ]
CalibrationFramePatternWorld: [ 0., 0., 0., 0., 2.70000007e-02, 0., 0.,
    5.40000014e-02, 0., 0., 8.10000002e-02, 0., 0., 1.08000003e-01, 0.,
    0., 1.35000005e-01, 0., 0., 1.62000000e-01, 0., 2.70000007e-02, 0.,
    0., 2.70000007e-02, 2.70000007e-02, 0., 2.70000007e-02,
    5.40000014e-02, 0., 2.70000007e-02, 8.10000002e-02, 0.,
    2.70000007e-02, 1.08000003e-01, 0., 2.70000007e-02, 1.35000005e-01,
    0., 2.70000007e-02, 1.62000000e-01, 0., 5.40000014e-02, 0., 0.,
    5.40000014e-02, 2.70000007e-02, 0., 5.40000014e-02, 5.40000014e-02,
    0., 5.40000014e-02, 8.10000002e-02, 0., 5.40000014e-02,
    1.08000003e-01, 0., 5.40000014e-02, 1.35000005e-01, 0.,
    5.40000014e-02, 1.62000000e-01, 0., 8.10000002e-02, 0., 0.,
    8.10000002e-02, 2.70000007e-02, 0., 8.10000002e-02, 5.40000014e-02,
    0., 8.10000002e-02, 8.10000002e-02, 0., 8.10000002e-02,
    1.08000003e-01, 0., 8.10000002e-02, 1.35000005e-01, 0.,
    8.10000002e-02, 1.62000000e-01, 0., 1.08000003e-01, 0., 0.,
    1.08000003e-01, 2.70000007e-02, 0., 1.08000003e-01, 5.40000014e-02,
    0., 1.08000003e-01, 8.10000002e-02, 0., 1.08000003e-01,
    1.08000003e-01, 0., 1.08000003e-01, 1.35000005e-01, 0.,
    1.08000003e-01, 1.62000000e-01, 0. ]
CalibrationFrameExtRotation: !!opencv-matrix
   rows: 3
   cols: 1
   dt: d
   data: [ -2.2019130635306876e+00, -2.1648123034832283e+00,
       -2.3680778471632008e-01 ]
CalibrationFrameExtTranslation: !!opencv-matrix
   rows: 3
   cols: 1
   dt: d
   data: [ 8.7407407842420223e-02, -1.4717748573932996e-01,
       5.4064434128259198e-01 ]
CalibrationFrameRMSerror: 2.8301063179969788e-01
