%YAML:1.0
---
CalibrationFramePatternImage: [ 3.76473602e+02, 2.48664108e+02,
    4.05481873e+02, 2.55313431e+02, 4.34491455e+02, 2.62247467e+02,
    4.63966034e+02, 2.69117767e+02, 4.93196838e+02, 2.76094421e+02,
    5.22224731e+02, 2.83185883e+02, 5.51424194e+02, 2.90007507e+02,
    3.70531647e+02, 2.75606201e+02, 4.00554260e+02, 2.82639801e+02,
    4.30183685e+02, 2.89676086e+02, 4.59960022e+02, 2.96932251e+02,
    4.89583954e+02, 3.04151062e+02, 5.19451904e+02, 3.11155212e+02,
    5.49271790e+02, 3.18462067e+02, 3.64910126e+02, 3.03173431e+02,
    3.95229858e+02, 3.10493195e+02, 4.25443909e+02, 3.17914124e+02,
    4.55755463e+02, 3.25343231e+02, 4.86004974e+02, 3.32725708e+02,
    5.16544495e+02, 3.40237183e+02, 5.47324280e+02, 3.47771423e+02,
    3.58670166e+02, 3.32184540e+02, 3.89572754e+02, 3.39647919e+02,
    4.20484100e+02, 3.47392059e+02, 4.51487244e+02, 3.55160980e+02,
    4.82451355e+02, 3.62693970e+02, 5.13524536e+02, 3.70251862e+02,
    5.44686157e+02, 3.77912262e+02, 3.52016632e+02, 3.62486572e+02,
    3.83719482e+02, 3.70148865e+02, 4.15195190e+02, 3.78075958e+02,
    4.46689819e+02, 3.85843170e+02, 4.78390930e+02, 3.93645050e+02,
    5.10143433e+02, 4.01455109e+02, 5.41915161e+02, 4.09260986e+02 ]
CalibrationFramePatternWorld: [ 0., 0., 0., 0., 2.70000007e-02, 0., 0.,
    5.40000014e-02, 0., 0., 8.10000002e-02, 0., 0., 1.08000003e-01, 0.,
    0., 1.35000005e-01, 0., 0., 1.62000000e-01, 0., 2.70000007e-02, 0.,
    0., 2.70000007e-02, 2.70000007e-02, 0., 2.70000007e-02,
    5.40000014e-02, 0., 2.70000007e-02, 8.10000002e-02, 0.,
    2.70000007e-02, 1.08000003e-01, 0., 2.70000007e-02, 1.35000005e-01,
    0., 2.70000007e-02, 1.62000000e-01, 0., 5.40000014e-02, 0., 0.,
    5.40000014e-02, 2.70000007e-02, 0., 5.40000014e-02, 5.40000014e-02,
    0., 5.40000014e-02, 8.10000002e-02, 0., 5.40000014e-02,
    1.08000003e-01, 0., 5.40000014e-02, 1.35000005e-01, 0.,
    5.40000014e-02, 1.62000000e-01, 0., 8.10000002e-02, 0., 0.,
    8.10000002e-02, 2.70000007e-02, 0., 8.10000002e-02, 5.40000014e-02,
    0., 8.10000002e-02, 8.10000002e-02, 0., 8.10000002e-02,
    1.08000003e-01, 0., 8.10000002e-02, 1.35000005e-01, 0.,
    8.10000002e-02, 1.62000000e-01, 0., 1.08000003e-01, 0., 0.,
    1.08000003e-01, 2.70000007e-02, 0., 1.08000003e-01, 5.40000014e-02,
    0., 1.08000003e-01, 8.10000002e-02, 0., 1.08000003e-01,
    1.08000003e-01, 0., 1.08000003e-01, 1.35000005e-01, 0.,
    1.08000003e-01, 1.62000000e-01, 0. ]
CalibrationFrameExtRotation: !!opencv-matrix
   rows: 3
   cols: 1
   dt: d
   data: [ 1.7239821376798121e+00, 2.2170041346707610e+00,
       -4.2126167802597575e-01 ]
CalibrationFrameExtTranslation: !!opencv-matrix
   rows: 3
   cols: 1
   dt: d
   data: [ 5.6733002604418444e-02, 1.5687297266302264e-02,
       5.2537683143559188e-01 ]
CalibrationFrameRMSerror: 2.5423142313957214e-01
