%YAML:1.0
---
CalibrationFramePatternImage: [ 1.32398407e+02, 2.49654408e+01,
    1.50185287e+02, 3.02373486e+01, 1.67764877e+02, 3.51848145e+01,
    1.85452957e+02, 4.01616020e+01, 2.02772156e+02, 4.53277702e+01,
    2.19963165e+02, 5.02045746e+01, 2.37206039e+02, 5.49474869e+01,
    1.28455292e+02, 4.27343445e+01, 1.46419312e+02, 4.77433167e+01,
    1.63952805e+02, 5.26720886e+01, 1.81514236e+02, 5.76572990e+01,
    1.98752747e+02, 6.26287994e+01, 2.16121750e+02, 6.73697739e+01,
    2.33072540e+02, 7.24032135e+01, 1.24746910e+02, 6.00235138e+01,
    1.42502396e+02, 6.48088760e+01, 1.60334915e+02, 6.98834000e+01,
    1.77674347e+02, 7.48178482e+01, 1.94948959e+02, 7.95581589e+01,
    2.12138962e+02, 8.44270554e+01, 2.28893082e+02, 8.91045151e+01,
    1.20969421e+02, 7.71115341e+01, 1.38860489e+02, 8.20244598e+01,
    1.56510483e+02, 8.68731003e+01, 1.73887680e+02, 9.16331558e+01,
    1.91172043e+02, 9.64116211e+01, 2.08253387e+02, 1.01186508e+02,
    2.25011841e+02, 1.05886566e+02, 1.17536911e+02, 9.40323944e+01,
    1.35336136e+02, 9.91100159e+01, 1.52839111e+02, 1.03723724e+02,
    1.70178802e+02, 1.08324295e+02, 1.87200424e+02, 1.13074730e+02,
    2.04424820e+02, 1.17675400e+02, 2.21104614e+02, 1.22238770e+02 ]
CalibrationFramePatternWorld: [ 0., 0., 0., 0., 2.70000007e-02, 0., 0.,
    5.40000014e-02, 0., 0., 8.10000002e-02, 0., 0., 1.08000003e-01, 0.,
    0., 1.35000005e-01, 0., 0., 1.62000000e-01, 0., 2.70000007e-02, 0.,
    0., 2.70000007e-02, 2.70000007e-02, 0., 2.70000007e-02,
    5.40000014e-02, 0., 2.70000007e-02, 8.10000002e-02, 0.,
    2.70000007e-02, 1.08000003e-01, 0., 2.70000007e-02, 1.35000005e-01,
    0., 2.70000007e-02, 1.62000000e-01, 0., 5.40000014e-02, 0., 0.,
    5.40000014e-02, 2.70000007e-02, 0., 5.40000014e-02, 5.40000014e-02,
    0., 5.40000014e-02, 8.10000002e-02, 0., 5.40000014e-02,
    1.08000003e-01, 0., 5.40000014e-02, 1.35000005e-01, 0.,
    5.40000014e-02, 1.62000000e-01, 0., 8.10000002e-02, 0., 0.,
    8.10000002e-02, 2.70000007e-02, 0., 8.10000002e-02, 5.40000014e-02,
    0., 8.10000002e-02, 8.10000002e-02, 0., 8.10000002e-02,
    1.08000003e-01, 0., 8.10000002e-02, 1.35000005e-01, 0.,
    8.10000002e-02, 1.62000000e-01, 0., 1.08000003e-01, 0., 0.,
    1.08000003e-01, 2.70000007e-02, 0., 1.08000003e-01, 5.40000014e-02,
    0., 1.08000003e-01, 8.10000002e-02, 0., 1.08000003e-01,
    1.08000003e-01, 0., 1.08000003e-01, 1.35000005e-01, 0.,
    1.08000003e-01, 1.62000000e-01, 0. ]
CalibrationFrameExtRotation: !!opencv-matrix
   rows: 3
   cols: 1
   dt: d
   data: [ -1.9128158027400755e+00, -2.4632924606379154e+00,
       -3.1985837522973781e-01 ]
CalibrationFrameExtTranslation: !!opencv-matrix
   rows: 3
   cols: 1
   dt: d
   data: [ -2.7682343097934131e-01, -3.1810724100017096e-01,
       8.8687225509863532e-01 ]
CalibrationFrameRMSerror: 1.5272985398769379e-01
