%YAML:1.0
---
CalibrationFramePatternImage: [ 9.77906799e+01, 2.42224030e+02,
    1.17461891e+02, 2.44489227e+02, 1.36841019e+02, 2.46735931e+02,
    1.55368515e+02, 2.48592468e+02, 1.73551514e+02, 2.50923737e+02,
    1.91501205e+02, 2.52873901e+02, 2.09137756e+02, 2.54790192e+02,
    9.52323074e+01, 2.60051514e+02, 1.15397919e+02, 2.62212494e+02,
    1.34363129e+02, 2.64159210e+02, 1.53368164e+02, 2.66295441e+02,
    1.71688431e+02, 2.68200348e+02, 1.89923782e+02, 2.70109253e+02,
    2.07343582e+02, 2.71971161e+02, 9.27599869e+01, 2.78026123e+02,
    1.12817360e+02, 2.79818481e+02, 1.32214996e+02, 2.81867065e+02,
    1.51228577e+02, 2.83660522e+02, 1.69795197e+02, 2.85531952e+02,
    1.87965988e+02, 2.87234741e+02, 2.05690201e+02, 2.88986725e+02,
    9.01283493e+01, 2.95532501e+02, 1.10078705e+02, 2.97629181e+02,
    1.29643723e+02, 2.99434723e+02, 1.48970764e+02, 3.01220947e+02,
    1.67386169e+02, 3.02746124e+02, 1.85618011e+02, 3.04537445e+02,
    2.03486267e+02, 3.05997864e+02, 8.72937317e+01, 3.13796997e+02,
    1.07397339e+02, 3.15679230e+02, 1.27236832e+02, 3.17523468e+02,
    1.46343430e+02, 3.18890259e+02, 1.65151062e+02, 3.20629028e+02,
    1.83575073e+02, 3.22173126e+02, 2.01621735e+02, 3.23476959e+02 ]
CalibrationFramePatternWorld: [ 0., 0., 0., 0., 2.70000007e-02, 0., 0.,
    5.40000014e-02, 0., 0., 8.10000002e-02, 0., 0., 1.08000003e-01, 0.,
    0., 1.35000005e-01, 0., 0., 1.62000000e-01, 0., 2.70000007e-02, 0.,
    0., 2.70000007e-02, 2.70000007e-02, 0., 2.70000007e-02,
    5.40000014e-02, 0., 2.70000007e-02, 8.10000002e-02, 0.,
    2.70000007e-02, 1.08000003e-01, 0., 2.70000007e-02, 1.35000005e-01,
    0., 2.70000007e-02, 1.62000000e-01, 0., 5.40000014e-02, 0., 0.,
    5.40000014e-02, 2.70000007e-02, 0., 5.40000014e-02, 5.40000014e-02,
    0., 5.40000014e-02, 8.10000002e-02, 0., 5.40000014e-02,
    1.08000003e-01, 0., 5.40000014e-02, 1.35000005e-01, 0.,
    5.40000014e-02, 1.62000000e-01, 0., 8.10000002e-02, 0., 0.,
    8.10000002e-02, 2.70000007e-02, 0., 8.10000002e-02, 5.40000014e-02,
    0., 8.10000002e-02, 8.10000002e-02, 0., 8.10000002e-02,
    1.08000003e-01, 0., 8.10000002e-02, 1.35000005e-01, 0.,
    8.10000002e-02, 1.62000000e-01, 0., 1.08000003e-01, 0., 0.,
    1.08000003e-01, 2.70000007e-02, 0., 1.08000003e-01, 5.40000014e-02,
    0., 1.08000003e-01, 8.10000002e-02, 0., 1.08000003e-01,
    1.08000003e-01, 0., 1.08000003e-01, 1.35000005e-01, 0.,
    1.08000003e-01, 1.62000000e-01, 0. ]
CalibrationFrameExtRotation: !!opencv-matrix
   rows: 3
   cols: 1
   dt: d
   data: [ 1.8402521320198149e+00, 2.0219271345115093e+00,
       6.0466307013066031e-02 ]
CalibrationFrameExtTranslation: !!opencv-matrix
   rows: 3
   cols: 1
   dt: d
   data: [ -3.1833017887154424e-01, 1.6273852374002591e-02,
       8.5666345708856551e-01 ]
CalibrationFrameRMSerror: 3.1357374787330627e-01
