%YAML:1.0
---
CalibrationFramePatternImage: [ 4.96374146e+02, 1.16041466e+02,
    5.11089569e+02, 1.10567497e+02, 5.25545471e+02, 1.05307312e+02,
    5.40194641e+02, 9.97913208e+01, 5.54265930e+02, 9.45502472e+01,
    5.67690979e+02, 8.96301117e+01, 5.81585449e+02, 8.43296509e+01,
    5.01624908e+02, 1.33520432e+02, 5.16485413e+02, 1.28077057e+02,
    5.31047485e+02, 1.22497192e+02, 5.45327148e+02, 1.16965706e+02,
    5.59034119e+02, 1.11780029e+02, 5.73493286e+02, 1.06354767e+02,
    5.86287476e+02, 1.01519463e+02, 5.07322571e+02, 1.50828293e+02,
    5.21782043e+02, 1.44843307e+02, 5.36100098e+02, 1.39495575e+02,
    5.49966370e+02, 1.33987213e+02, 5.64282532e+02, 1.28580246e+02,
    5.77865906e+02, 1.23250420e+02, 5.91231323e+02, 1.18117241e+02,
    5.12322205e+02, 1.67775085e+02, 5.26815735e+02, 1.62128906e+02,
    5.40867310e+02, 1.56481476e+02, 5.55247559e+02, 1.50576233e+02,
    5.69247192e+02, 1.45222519e+02, 5.82673401e+02, 1.39695267e+02,
    5.96431335e+02, 1.34053711e+02, 5.17426514e+02, 1.84510208e+02,
    5.31655945e+02, 1.78639130e+02, 5.46179382e+02, 1.72902359e+02,
    5.60064575e+02, 1.67042465e+02, 5.73625549e+02, 1.61611710e+02,
    5.87744263e+02, 1.55845001e+02, 6.00798279e+02, 1.50535080e+02 ]
CalibrationFramePatternWorld: [ 0., 0., 0., 0., 2.70000007e-02, 0., 0.,
    5.40000014e-02, 0., 0., 8.10000002e-02, 0., 0., 1.08000003e-01, 0.,
    0., 1.35000005e-01, 0., 0., 1.62000000e-01, 0., 2.70000007e-02, 0.,
    0., 2.70000007e-02, 2.70000007e-02, 0., 2.70000007e-02,
    5.40000014e-02, 0., 2.70000007e-02, 8.10000002e-02, 0.,
    2.70000007e-02, 1.08000003e-01, 0., 2.70000007e-02, 1.35000005e-01,
    0., 2.70000007e-02, 1.62000000e-01, 0., 5.40000014e-02, 0., 0.,
    5.40000014e-02, 2.70000007e-02, 0., 5.40000014e-02, 5.40000014e-02,
    0., 5.40000014e-02, 8.10000002e-02, 0., 5.40000014e-02,
    1.08000003e-01, 0., 5.40000014e-02, 1.35000005e-01, 0.,
    5.40000014e-02, 1.62000000e-01, 0., 8.10000002e-02, 0., 0.,
    8.10000002e-02, 2.70000007e-02, 0., 8.10000002e-02, 5.40000014e-02,
    0., 8.10000002e-02, 8.10000002e-02, 0., 8.10000002e-02,
    1.08000003e-01, 0., 8.10000002e-02, 1.35000005e-01, 0.,
    8.10000002e-02, 1.62000000e-01, 0., 1.08000003e-01, 0., 0.,
    1.08000003e-01, 2.70000007e-02, 0., 1.08000003e-01, 5.40000014e-02,
    0., 1.08000003e-01, 8.10000002e-02, 0., 1.08000003e-01,
    1.08000003e-01, 0., 1.08000003e-01, 1.35000005e-01, 0.,
    1.08000003e-01, 1.62000000e-01, 0. ]
CalibrationFrameExtRotation: !!opencv-matrix
   rows: 3
   cols: 1
   dt: d
   data: [ 2.4496321351283310e+00, 1.6991758726901589e+00,
       3.5977546281434220e-01 ]
CalibrationFrameExtTranslation: !!opencv-matrix
   rows: 3
   cols: 1
   dt: d
   data: [ 2.6773146135483511e-01, -1.7150401618648384e-01,
       8.4896226098007177e-01 ]
CalibrationFrameRMSerror: 2.5444346666336060e-01
