%YAML:1.0
---
CalibrationFramePatternImage: [ 3.10016670e+01, 8.24820862e+01,
    6.84888153e+01, 8.38851089e+01, 1.04053047e+02, 8.51721039e+01,
    1.36800995e+02, 8.61980515e+01, 1.67188599e+02, 8.72547455e+01,
    1.94940979e+02, 8.84678726e+01, 2.21473831e+02, 8.93263474e+01,
    3.30679550e+01, 1.20568993e+02, 7.07646103e+01, 1.20571716e+02,
    1.05334518e+02, 1.20177635e+02, 1.37348892e+02, 1.20099960e+02,
    1.67118866e+02, 1.19724846e+02, 1.94970917e+02, 1.19738556e+02,
    2.21172897e+02, 1.19335518e+02, 3.58972778e+01, 1.57649628e+02,
    7.26831436e+01, 1.55428833e+02, 1.06746078e+02, 1.53914413e+02,
    1.38255722e+02, 1.52442520e+02, 1.67630905e+02, 1.51017273e+02,
    1.95274338e+02, 1.49774643e+02, 2.21311859e+02, 1.48634384e+02,
    3.84274521e+01, 1.92093262e+02, 7.47604980e+01, 1.88951035e+02,
    1.08200188e+02, 1.86374008e+02, 1.39365662e+02, 1.83751495e+02,
    1.68590881e+02, 1.81288284e+02, 1.95871048e+02, 1.79076447e+02,
    2.21478012e+02, 1.76752838e+02, 4.12595062e+01, 2.26911514e+02,
    7.65484085e+01, 2.22399231e+02, 1.09545547e+02, 2.18084610e+02,
    1.40864731e+02, 2.14552322e+02, 1.69602234e+02, 2.11032608e+02,
    1.96585114e+02, 2.07791351e+02, 2.21868958e+02, 2.04755432e+02 ]
CalibrationFramePatternWorld: [ 0., 0., 0., 0., 2.70000007e-02, 0., 0.,
    5.40000014e-02, 0., 0., 8.10000002e-02, 0., 0., 1.08000003e-01, 0.,
    0., 1.35000005e-01, 0., 0., 1.62000000e-01, 0., 2.70000007e-02, 0.,
    0., 2.70000007e-02, 2.70000007e-02, 0., 2.70000007e-02,
    5.40000014e-02, 0., 2.70000007e-02, 8.10000002e-02, 0.,
    2.70000007e-02, 1.08000003e-01, 0., 2.70000007e-02, 1.35000005e-01,
    0., 2.70000007e-02, 1.62000000e-01, 0., 5.40000014e-02, 0., 0.,
    5.40000014e-02, 2.70000007e-02, 0., 5.40000014e-02, 5.40000014e-02,
    0., 5.40000014e-02, 8.10000002e-02, 0., 5.40000014e-02,
    1.08000003e-01, 0., 5.40000014e-02, 1.35000005e-01, 0.,
    5.40000014e-02, 1.62000000e-01, 0., 8.10000002e-02, 0., 0.,
    8.10000002e-02, 2.70000007e-02, 0., 8.10000002e-02, 5.40000014e-02,
    0., 8.10000002e-02, 8.10000002e-02, 0., 8.10000002e-02,
    1.08000003e-01, 0., 8.10000002e-02, 1.35000005e-01, 0.,
    8.10000002e-02, 1.62000000e-01, 0., 1.08000003e-01, 0., 0.,
    1.08000003e-01, 2.70000007e-02, 0., 1.08000003e-01, 5.40000014e-02,
    0., 1.08000003e-01, 8.10000002e-02, 0., 1.08000003e-01,
    1.08000003e-01, 0., 1.08000003e-01, 1.35000005e-01, 0.,
    1.08000003e-01, 1.62000000e-01, 0. ]
CalibrationFrameExtRotation: !!opencv-matrix
   rows: 3
   cols: 1
   dt: d
   data: [ 1.9114129456843534e+00, 1.8160988066745483e+00,
       9.9215133549920154e-01 ]
CalibrationFrameExtTranslation: !!opencv-matrix
   rows: 3
   cols: 1
   dt: d
   data: [ -2.0387851099081924e-01, -1.0771824025659767e-01,
       4.1814350513455761e-01 ]
CalibrationFrameRMSerror: 4.3179768323898315e-01
