%YAML:1.0
---
CalibrationFramePatternImage: [ 4.10032593e+02, 2.41565475e+02,
    4.40764557e+02, 2.37801926e+02, 4.71175079e+02, 2.34138916e+02,
    5.00841003e+02, 2.30604034e+02, 5.30162170e+02, 2.27195953e+02,
    5.58917603e+02, 2.23774689e+02, 5.87122314e+02, 2.20420364e+02,
    4.14234589e+02, 2.73305511e+02, 4.45183685e+02, 2.69442139e+02,
    4.75554565e+02, 2.65764648e+02, 5.05320374e+02, 2.61997650e+02,
    5.34488586e+02, 2.58272247e+02, 5.63322266e+02, 2.54386444e+02,
    5.91509399e+02, 2.50872864e+02, 4.18589325e+02, 3.04982178e+02,
    4.49429413e+02, 3.00923096e+02, 4.79643616e+02, 2.96812988e+02,
    5.09485687e+02, 2.93029877e+02, 5.39029602e+02, 2.89191040e+02,
    5.68021362e+02, 2.85214325e+02, 5.96318542e+02, 2.81271240e+02,
    4.22354309e+02, 3.36687073e+02, 4.53496857e+02, 3.32346191e+02,
    4.84034760e+02, 3.28319061e+02, 5.13836731e+02, 3.23998962e+02,
    5.43440735e+02, 3.20133453e+02, 5.72518616e+02, 3.16038055e+02,
    6.01314758e+02, 3.11948364e+02, 4.26173004e+02, 3.68565308e+02,
    4.57409027e+02, 3.64107727e+02, 4.87915253e+02, 3.59571991e+02,
    5.17976196e+02, 3.55400604e+02, 5.47730408e+02, 3.51066589e+02,
    5.77062866e+02, 3.47053589e+02, 6.05602234e+02, 3.42824310e+02 ]
CalibrationFramePatternWorld: [ 0., 0., 0., 0., 2.70000007e-02, 0., 0.,
    5.40000014e-02, 0., 0., 8.10000002e-02, 0., 0., 1.08000003e-01, 0.,
    0., 1.35000005e-01, 0., 0., 1.62000000e-01, 0., 2.70000007e-02, 0.,
    0., 2.70000007e-02, 2.70000007e-02, 0., 2.70000007e-02,
    5.40000014e-02, 0., 2.70000007e-02, 8.10000002e-02, 0.,
    2.70000007e-02, 1.08000003e-01, 0., 2.70000007e-02, 1.35000005e-01,
    0., 2.70000007e-02, 1.62000000e-01, 0., 5.40000014e-02, 0., 0.,
    5.40000014e-02, 2.70000007e-02, 0., 5.40000014e-02, 5.40000014e-02,
    0., 5.40000014e-02, 8.10000002e-02, 0., 5.40000014e-02,
    1.08000003e-01, 0., 5.40000014e-02, 1.35000005e-01, 0.,
    5.40000014e-02, 1.62000000e-01, 0., 8.10000002e-02, 0., 0.,
    8.10000002e-02, 2.70000007e-02, 0., 8.10000002e-02, 5.40000014e-02,
    0., 8.10000002e-02, 8.10000002e-02, 0., 8.10000002e-02,
    1.08000003e-01, 0., 8.10000002e-02, 1.35000005e-01, 0.,
    8.10000002e-02, 1.62000000e-01, 0., 1.08000003e-01, 0., 0.,
    1.08000003e-01, 2.70000007e-02, 0., 1.08000003e-01, 5.40000014e-02,
    0., 1.08000003e-01, 8.10000002e-02, 0., 1.08000003e-01,
    1.08000003e-01, 0., 1.08000003e-01, 1.35000005e-01, 0.,
    1.08000003e-01, 1.62000000e-01, 0. ]
CalibrationFrameExtRotation: !!opencv-matrix
   rows: 3
   cols: 1
   dt: d
   data: [ 2.2378617259773388e+00, 1.9974827956355103e+00,
       3.9556769936591990e-02 ]
CalibrationFrameExtTranslation: !!opencv-matrix
   rows: 3
   cols: 1
   dt: d
   data: [ 8.0304093785197025e-02, 8.4018964608820711e-03,
       4.8469972675019951e-01 ]
CalibrationFrameRMSerror: 3.2863235473632812e-01
