%YAML:1.0
---
CalibrationFramePatternImage: [ 7.36320648e+01, 8.88810730e+01,
    9.24635468e+01, 9.60274658e+01, 1.10414734e+02, 1.02775337e+02,
    1.28237839e+02, 1.09377106e+02, 1.45534607e+02, 1.15954544e+02,
    1.62389465e+02, 1.21878983e+02, 1.78722366e+02, 1.28205856e+02,
    6.78263016e+01, 1.05680412e+02, 8.65011826e+01, 1.12572784e+02,
    1.04566422e+02, 1.19107826e+02, 1.22365685e+02, 1.25402374e+02,
    1.39659683e+02, 1.31376007e+02, 1.56403656e+02, 1.37532028e+02,
    1.72765564e+02, 1.43415421e+02, 6.23256531e+01, 1.22264740e+02,
    8.09286804e+01, 1.28494202e+02, 9.88981171e+01, 1.34774506e+02,
    1.16585373e+02, 1.40697037e+02, 1.33785049e+02, 1.46721375e+02,
    1.50615112e+02, 1.52312164e+02, 1.67077438e+02, 1.57955734e+02,
    5.68029671e+01, 1.38121658e+02, 7.53762360e+01, 1.44286942e+02,
    9.34301147e+01, 1.50177307e+02, 1.11041054e+02, 1.55980240e+02,
    1.28166855e+02, 1.61528824e+02, 1.44919159e+02, 1.67242401e+02,
    1.61168823e+02, 1.72610107e+02, 5.14041100e+01, 1.53671066e+02,
    6.98302841e+01, 1.59468002e+02, 8.79189606e+01, 1.65362198e+02,
    1.05469917e+02, 1.71101715e+02, 1.22675995e+02, 1.76388000e+02,
    1.39363525e+02, 1.81609665e+02, 1.55714096e+02, 1.86687485e+02 ]
CalibrationFramePatternWorld: [ 0., 0., 0., 0., 2.70000007e-02, 0., 0.,
    5.40000014e-02, 0., 0., 8.10000002e-02, 0., 0., 1.08000003e-01, 0.,
    0., 1.35000005e-01, 0., 0., 1.62000000e-01, 0., 2.70000007e-02, 0.,
    0., 2.70000007e-02, 2.70000007e-02, 0., 2.70000007e-02,
    5.40000014e-02, 0., 2.70000007e-02, 8.10000002e-02, 0.,
    2.70000007e-02, 1.08000003e-01, 0., 2.70000007e-02, 1.35000005e-01,
    0., 2.70000007e-02, 1.62000000e-01, 0., 5.40000014e-02, 0., 0.,
    5.40000014e-02, 2.70000007e-02, 0., 5.40000014e-02, 5.40000014e-02,
    0., 5.40000014e-02, 8.10000002e-02, 0., 5.40000014e-02,
    1.08000003e-01, 0., 5.40000014e-02, 1.35000005e-01, 0.,
    5.40000014e-02, 1.62000000e-01, 0., 8.10000002e-02, 0., 0.,
    8.10000002e-02, 2.70000007e-02, 0., 8.10000002e-02, 5.40000014e-02,
    0., 8.10000002e-02, 8.10000002e-02, 0., 8.10000002e-02,
    1.08000003e-01, 0., 8.10000002e-02, 1.35000005e-01, 0.,
    8.10000002e-02, 1.62000000e-01, 0., 1.08000003e-01, 0., 0.,
    1.08000003e-01, 2.70000007e-02, 0., 1.08000003e-01, 5.40000014e-02,
    0., 1.08000003e-01, 8.10000002e-02, 0., 1.08000003e-01,
    1.08000003e-01, 0., 1.08000003e-01, 1.35000005e-01, 0.,
    1.08000003e-01, 1.62000000e-01, 0. ]
CalibrationFrameExtRotation: !!opencv-matrix
   rows: 3
   cols: 1
   dt: d
   data: [ 1.6712326673508613e+00, 2.4954618346548236e+00,
       8.6404875176046636e-01 ]
CalibrationFrameExtTranslation: !!opencv-matrix
   rows: 3
   cols: 1
   dt: d
   data: [ -3.5519428584915480e-01, -2.1232410403798116e-01,
       8.5932261351358497e-01 ]
CalibrationFrameRMSerror: 1.6990372538566589e-01
