%YAML:1.0
---
CalibrationFramePatternImage: [ 2.65229919e+02, 1.90297760e+02,
    2.82539246e+02, 1.86578796e+02, 2.99407837e+02, 1.83138916e+02,
    3.15505066e+02, 1.79746658e+02, 3.31281219e+02, 1.76392532e+02,
    3.46386688e+02, 1.73437057e+02, 3.61125275e+02, 1.70097504e+02,
    2.71152771e+02, 2.09364685e+02, 2.88470306e+02, 2.05342041e+02,
    3.05129639e+02, 2.01399307e+02, 3.21337036e+02, 1.97670288e+02,
    3.36796631e+02, 1.94064423e+02, 3.52178131e+02, 1.90501984e+02,
    3.66551178e+02, 1.87160889e+02, 2.77125397e+02, 2.28002518e+02,
    2.94290100e+02, 2.23534241e+02, 3.10702667e+02, 2.19562683e+02,
    3.26859283e+02, 2.15562317e+02, 3.42534119e+02, 2.11505600e+02,
    3.57633514e+02, 2.07790649e+02, 3.72308350e+02, 2.04065079e+02,
    2.83160156e+02, 2.46687103e+02, 3.00281128e+02, 2.42251617e+02,
    3.16488037e+02, 2.37765823e+02, 3.32629425e+02, 2.33402008e+02,
    3.48305756e+02, 2.29046173e+02, 3.63453949e+02, 2.24965317e+02,
    3.77966095e+02, 2.20957718e+02, 2.89111023e+02, 2.65791595e+02,
    3.06082397e+02, 2.60820984e+02, 3.22593750e+02, 2.55996979e+02,
    3.38519379e+02, 2.51240372e+02, 3.53957855e+02, 2.46701370e+02,
    3.69189880e+02, 2.42310715e+02, 3.83470673e+02, 2.37949692e+02 ]
CalibrationFramePatternWorld: [ 0., 0., 0., 0., 2.70000007e-02, 0., 0.,
    5.40000014e-02, 0., 0., 8.10000002e-02, 0., 0., 1.08000003e-01, 0.,
    0., 1.35000005e-01, 0., 0., 1.62000000e-01, 0., 2.70000007e-02, 0.,
    0., 2.70000007e-02, 2.70000007e-02, 0., 2.70000007e-02,
    5.40000014e-02, 0., 2.70000007e-02, 8.10000002e-02, 0.,
    2.70000007e-02, 1.08000003e-01, 0., 2.70000007e-02, 1.35000005e-01,
    0., 2.70000007e-02, 1.62000000e-01, 0., 5.40000014e-02, 0., 0.,
    5.40000014e-02, 2.70000007e-02, 0., 5.40000014e-02, 5.40000014e-02,
    0., 5.40000014e-02, 8.10000002e-02, 0., 5.40000014e-02,
    1.08000003e-01, 0., 5.40000014e-02, 1.35000005e-01, 0.,
    5.40000014e-02, 1.62000000e-01, 0., 8.10000002e-02, 0., 0.,
    8.10000002e-02, 2.70000007e-02, 0., 8.10000002e-02, 5.40000014e-02,
    0., 8.10000002e-02, 8.10000002e-02, 0., 8.10000002e-02,
    1.08000003e-01, 0., 8.10000002e-02, 1.35000005e-01, 0.,
    8.10000002e-02, 1.62000000e-01, 0., 1.08000003e-01, 0., 0.,
    1.08000003e-01, 2.70000007e-02, 0., 1.08000003e-01, 5.40000014e-02,
    0., 1.08000003e-01, 8.10000002e-02, 0., 1.08000003e-01,
    1.08000003e-01, 0., 1.08000003e-01, 1.35000005e-01, 0.,
    1.08000003e-01, 1.62000000e-01, 0. ]
CalibrationFrameExtRotation: !!opencv-matrix
   rows: 3
   cols: 1
   dt: d
   data: [ 2.1304111794600202e+00, 1.5946921851291314e+00,
       3.3074848431484832e-01 ]
CalibrationFrameExtTranslation: !!opencv-matrix
   rows: 3
   cols: 1
   dt: d
   data: [ -6.6813789797659479e-02, -5.6323461708235864e-02,
       7.8056741701290000e-01 ]
CalibrationFrameRMSerror: 1.5091942250728607e-01
