%YAML:1.0
---
CalibrationFramePatternImage: [ 3.66428864e+02, 9.40180054e+01,
    3.85286530e+02, 8.73231735e+01, 4.03421326e+02, 8.08102264e+01,
    4.20971191e+02, 7.44815445e+01, 4.37861969e+02, 6.84351654e+01,
    4.54520721e+02, 6.25200157e+01, 4.70320984e+02, 5.69316711e+01,
    3.70325867e+02, 1.17082664e+02, 3.88670074e+02, 1.10177345e+02,
    4.06604065e+02, 1.03312851e+02, 4.23606049e+02, 9.68226089e+01,
    4.40244110e+02, 9.04510422e+01, 4.56488434e+02, 8.42952881e+01,
    4.72027466e+02, 7.83520813e+01, 3.74118652e+02, 1.39165848e+02,
    3.92002716e+02, 1.31752670e+02, 4.09438995e+02, 1.24780983e+02,
    4.25791351e+02, 1.18110847e+02, 4.42432770e+02, 1.11326073e+02,
    4.58137970e+02, 1.05031853e+02, 4.73563232e+02, 9.90289307e+01,
    3.77328644e+02, 1.60152985e+02, 3.95093872e+02, 1.52574722e+02,
    4.11940582e+02, 1.45389908e+02, 4.28316315e+02, 1.38366699e+02,
    4.44425018e+02, 1.31748230e+02, 4.60227997e+02, 1.25110039e+02,
    4.75812775e+02, 1.18770706e+02, 3.80566284e+02, 1.80324844e+02,
    3.97726959e+02, 1.72687500e+02, 4.14595551e+02, 1.65377304e+02,
    4.30883026e+02, 1.58136597e+02, 4.46743561e+02, 1.51323227e+02,
    4.62378998e+02, 1.44543793e+02, 4.77380920e+02, 1.38085251e+02 ]
CalibrationFramePatternWorld: [ 0., 0., 0., 0., 2.70000007e-02, 0., 0.,
    5.40000014e-02, 0., 0., 8.10000002e-02, 0., 0., 1.08000003e-01, 0.,
    0., 1.35000005e-01, 0., 0., 1.62000000e-01, 0., 2.70000007e-02, 0.,
    0., 2.70000007e-02, 2.70000007e-02, 0., 2.70000007e-02,
    5.40000014e-02, 0., 2.70000007e-02, 8.10000002e-02, 0.,
    2.70000007e-02, 1.08000003e-01, 0., 2.70000007e-02, 1.35000005e-01,
    0., 2.70000007e-02, 1.62000000e-01, 0., 5.40000014e-02, 0., 0.,
    5.40000014e-02, 2.70000007e-02, 0., 5.40000014e-02, 5.40000014e-02,
    0., 5.40000014e-02, 8.10000002e-02, 0., 5.40000014e-02,
    1.08000003e-01, 0., 5.40000014e-02, 1.35000005e-01, 0.,
    5.40000014e-02, 1.62000000e-01, 0., 8.10000002e-02, 0., 0.,
    8.10000002e-02, 2.70000007e-02, 0., 8.10000002e-02, 5.40000014e-02,
    0., 8.10000002e-02, 8.10000002e-02, 0., 8.10000002e-02,
    1.08000003e-01, 0., 8.10000002e-02, 1.35000005e-01, 0.,
    8.10000002e-02, 1.62000000e-01, 0., 1.08000003e-01, 0., 0.,
    1.08000003e-01, 2.70000007e-02, 0., 1.08000003e-01, 5.40000014e-02,
    0., 1.08000003e-01, 8.10000002e-02, 0., 1.08000003e-01,
    1.08000003e-01, 0., 1.08000003e-01, 1.35000005e-01, 0.,
    1.08000003e-01, 1.62000000e-01, 0. ]
CalibrationFrameExtRotation: !!opencv-matrix
   rows: 3
   cols: 1
   dt: d
   data: [ 2.3831687033048761e+00, 1.7063410852629526e+00,
       9.3817233237399034e-01 ]
CalibrationFrameExtTranslation: !!opencv-matrix
   rows: 3
   cols: 1
   dt: d
   data: [ 5.9444865231803971e-02, -1.5841941130581855e-01,
       6.5950629623752111e-01 ]
CalibrationFrameRMSerror: 2.2113548219203949e-01
