%YAML:1.0
---
CalibrationFramePatternImage: [ 3.74413605e+02, 3.77074547e+01,
    3.93119141e+02, 4.71414528e+01, 4.12036133e+02, 5.66987572e+01,
    4.31716400e+02, 6.64794235e+01, 4.51381805e+02, 7.62873306e+01,
    4.71600464e+02, 8.64477081e+01, 4.92212738e+02, 9.65864639e+01,
    3.64087219e+02, 5.82622910e+01, 3.82700714e+02, 6.77740402e+01,
    4.01625122e+02, 7.74544830e+01, 4.20811310e+02, 8.73676300e+01,
    4.40436707e+02, 9.72594299e+01, 4.60224487e+02, 1.07330360e+02,
    4.80603180e+02, 1.17430077e+02, 3.54545319e+02, 7.81792450e+01,
    3.72926605e+02, 8.75792770e+01, 3.91515106e+02, 9.74300003e+01,
    4.10616364e+02, 1.07302261e+02, 4.29540405e+02, 1.17353897e+02,
    4.49307709e+02, 1.27523422e+02, 4.69196167e+02, 1.37802811e+02,
    3.45440521e+02, 9.73269196e+01, 3.63507599e+02, 1.06991974e+02,
    3.81833099e+02, 1.16820511e+02, 4.00501617e+02, 1.26637733e+02,
    4.19354126e+02, 1.36832214e+02, 4.38559937e+02, 1.47095840e+02,
    4.58225830e+02, 1.57438065e+02, 3.36620270e+02, 1.16325165e+02,
    3.54444244e+02, 1.25972481e+02, 3.72376068e+02, 1.35779800e+02,
    3.90658905e+02, 1.45747635e+02, 4.09149170e+02, 1.55863770e+02,
    4.28100708e+02, 1.66280991e+02, 4.47415710e+02, 1.76571625e+02 ]
CalibrationFramePatternWorld: [ 0., 0., 0., 0., 2.70000007e-02, 0., 0.,
    5.40000014e-02, 0., 0., 8.10000002e-02, 0., 0., 1.08000003e-01, 0.,
    0., 1.35000005e-01, 0., 0., 1.62000000e-01, 0., 2.70000007e-02, 0.,
    0., 2.70000007e-02, 2.70000007e-02, 0., 2.70000007e-02,
    5.40000014e-02, 0., 2.70000007e-02, 8.10000002e-02, 0.,
    2.70000007e-02, 1.08000003e-01, 0., 2.70000007e-02, 1.35000005e-01,
    0., 2.70000007e-02, 1.62000000e-01, 0., 5.40000014e-02, 0., 0.,
    5.40000014e-02, 2.70000007e-02, 0., 5.40000014e-02, 5.40000014e-02,
    0., 5.40000014e-02, 8.10000002e-02, 0., 5.40000014e-02,
    1.08000003e-01, 0., 5.40000014e-02, 1.35000005e-01, 0.,
    5.40000014e-02, 1.62000000e-01, 0., 8.10000002e-02, 0., 0.,
    8.10000002e-02, 2.70000007e-02, 0., 8.10000002e-02, 5.40000014e-02,
    0., 8.10000002e-02, 8.10000002e-02, 0., 8.10000002e-02,
    1.08000003e-01, 0., 8.10000002e-02, 1.35000005e-01, 0.,
    8.10000002e-02, 1.62000000e-01, 0., 1.08000003e-01, 0., 0.,
    1.08000003e-01, 2.70000007e-02, 0., 1.08000003e-01, 5.40000014e-02,
    0., 1.08000003e-01, 8.10000002e-02, 0., 1.08000003e-01,
    1.08000003e-01, 0., 1.08000003e-01, 1.35000005e-01, 0.,
    1.08000003e-01, 1.62000000e-01, 0. ]
CalibrationFrameExtRotation: !!opencv-matrix
   rows: 3
   cols: 1
   dt: d
   data: [ -1.3828456867147383e+00, -2.3291696133913105e+00,
       -1.1440383590724409e-02 ]
CalibrationFrameExtTranslation: !!opencv-matrix
   rows: 3
   cols: 1
   dt: d
   data: [ 7.3144300362773404e-02, -2.4126542822965974e-01,
       7.1154862703244204e-01 ]
CalibrationFrameRMSerror: 3.0080589652061462e-01
