%YAML:1.0
---
CalibrationFramePatternImage: [ 3.54650970e+02, 2.96672638e+02,
    3.85389008e+02, 2.98866791e+02, 4.15247406e+02, 3.00894165e+02,
    4.43845215e+02, 3.02528442e+02, 4.72102051e+02, 3.04681396e+02,
    4.99260712e+02, 3.06514587e+02, 5.25557861e+02, 3.08222565e+02,
    3.55319427e+02, 3.29682373e+02, 3.86334961e+02, 3.31498627e+02,
    4.16487762e+02, 3.32741028e+02, 4.45909668e+02, 3.34586182e+02,
    4.74172394e+02, 3.35766693e+02, 5.01974731e+02, 3.37453278e+02,
    5.28675049e+02, 3.38581879e+02, 3.55998657e+02, 3.63424622e+02,
    3.87656647e+02, 3.64690674e+02, 4.18256226e+02, 3.65578247e+02,
    4.47933380e+02, 3.66858612e+02, 4.76704681e+02, 3.67791504e+02,
    5.05013794e+02, 3.68594360e+02, 5.32286072e+02, 3.69738892e+02,
    3.56387268e+02, 3.98219177e+02, 3.88848816e+02, 3.98727783e+02,
    4.19768646e+02, 3.99419220e+02, 4.50125824e+02, 4.00233948e+02,
    4.79525543e+02, 4.00602203e+02, 5.08415863e+02, 4.01044037e+02,
    5.36214294e+02, 4.01377136e+02, 3.56830475e+02, 4.34127319e+02,
    3.89638916e+02, 4.34175415e+02, 4.21700073e+02, 4.34314240e+02,
    4.52431671e+02, 4.34281464e+02, 4.82609131e+02, 4.34421722e+02,
    5.11741669e+02, 4.34429840e+02, 5.40148010e+02, 4.34431763e+02 ]
CalibrationFramePatternWorld: [ 0., 0., 0., 0., 2.70000007e-02, 0., 0.,
    5.40000014e-02, 0., 0., 8.10000002e-02, 0., 0., 1.08000003e-01, 0.,
    0., 1.35000005e-01, 0., 0., 1.62000000e-01, 0., 2.70000007e-02, 0.,
    0., 2.70000007e-02, 2.70000007e-02, 0., 2.70000007e-02,
    5.40000014e-02, 0., 2.70000007e-02, 8.10000002e-02, 0.,
    2.70000007e-02, 1.08000003e-01, 0., 2.70000007e-02, 1.35000005e-01,
    0., 2.70000007e-02, 1.62000000e-01, 0., 5.40000014e-02, 0., 0.,
    5.40000014e-02, 2.70000007e-02, 0., 5.40000014e-02, 5.40000014e-02,
    0., 5.40000014e-02, 8.10000002e-02, 0., 5.40000014e-02,
    1.08000003e-01, 0., 5.40000014e-02, 1.35000005e-01, 0.,
    5.40000014e-02, 1.62000000e-01, 0., 8.10000002e-02, 0., 0.,
    8.10000002e-02, 2.70000007e-02, 0., 8.10000002e-02, 5.40000014e-02,
    0., 8.10000002e-02, 8.10000002e-02, 0., 8.10000002e-02,
    1.08000003e-01, 0., 8.10000002e-02, 1.35000005e-01, 0.,
    8.10000002e-02, 1.62000000e-01, 0., 1.08000003e-01, 0., 0.,
    1.08000003e-01, 2.70000007e-02, 0., 1.08000003e-01, 5.40000014e-02,
    0., 1.08000003e-01, 8.10000002e-02, 0., 1.08000003e-01,
    1.08000003e-01, 0., 1.08000003e-01, 1.35000005e-01, 0.,
    1.08000003e-01, 1.62000000e-01, 0. ]
CalibrationFrameExtRotation: !!opencv-matrix
   rows: 3
   cols: 1
   dt: d
   data: [ 1.8642988686225179e+00, 1.9675974022897018e+00,
       -6.9532601602986147e-02 ]
CalibrationFrameExtTranslation: !!opencv-matrix
   rows: 3
   cols: 1
   dt: d
   data: [ 3.2977409356142379e-02, 5.4479913505421702e-02,
       4.7333753704804554e-01 ]
CalibrationFrameRMSerror: 3.5890838503837585e-01
