%YAML:1.0
---
CalibrationFramePatternImage: [ 2.34808945e+02, 3.39976166e+02,
    2.59403687e+02, 3.34228790e+02, 2.83561005e+02, 3.28832306e+02,
    3.07344391e+02, 3.23277435e+02, 3.30618011e+02, 3.18195221e+02,
    3.53476654e+02, 3.12892151e+02, 3.76644623e+02, 3.07966125e+02,
    2.39593155e+02, 3.62463196e+02, 2.63805817e+02, 3.56393829e+02,
    2.87308167e+02, 3.50651703e+02, 3.10680359e+02, 3.45052490e+02,
    3.33779388e+02, 3.39584839e+02, 3.56477539e+02, 3.34394836e+02,
    3.79060730e+02, 3.29391205e+02, 2.44211380e+02, 3.84108215e+02,
    2.68063416e+02, 3.78040894e+02, 2.91426788e+02, 3.71849365e+02,
    3.14279510e+02, 3.66148224e+02, 3.37020691e+02, 3.60571289e+02,
    3.59513428e+02, 3.55195557e+02, 3.81700287e+02, 3.50096191e+02,
    2.48689240e+02, 4.04603241e+02, 2.72096863e+02, 3.98392883e+02,
    2.95092651e+02, 3.92243164e+02, 3.17739563e+02, 3.86441010e+02,
    3.40418671e+02, 3.81027130e+02, 3.62609344e+02, 3.75461823e+02,
    3.84562531e+02, 3.70065430e+02, 2.52999146e+02, 4.24521240e+02,
    2.76116241e+02, 4.18227020e+02, 2.98802765e+02, 4.12400787e+02,
    3.21366638e+02, 4.06274261e+02, 3.43706696e+02, 4.00742676e+02,
    3.65466064e+02, 3.95304871e+02, 3.87085968e+02, 3.89725098e+02 ]
CalibrationFramePatternWorld: [ 0., 0., 0., 0., 2.70000007e-02, 0., 0.,
    5.40000014e-02, 0., 0., 8.10000002e-02, 0., 0., 1.08000003e-01, 0.,
    0., 1.35000005e-01, 0., 0., 1.62000000e-01, 0., 2.70000007e-02, 0.,
    0., 2.70000007e-02, 2.70000007e-02, 0., 2.70000007e-02,
    5.40000014e-02, 0., 2.70000007e-02, 8.10000002e-02, 0.,
    2.70000007e-02, 1.08000003e-01, 0., 2.70000007e-02, 1.35000005e-01,
    0., 2.70000007e-02, 1.62000000e-01, 0., 5.40000014e-02, 0., 0.,
    5.40000014e-02, 2.70000007e-02, 0., 5.40000014e-02, 5.40000014e-02,
    0., 5.40000014e-02, 8.10000002e-02, 0., 5.40000014e-02,
    1.08000003e-01, 0., 5.40000014e-02, 1.35000005e-01, 0.,
    5.40000014e-02, 1.62000000e-01, 0., 8.10000002e-02, 0., 0.,
    8.10000002e-02, 2.70000007e-02, 0., 8.10000002e-02, 5.40000014e-02,
    0., 8.10000002e-02, 8.10000002e-02, 0., 8.10000002e-02,
    1.08000003e-01, 0., 8.10000002e-02, 1.35000005e-01, 0.,
    8.10000002e-02, 1.62000000e-01, 0., 1.08000003e-01, 0., 0.,
    1.08000003e-01, 2.70000007e-02, 0., 1.08000003e-01, 5.40000014e-02,
    0., 1.08000003e-01, 8.10000002e-02, 0., 1.08000003e-01,
    1.08000003e-01, 0., 1.08000003e-01, 1.35000005e-01, 0.,
    1.08000003e-01, 1.62000000e-01, 0. ]
CalibrationFrameExtRotation: !!opencv-matrix
   rows: 3
   cols: 1
   dt: d
   data: [ -2.3470462752737982e+00, -1.9564407543419648e+00,
       -4.8488146031861801e-01 ]
CalibrationFrameExtTranslation: !!opencv-matrix
   rows: 3
   cols: 1
   dt: d
   data: [ -8.6461511958710727e-02, 1.2010233046496417e-01,
       6.2882132718720951e-01 ]
CalibrationFrameRMSerror: 3.2452049851417542e-01
