%YAML:1.0
---
CalibrationFramePatternImage: [ 2.16978241e+02, 1.48964859e+02,
    2.58600342e+02, 1.61057907e+02, 3.00228363e+02, 1.72851761e+02,
    3.41022156e+02, 1.84574860e+02, 3.81615601e+02, 1.96293182e+02,
    4.21817749e+02, 2.08260880e+02, 4.61871552e+02, 2.19964844e+02,
    2.07069931e+02, 1.89158798e+02, 2.47994019e+02, 2.00859314e+02,
    2.88490143e+02, 2.12569595e+02, 3.28680634e+02, 2.24155899e+02,
    3.68612701e+02, 2.35729340e+02, 4.08142761e+02, 2.47256607e+02,
    4.47330017e+02, 2.59106445e+02, 1.96848434e+02, 2.27405991e+02,
    2.37443405e+02, 2.38711639e+02, 2.77385834e+02, 2.50314178e+02,
    3.17151520e+02, 2.61693024e+02, 3.55860504e+02, 2.73257507e+02,
    3.94834930e+02, 2.84689270e+02, 4.33203094e+02, 2.96412933e+02,
    1.87367599e+02, 2.64062042e+02, 2.27062195e+02, 2.75792236e+02,
    2.66390472e+02, 2.86709991e+02, 3.04995148e+02, 2.97836823e+02,
    3.43204346e+02, 3.09548431e+02, 3.81338196e+02, 3.20910126e+02,
    4.19336609e+02, 3.32857819e+02, 1.77537750e+02, 2.99449493e+02,
    2.16072220e+02, 3.10504517e+02, 2.54783875e+02, 3.21944672e+02,
    2.92853210e+02, 3.33277039e+02, 3.30557373e+02, 3.44433472e+02,
    3.68063202e+02, 3.56235352e+02, 4.05629486e+02, 3.67950653e+02 ]
CalibrationFramePatternWorld: [ 0., 0., 0., 0., 2.70000007e-02, 0., 0.,
    5.40000014e-02, 0., 0., 8.10000002e-02, 0., 0., 1.08000003e-01, 0.,
    0., 1.35000005e-01, 0., 0., 1.62000000e-01, 0., 2.70000007e-02, 0.,
    0., 2.70000007e-02, 2.70000007e-02, 0., 2.70000007e-02,
    5.40000014e-02, 0., 2.70000007e-02, 8.10000002e-02, 0.,
    2.70000007e-02, 1.08000003e-01, 0., 2.70000007e-02, 1.35000005e-01,
    0., 2.70000007e-02, 1.62000000e-01, 0., 5.40000014e-02, 0., 0.,
    5.40000014e-02, 2.70000007e-02, 0., 5.40000014e-02, 5.40000014e-02,
    0., 5.40000014e-02, 8.10000002e-02, 0., 5.40000014e-02,
    1.08000003e-01, 0., 5.40000014e-02, 1.35000005e-01, 0.,
    5.40000014e-02, 1.62000000e-01, 0., 8.10000002e-02, 0., 0.,
    8.10000002e-02, 2.70000007e-02, 0., 8.10000002e-02, 5.40000014e-02,
    0., 8.10000002e-02, 8.10000002e-02, 0., 8.10000002e-02,
    1.08000003e-01, 0., 8.10000002e-02, 1.35000005e-01, 0.,
    8.10000002e-02, 1.62000000e-01, 0., 1.08000003e-01, 0., 0.,
    1.08000003e-01, 2.70000007e-02, 0., 1.08000003e-01, 5.40000014e-02,
    0., 1.08000003e-01, 8.10000002e-02, 0., 1.08000003e-01,
    1.08000003e-01, 0., 1.08000003e-01, 1.35000005e-01, 0.,
    1.08000003e-01, 1.62000000e-01, 0. ]
CalibrationFrameExtRotation: !!opencv-matrix
   rows: 3
   cols: 1
   dt: d
   data: [ -1.7593857259834129e+00, -2.3759988571167514e+00,
       -2.4558878084530392e-01 ]
CalibrationFrameExtTranslation: !!opencv-matrix
   rows: 3
   cols: 1
   dt: d
   data: [ -6.0925976128376025e-02, -5.3343277130148574e-02,
       3.6383252169165620e-01 ]
CalibrationFrameRMSerror: 8.0015873908996582e-01
