%YAML:1.0
---
CalibrationFramePatternImage: [ 6.66677170e+01, 1.26504448e+02,
    9.97378006e+01, 1.40782562e+02, 1.31466095e+02, 1.54377823e+02,
    1.61795624e+02, 1.67178268e+02, 1.90658157e+02, 1.79481323e+02,
    2.18426971e+02, 1.91158875e+02, 2.44574387e+02, 2.01849686e+02,
    5.31627846e+01, 1.57805527e+02, 8.68580246e+01, 1.71151566e+02,
    1.18704926e+02, 1.84330017e+02, 1.49423752e+02, 1.95964920e+02,
    1.78504105e+02, 2.07303741e+02, 2.06680573e+02, 2.18220016e+02,
    2.33265991e+02, 2.28606369e+02, 4.00433578e+01, 1.88926941e+02,
    7.42903137e+01, 2.01410995e+02, 1.06708069e+02, 2.13310471e+02,
    1.37455627e+02, 2.24561020e+02, 1.67153793e+02, 2.35280731e+02,
    1.95319824e+02, 2.45487198e+02, 2.22540833e+02, 2.55250183e+02,
    2.75724583e+01, 2.19730942e+02, 6.16516838e+01, 2.31470932e+02,
    9.46666107e+01, 2.42537598e+02, 1.25661430e+02, 2.52923248e+02,
    1.55602325e+02, 2.63136139e+02, 1.84182281e+02, 2.72440491e+02,
    2.11541061e+02, 2.81522156e+02, 1.47635050e+01, 2.50374222e+02,
    4.92505188e+01, 2.60989777e+02, 8.23842163e+01, 2.71402649e+02,
    1.14400200e+02, 2.81662109e+02, 1.44483902e+02, 2.90980194e+02,
    1.73464539e+02, 2.99757202e+02, 2.00770401e+02, 3.08045288e+02 ]
CalibrationFramePatternWorld: [ 0., 0., 0., 0., 2.70000007e-02, 0., 0.,
    5.40000014e-02, 0., 0., 8.10000002e-02, 0., 0., 1.08000003e-01, 0.,
    0., 1.35000005e-01, 0., 0., 1.62000000e-01, 0., 2.70000007e-02, 0.,
    0., 2.70000007e-02, 2.70000007e-02, 0., 2.70000007e-02,
    5.40000014e-02, 0., 2.70000007e-02, 8.10000002e-02, 0.,
    2.70000007e-02, 1.08000003e-01, 0., 2.70000007e-02, 1.35000005e-01,
    0., 2.70000007e-02, 1.62000000e-01, 0., 5.40000014e-02, 0., 0.,
    5.40000014e-02, 2.70000007e-02, 0., 5.40000014e-02, 5.40000014e-02,
    0., 5.40000014e-02, 8.10000002e-02, 0., 5.40000014e-02,
    1.08000003e-01, 0., 5.40000014e-02, 1.35000005e-01, 0.,
    5.40000014e-02, 1.62000000e-01, 0., 8.10000002e-02, 0., 0.,
    8.10000002e-02, 2.70000007e-02, 0., 8.10000002e-02, 5.40000014e-02,
    0., 8.10000002e-02, 8.10000002e-02, 0., 8.10000002e-02,
    1.08000003e-01, 0., 8.10000002e-02, 1.35000005e-01, 0.,
    8.10000002e-02, 1.62000000e-01, 0., 1.08000003e-01, 0., 0.,
    1.08000003e-01, 2.70000007e-02, 0., 1.08000003e-01, 5.40000014e-02,
    0., 1.08000003e-01, 8.10000002e-02, 0., 1.08000003e-01,
    1.08000003e-01, 0., 1.08000003e-01, 1.35000005e-01, 0.,
    1.08000003e-01, 1.62000000e-01, 0. ]
CalibrationFrameExtRotation: !!opencv-matrix
   rows: 3
   cols: 1
   dt: d
   data: [ 1.5658025915401741e+00, 2.3336540145853464e+00,
       5.1010349370445240e-01 ]
CalibrationFrameExtTranslation: !!opencv-matrix
   rows: 3
   cols: 1
   dt: d
   data: [ -1.9975634295190978e-01, -8.4546309667413069e-02,
       4.6886958608631535e-01 ]
CalibrationFrameRMSerror: 4.3856912851333618e-01
