%YAML:1.0
---
CalibrationFramePatternImage: [ 5.97310905e+01, 2.41235718e+02,
    9.18468628e+01, 2.39976059e+02, 1.22850632e+02, 2.38781830e+02,
    1.52917511e+02, 2.37591217e+02, 1.82349319e+02, 2.36253189e+02,
    2.11173370e+02, 2.35392120e+02, 2.38821457e+02, 2.34097626e+02,
    6.15582504e+01, 2.71065643e+02, 9.33723145e+01, 2.69304840e+02,
    1.24323563e+02, 2.67517029e+02, 1.54257599e+02, 2.65849823e+02,
    1.83245865e+02, 2.64212036e+02, 2.11847305e+02, 2.62740570e+02,
    2.39219696e+02, 2.61109070e+02, 6.34317017e+01, 3.00395050e+02,
    9.49203110e+01, 2.97692474e+02, 1.25534470e+02, 2.95575928e+02,
    1.55327408e+02, 2.93325439e+02, 1.84545563e+02, 2.91352875e+02,
    2.12456863e+02, 2.89614960e+02, 2.39900604e+02, 2.87568207e+02,
    6.52895355e+01, 3.28731964e+02, 9.68330688e+01, 3.25814880e+02,
    1.27305115e+02, 3.23084259e+02, 1.56710022e+02, 3.20582672e+02,
    1.85341721e+02, 3.18011414e+02, 2.13527817e+02, 3.15774414e+02,
    2.40816467e+02, 3.13668976e+02, 6.78031311e+01, 3.56835419e+02,
    9.85526886e+01, 3.53604126e+02, 1.28799347e+02, 3.50500885e+02,
    1.58086792e+02, 3.47483276e+02, 1.86667313e+02, 3.44529144e+02,
    2.14819702e+02, 3.41747864e+02, 2.41809845e+02, 3.39226257e+02 ]
CalibrationFramePatternWorld: [ 0., 0., 0., 0., 2.70000007e-02, 0., 0.,
    5.40000014e-02, 0., 0., 8.10000002e-02, 0., 0., 1.08000003e-01, 0.,
    0., 1.35000005e-01, 0., 0., 1.62000000e-01, 0., 2.70000007e-02, 0.,
    0., 2.70000007e-02, 2.70000007e-02, 0., 2.70000007e-02,
    5.40000014e-02, 0., 2.70000007e-02, 8.10000002e-02, 0.,
    2.70000007e-02, 1.08000003e-01, 0., 2.70000007e-02, 1.35000005e-01,
    0., 2.70000007e-02, 1.62000000e-01, 0., 5.40000014e-02, 0., 0.,
    5.40000014e-02, 2.70000007e-02, 0., 5.40000014e-02, 5.40000014e-02,
    0., 5.40000014e-02, 8.10000002e-02, 0., 5.40000014e-02,
    1.08000003e-01, 0., 5.40000014e-02, 1.35000005e-01, 0.,
    5.40000014e-02, 1.62000000e-01, 0., 8.10000002e-02, 0., 0.,
    8.10000002e-02, 2.70000007e-02, 0., 8.10000002e-02, 5.40000014e-02,
    0., 8.10000002e-02, 8.10000002e-02, 0., 8.10000002e-02,
    1.08000003e-01, 0., 8.10000002e-02, 1.35000005e-01, 0.,
    8.10000002e-02, 1.62000000e-01, 0., 1.08000003e-01, 0., 0.,
    1.08000003e-01, 2.70000007e-02, 0., 1.08000003e-01, 5.40000014e-02,
    0., 1.08000003e-01, 8.10000002e-02, 0., 1.08000003e-01,
    1.08000003e-01, 0., 1.08000003e-01, 1.35000005e-01, 0.,
    1.08000003e-01, 1.62000000e-01, 0. ]
CalibrationFrameExtRotation: !!opencv-matrix
   rows: 3
   cols: 1
   dt: d
   data: [ 2.1303591921081741e+00, 2.0605010528683136e+00,
       4.0207723686904207e-01 ]
CalibrationFrameExtTranslation: !!opencv-matrix
   rows: 3
   cols: 1
   dt: d
   data: [ -2.3049810847564989e-01, 9.9114079262674973e-03,
       5.2648562832774859e-01 ]
CalibrationFrameRMSerror: 3.7589845061302185e-01
