%YAML:1.0
---
CalibrationFramePatternImage: [ 1.88938351e+01, 9.28204498e+01,
    5.00408592e+01, 9.44914474e+01, 8.03549805e+01, 9.60835419e+01,
    1.10023903e+02, 9.76735687e+01, 1.38917175e+02, 9.94838715e+01,
    1.67110901e+02, 1.01057007e+02, 1.94219467e+02, 1.02432899e+02,
    2.07751198e+01, 1.21999527e+02, 5.18082237e+01, 1.23417816e+02,
    8.18860931e+01, 1.24490105e+02, 1.11095154e+02, 1.25505341e+02,
    1.39500107e+02, 1.27006378e+02, 1.67537827e+02, 1.28030090e+02,
    1.94423050e+02, 1.28668472e+02, 2.26958103e+01, 1.50428299e+02,
    5.32339439e+01, 1.51068069e+02, 8.31827469e+01, 1.51805756e+02,
    1.11961128e+02, 1.52371582e+02, 1.40194214e+02, 1.53319611e+02,
    1.67877853e+02, 1.54179901e+02, 1.94373917e+02, 1.54727432e+02,
    2.47040215e+01, 1.78003540e+02, 5.55511703e+01, 1.78583588e+02,
    8.48184814e+01, 1.78605118e+02, 1.13336975e+02, 1.79023422e+02,
    1.41311646e+02, 1.79405945e+02, 1.68657501e+02, 1.79502365e+02,
    1.95094101e+02, 1.79530121e+02, 2.75493526e+01, 2.05324875e+02,
    5.77002602e+01, 2.05259247e+02, 8.65528412e+01, 2.04979156e+02,
    1.14880272e+02, 2.04558319e+02, 1.42501892e+02, 2.04580994e+02,
    1.69207962e+02, 2.04654587e+02, 1.95561279e+02, 2.04385071e+02 ]
CalibrationFramePatternWorld: [ 0., 0., 0., 0., 2.70000007e-02, 0., 0.,
    5.40000014e-02, 0., 0., 8.10000002e-02, 0., 0., 1.08000003e-01, 0.,
    0., 1.35000005e-01, 0., 0., 1.62000000e-01, 0., 2.70000007e-02, 0.,
    0., 2.70000007e-02, 2.70000007e-02, 0., 2.70000007e-02,
    5.40000014e-02, 0., 2.70000007e-02, 8.10000002e-02, 0.,
    2.70000007e-02, 1.08000003e-01, 0., 2.70000007e-02, 1.35000005e-01,
    0., 2.70000007e-02, 1.62000000e-01, 0., 5.40000014e-02, 0., 0.,
    5.40000014e-02, 2.70000007e-02, 0., 5.40000014e-02, 5.40000014e-02,
    0., 5.40000014e-02, 8.10000002e-02, 0., 5.40000014e-02,
    1.08000003e-01, 0., 5.40000014e-02, 1.35000005e-01, 0.,
    5.40000014e-02, 1.62000000e-01, 0., 8.10000002e-02, 0., 0.,
    8.10000002e-02, 2.70000007e-02, 0., 8.10000002e-02, 5.40000014e-02,
    0., 8.10000002e-02, 8.10000002e-02, 0., 8.10000002e-02,
    1.08000003e-01, 0., 8.10000002e-02, 1.35000005e-01, 0.,
    8.10000002e-02, 1.62000000e-01, 0., 1.08000003e-01, 0., 0.,
    1.08000003e-01, 2.70000007e-02, 0., 1.08000003e-01, 5.40000014e-02,
    0., 1.08000003e-01, 8.10000002e-02, 0., 1.08000003e-01,
    1.08000003e-01, 0., 1.08000003e-01, 1.35000005e-01, 0.,
    1.08000003e-01, 1.62000000e-01, 0. ]
CalibrationFrameExtRotation: !!opencv-matrix
   rows: 3
   cols: 1
   dt: d
   data: [ 2.1493506124748203e+00, 2.1834464357717427e+00,
       5.7806153715164521e-01 ]
CalibrationFrameExtTranslation: !!opencv-matrix
   rows: 3
   cols: 1
   dt: d
   data: [ -2.7792351951642141e-01, -1.3086466776339367e-01,
       5.4844223702464667e-01 ]
CalibrationFrameRMSerror: 4.6991810202598572e-01
