%YAML:1.0
---
CalibrationFramePatternImage: [ 1.39962860e+02, 1.36364746e+02,
    1.58089615e+02, 1.41337952e+02, 1.76127060e+02, 1.46307266e+02,
    1.93932678e+02, 1.50770554e+02, 2.11616745e+02, 1.55560959e+02,
    2.29212463e+02, 1.60024689e+02, 2.46552460e+02, 1.64549927e+02,
    1.34191345e+02, 1.51716980e+02, 1.52629990e+02, 1.56643723e+02,
    1.70950104e+02, 1.61514023e+02, 1.89105026e+02, 1.66187195e+02,
    2.07061096e+02, 1.70713974e+02, 2.24818085e+02, 1.75203705e+02,
    2.42495255e+02, 1.79689865e+02, 1.28522217e+02, 1.67358948e+02,
    1.47247726e+02, 1.72161270e+02, 1.65701279e+02, 1.77187363e+02,
    1.84069580e+02, 1.81654785e+02, 2.02250992e+02, 1.86207336e+02,
    2.20346344e+02, 1.90582901e+02, 2.38287109e+02, 1.94981964e+02,
    1.22611267e+02, 1.83365417e+02, 1.41701477e+02, 1.88208511e+02,
    1.60481873e+02, 1.92835815e+02, 1.79191162e+02, 1.97580750e+02,
    1.97653259e+02, 2.01801468e+02, 2.16002029e+02, 2.06325668e+02,
    2.34212097e+02, 2.10550980e+02, 1.16967087e+02, 1.99622086e+02,
    1.36261337e+02, 2.04444565e+02, 1.55269882e+02, 2.09216583e+02,
    1.74235596e+02, 2.13530548e+02, 1.92717880e+02, 2.18082809e+02,
    2.11339310e+02, 2.22301254e+02, 2.29745193e+02, 2.26633499e+02 ]
CalibrationFramePatternWorld: [ 0., 0., 0., 0., 2.70000007e-02, 0., 0.,
    5.40000014e-02, 0., 0., 8.10000002e-02, 0., 0., 1.08000003e-01, 0.,
    0., 1.35000005e-01, 0., 0., 1.62000000e-01, 0., 2.70000007e-02, 0.,
    0., 2.70000007e-02, 2.70000007e-02, 0., 2.70000007e-02,
    5.40000014e-02, 0., 2.70000007e-02, 8.10000002e-02, 0.,
    2.70000007e-02, 1.08000003e-01, 0., 2.70000007e-02, 1.35000005e-01,
    0., 2.70000007e-02, 1.62000000e-01, 0., 5.40000014e-02, 0., 0.,
    5.40000014e-02, 2.70000007e-02, 0., 5.40000014e-02, 5.40000014e-02,
    0., 5.40000014e-02, 8.10000002e-02, 0., 5.40000014e-02,
    1.08000003e-01, 0., 5.40000014e-02, 1.35000005e-01, 0.,
    5.40000014e-02, 1.62000000e-01, 0., 8.10000002e-02, 0., 0.,
    8.10000002e-02, 2.70000007e-02, 0., 8.10000002e-02, 5.40000014e-02,
    0., 8.10000002e-02, 8.10000002e-02, 0., 8.10000002e-02,
    1.08000003e-01, 0., 8.10000002e-02, 1.35000005e-01, 0.,
    8.10000002e-02, 1.62000000e-01, 0., 1.08000003e-01, 0., 0.,
    1.08000003e-01, 2.70000007e-02, 0., 1.08000003e-01, 5.40000014e-02,
    0., 1.08000003e-01, 8.10000002e-02, 0., 1.08000003e-01,
    1.08000003e-01, 0., 1.08000003e-01, 1.35000005e-01, 0.,
    1.08000003e-01, 1.62000000e-01, 0. ]
CalibrationFrameExtRotation: !!opencv-matrix
   rows: 3
   cols: 1
   dt: d
   data: [ 1.7135027593024061e+00, 2.1439463308328497e+00,
       -2.3995298403606302e-01 ]
CalibrationFrameExtTranslation: !!opencv-matrix
   rows: 3
   cols: 1
   dt: d
   data: [ -2.6020576577441834e-01, -1.4265699057485173e-01,
       8.6651839652024953e-01 ]
CalibrationFrameRMSerror: 2.3034116625785828e-01
