%YAML:1.0
---
CalibrationFramePatternImage: [ 3.93597931e+02, 1.04935745e+02,
    4.22755646e+02, 9.95853958e+01, 4.51779480e+02, 9.41095276e+01,
    4.80085144e+02, 8.85127258e+01, 5.08179718e+02, 8.32762756e+01,
    5.35504211e+02, 7.80213547e+01, 5.62642944e+02, 7.27058411e+01,
    3.97759308e+02, 1.35209656e+02, 4.26724670e+02, 1.29815659e+02,
    4.55063721e+02, 1.24064178e+02, 4.82891357e+02, 1.18736855e+02,
    5.10449951e+02, 1.13221062e+02, 5.37563538e+02, 1.07673622e+02,
    5.63912781e+02, 1.02452034e+02, 4.01719513e+02, 1.64310318e+02,
    4.30126190e+02, 1.58508102e+02, 4.58128052e+02, 1.53034409e+02,
    4.85436401e+02, 1.47437759e+02, 5.12642212e+02, 1.42054138e+02,
    5.39472168e+02, 1.36480194e+02, 5.66046631e+02, 1.31017181e+02,
    4.05075836e+02, 1.92163300e+02, 4.33279877e+02, 1.86649277e+02,
    4.60679108e+02, 1.80791122e+02, 4.87961151e+02, 1.75502991e+02,
    5.14884033e+02, 1.69831253e+02, 5.41718567e+02, 1.64416702e+02,
    5.68137573e+02, 1.59066681e+02, 4.08366882e+02, 2.19522278e+02,
    4.35899200e+02, 2.13855469e+02, 4.63185272e+02, 2.08217163e+02,
    4.90249542e+02, 2.02489288e+02, 5.16899963e+02, 1.97222183e+02,
    5.43489380e+02, 1.91778397e+02, 5.69409424e+02, 1.86376236e+02 ]
CalibrationFramePatternWorld: [ 0., 0., 0., 0., 2.70000007e-02, 0., 0.,
    5.40000014e-02, 0., 0., 8.10000002e-02, 0., 0., 1.08000003e-01, 0.,
    0., 1.35000005e-01, 0., 0., 1.62000000e-01, 0., 2.70000007e-02, 0.,
    0., 2.70000007e-02, 2.70000007e-02, 0., 2.70000007e-02,
    5.40000014e-02, 0., 2.70000007e-02, 8.10000002e-02, 0.,
    2.70000007e-02, 1.08000003e-01, 0., 2.70000007e-02, 1.35000005e-01,
    0., 2.70000007e-02, 1.62000000e-01, 0., 5.40000014e-02, 0., 0.,
    5.40000014e-02, 2.70000007e-02, 0., 5.40000014e-02, 5.40000014e-02,
    0., 5.40000014e-02, 8.10000002e-02, 0., 5.40000014e-02,
    1.08000003e-01, 0., 5.40000014e-02, 1.35000005e-01, 0.,
    5.40000014e-02, 1.62000000e-01, 0., 8.10000002e-02, 0., 0.,
    8.10000002e-02, 2.70000007e-02, 0., 8.10000002e-02, 5.40000014e-02,
    0., 8.10000002e-02, 8.10000002e-02, 0., 8.10000002e-02,
    1.08000003e-01, 0., 8.10000002e-02, 1.35000005e-01, 0.,
    8.10000002e-02, 1.62000000e-01, 0., 1.08000003e-01, 0., 0.,
    1.08000003e-01, 2.70000007e-02, 0., 1.08000003e-01, 5.40000014e-02,
    0., 1.08000003e-01, 8.10000002e-02, 0., 1.08000003e-01,
    1.08000003e-01, 0., 1.08000003e-01, 1.35000005e-01, 0.,
    1.08000003e-01, 1.62000000e-01, 0. ]
CalibrationFrameExtRotation: !!opencv-matrix
   rows: 3
   cols: 1
   dt: d
   data: [ -2.3243238208042185e+00, -1.9156372110445552e+00,
       -4.0948711899267670e-01 ]
CalibrationFrameExtTranslation: !!opencv-matrix
   rows: 3
   cols: 1
   dt: d
   data: [ 7.0348266740685464e-02, -1.1361340975184019e-01,
       5.1290342268298139e-01 ]
CalibrationFrameRMSerror: 3.3426651358604431e-01
