%YAML:1.0
---
CalibrationFramePatternImage: [ 4.46001343e+02, 2.91394104e+02,
    4.62194489e+02, 2.86414429e+02, 4.77867218e+02, 2.81627777e+02,
    4.93330414e+02, 2.76728973e+02, 5.08642609e+02, 2.72039764e+02,
    5.23541809e+02, 2.67508820e+02, 5.38286865e+02, 2.62670197e+02,
    4.53501129e+02, 3.08990967e+02, 4.69623840e+02, 3.03832031e+02,
    4.85422394e+02, 2.98592010e+02, 5.01092926e+02, 2.93694214e+02,
    5.16322083e+02, 2.88772308e+02, 5.31441772e+02, 2.83843658e+02,
    5.46161499e+02, 2.79355927e+02, 4.61103455e+02, 3.26597015e+02,
    4.77154785e+02, 3.21321289e+02, 4.92924805e+02, 3.15965118e+02,
    5.08504517e+02, 3.10646118e+02, 5.23973938e+02, 3.05511841e+02,
    5.39213745e+02, 3.00577881e+02, 5.53858765e+02, 2.95659393e+02,
    4.68530853e+02, 3.44686035e+02, 4.84931335e+02, 3.39073822e+02,
    5.00572540e+02, 3.33618225e+02, 5.16359009e+02, 3.28163849e+02,
    5.31860962e+02, 3.22722687e+02, 5.47128052e+02, 3.17434326e+02,
    5.62019470e+02, 3.12054993e+02, 4.76221069e+02, 3.63019806e+02,
    4.92616180e+02, 3.57308441e+02, 5.08521790e+02, 3.51505890e+02,
    5.24391785e+02, 3.45648224e+02, 5.40008606e+02, 3.40105652e+02,
    5.55261169e+02, 3.34533875e+02, 5.70199890e+02, 3.29069031e+02 ]
CalibrationFramePatternWorld: [ 0., 0., 0., 0., 2.70000007e-02, 0., 0.,
    5.40000014e-02, 0., 0., 8.10000002e-02, 0., 0., 1.08000003e-01, 0.,
    0., 1.35000005e-01, 0., 0., 1.62000000e-01, 0., 2.70000007e-02, 0.,
    0., 2.70000007e-02, 2.70000007e-02, 0., 2.70000007e-02,
    5.40000014e-02, 0., 2.70000007e-02, 8.10000002e-02, 0.,
    2.70000007e-02, 1.08000003e-01, 0., 2.70000007e-02, 1.35000005e-01,
    0., 2.70000007e-02, 1.62000000e-01, 0., 5.40000014e-02, 0., 0.,
    5.40000014e-02, 2.70000007e-02, 0., 5.40000014e-02, 5.40000014e-02,
    0., 5.40000014e-02, 8.10000002e-02, 0., 5.40000014e-02,
    1.08000003e-01, 0., 5.40000014e-02, 1.35000005e-01, 0.,
    5.40000014e-02, 1.62000000e-01, 0., 8.10000002e-02, 0., 0.,
    8.10000002e-02, 2.70000007e-02, 0., 8.10000002e-02, 5.40000014e-02,
    0., 8.10000002e-02, 8.10000002e-02, 0., 8.10000002e-02,
    1.08000003e-01, 0., 8.10000002e-02, 1.35000005e-01, 0.,
    8.10000002e-02, 1.62000000e-01, 0., 1.08000003e-01, 0., 0.,
    1.08000003e-01, 2.70000007e-02, 0., 1.08000003e-01, 5.40000014e-02,
    0., 1.08000003e-01, 8.10000002e-02, 0., 1.08000003e-01,
    1.08000003e-01, 0., 1.08000003e-01, 1.35000005e-01, 0.,
    1.08000003e-01, 1.62000000e-01, 0. ]
CalibrationFrameExtRotation: !!opencv-matrix
   rows: 3
   cols: 1
   dt: d
   data: [ 2.1909772243472712e+00, 1.6190114789098087e+00,
       -1.1245767399115729e-01 ]
CalibrationFrameExtTranslation: !!opencv-matrix
   rows: 3
   cols: 1
   dt: d
   data: [ 1.8894589373587992e-01, 8.7403055893934614e-02,
       8.2691392606912140e-01 ]
CalibrationFrameRMSerror: 1.7136138677597046e-01
