%YAML:1.0
---
CalibrationFramePatternImage: [ 2.85449738e+02, 1.35638931e+02,
    3.03547882e+02, 1.33845596e+02, 3.21592712e+02, 1.32297455e+02,
    3.39339783e+02, 1.30616379e+02, 3.56666809e+02, 1.29001434e+02,
    3.73531067e+02, 1.27587761e+02, 3.90426941e+02, 1.25965469e+02,
    2.89268158e+02, 1.51885941e+02, 3.07757538e+02, 1.50003250e+02,
    3.25957062e+02, 1.48341934e+02, 3.43729492e+02, 1.46394760e+02,
    3.61121887e+02, 1.44641296e+02, 3.78505524e+02, 1.42831955e+02,
    3.95234894e+02, 1.41115891e+02, 2.93502228e+02, 1.68570114e+02,
    3.12031830e+02, 1.66558121e+02, 3.30302063e+02, 1.64344086e+02,
    3.48257355e+02, 1.62469116e+02, 3.65987671e+02, 1.60413239e+02,
    3.83162292e+02, 1.58453888e+02, 4.00276245e+02, 1.56341873e+02,
    2.97485321e+02, 1.85278397e+02, 3.16292755e+02, 1.83150818e+02,
    3.34628998e+02, 1.81008621e+02, 3.52854401e+02, 1.78784424e+02,
    3.70644684e+02, 1.76327484e+02, 3.88188019e+02, 1.74166855e+02,
    4.05396606e+02, 1.71883133e+02, 3.01749084e+02, 2.02785049e+02,
    3.20678528e+02, 2.00267166e+02, 3.39284790e+02, 1.97639648e+02,
    3.57574646e+02, 1.95405106e+02, 3.75450653e+02, 1.93028763e+02,
    3.93250214e+02, 1.90592270e+02, 4.10528839e+02, 1.88111099e+02 ]
CalibrationFramePatternWorld: [ 0., 0., 0., 0., 2.70000007e-02, 0., 0.,
    5.40000014e-02, 0., 0., 8.10000002e-02, 0., 0., 1.08000003e-01, 0.,
    0., 1.35000005e-01, 0., 0., 1.62000000e-01, 0., 2.70000007e-02, 0.,
    0., 2.70000007e-02, 2.70000007e-02, 0., 2.70000007e-02,
    5.40000014e-02, 0., 2.70000007e-02, 8.10000002e-02, 0.,
    2.70000007e-02, 1.08000003e-01, 0., 2.70000007e-02, 1.35000005e-01,
    0., 2.70000007e-02, 1.62000000e-01, 0., 5.40000014e-02, 0., 0.,
    5.40000014e-02, 2.70000007e-02, 0., 5.40000014e-02, 5.40000014e-02,
    0., 5.40000014e-02, 8.10000002e-02, 0., 5.40000014e-02,
    1.08000003e-01, 0., 5.40000014e-02, 1.35000005e-01, 0.,
    5.40000014e-02, 1.62000000e-01, 0., 8.10000002e-02, 0., 0.,
    8.10000002e-02, 2.70000007e-02, 0., 8.10000002e-02, 5.40000014e-02,
    0., 8.10000002e-02, 8.10000002e-02, 0., 8.10000002e-02,
    1.08000003e-01, 0., 8.10000002e-02, 1.35000005e-01, 0.,
    8.10000002e-02, 1.62000000e-01, 0., 1.08000003e-01, 0., 0.,
    1.08000003e-01, 2.70000007e-02, 0., 1.08000003e-01, 5.40000014e-02,
    0., 1.08000003e-01, 8.10000002e-02, 0., 1.08000003e-01,
    1.08000003e-01, 0., 1.08000003e-01, 1.35000005e-01, 0.,
    1.08000003e-01, 1.62000000e-01, 0. ]
CalibrationFrameExtRotation: !!opencv-matrix
   rows: 3
   cols: 1
   dt: d
   data: [ 2.0853427741549440e+00, 1.7211805549896682e+00,
       -1.6681805221661275e-01 ]
CalibrationFrameExtTranslation: !!opencv-matrix
   rows: 3
   cols: 1
   dt: d
   data: [ -4.1573006832908120e-02, -1.3824342070022447e-01,
       8.2511933038312935e-01 ]
CalibrationFrameRMSerror: 1.9047090411186218e-01
