%YAML:1.0
---
CalibrationFramePatternImage: [ 4.72553101e+02, 2.44013367e+02,
    4.87475342e+02, 2.53773270e+02, 5.02002106e+02, 2.63431885e+02,
    5.16575806e+02, 2.72893311e+02, 5.30884216e+02, 2.82404266e+02,
    5.45042542e+02, 2.91491211e+02, 5.59243286e+02, 3.00564209e+02,
    4.61676117e+02, 2.59769043e+02, 4.76469391e+02, 2.69477051e+02,
    4.91260406e+02, 2.78828186e+02, 5.05547668e+02, 2.88268005e+02,
    5.19929932e+02, 2.97230896e+02, 5.34415710e+02, 3.06447845e+02,
    5.48378479e+02, 3.15397095e+02, 4.50890228e+02, 2.75108856e+02,
    4.65778839e+02, 2.84511139e+02, 4.80492126e+02, 2.93792145e+02,
    4.95188904e+02, 3.02985657e+02, 5.09427826e+02, 3.12135437e+02,
    5.23616882e+02, 3.21075592e+02, 5.37431885e+02, 3.29885834e+02,
    4.40408600e+02, 2.90331421e+02, 4.55179199e+02, 2.99498993e+02,
    4.70024567e+02, 3.08541626e+02, 4.84327271e+02, 3.17832123e+02,
    4.99023254e+02, 3.26804077e+02, 5.13104858e+02, 3.35639740e+02,
    5.27259033e+02, 3.44523438e+02, 4.29830902e+02, 3.05025238e+02,
    4.44698639e+02, 3.14316071e+02, 4.59479675e+02, 3.23339447e+02,
    4.73966064e+02, 3.32465820e+02, 4.88271515e+02, 3.41279999e+02,
    5.02393311e+02, 3.50086975e+02, 5.16545715e+02, 3.58755890e+02 ]
CalibrationFramePatternWorld: [ 0., 0., 0., 0., 2.70000007e-02, 0., 0.,
    5.40000014e-02, 0., 0., 8.10000002e-02, 0., 0., 1.08000003e-01, 0.,
    0., 1.35000005e-01, 0., 0., 1.62000000e-01, 0., 2.70000007e-02, 0.,
    0., 2.70000007e-02, 2.70000007e-02, 0., 2.70000007e-02,
    5.40000014e-02, 0., 2.70000007e-02, 8.10000002e-02, 0.,
    2.70000007e-02, 1.08000003e-01, 0., 2.70000007e-02, 1.35000005e-01,
    0., 2.70000007e-02, 1.62000000e-01, 0., 5.40000014e-02, 0., 0.,
    5.40000014e-02, 2.70000007e-02, 0., 5.40000014e-02, 5.40000014e-02,
    0., 5.40000014e-02, 8.10000002e-02, 0., 5.40000014e-02,
    1.08000003e-01, 0., 5.40000014e-02, 1.35000005e-01, 0.,
    5.40000014e-02, 1.62000000e-01, 0., 8.10000002e-02, 0., 0.,
    8.10000002e-02, 2.70000007e-02, 0., 8.10000002e-02, 5.40000014e-02,
    0., 8.10000002e-02, 8.10000002e-02, 0., 8.10000002e-02,
    1.08000003e-01, 0., 8.10000002e-02, 1.35000005e-01, 0.,
    8.10000002e-02, 1.62000000e-01, 0., 1.08000003e-01, 0., 0.,
    1.08000003e-01, 2.70000007e-02, 0., 1.08000003e-01, 5.40000014e-02,
    0., 1.08000003e-01, 8.10000002e-02, 0., 1.08000003e-01,
    1.08000003e-01, 0., 1.08000003e-01, 1.35000005e-01, 0.,
    1.08000003e-01, 1.62000000e-01, 0. ]
CalibrationFrameExtRotation: !!opencv-matrix
   rows: 3
   cols: 1
   dt: d
   data: [ -1.4862877770402150e+00, -2.7171003897867134e+00,
       -2.8672803882363085e-01 ]
CalibrationFrameExtTranslation: !!opencv-matrix
   rows: 3
   cols: 1
   dt: d
   data: [ 2.2658628592591284e-01, 1.8777085647673226e-02,
       8.2568906004731846e-01 ]
CalibrationFrameRMSerror: 1.6046917438507080e-01
