%YAML:1.0
---
CalibrationFramePatternImage: [ 3.40225922e+02, 2.88969666e+02,
    3.56802002e+02, 2.89386780e+02, 3.73583771e+02, 2.89270416e+02,
    3.89359436e+02, 2.89490082e+02, 4.05250061e+02, 2.89543457e+02,
    4.20643616e+02, 2.89504242e+02, 4.35643951e+02, 2.89697021e+02,
    3.38405060e+02, 3.07807861e+02, 3.55762939e+02, 3.07563721e+02,
    3.71973969e+02, 3.07541992e+02, 3.88274750e+02, 3.07463104e+02,
    4.03675537e+02, 3.07441711e+02, 4.19063538e+02, 3.07288422e+02,
    4.33732391e+02, 3.07273743e+02, 3.37420502e+02, 3.26390839e+02,
    3.53904083e+02, 3.25749298e+02, 3.70604309e+02, 3.25600128e+02,
    3.86329529e+02, 3.25176270e+02, 4.01962219e+02, 3.24979645e+02,
    4.17493164e+02, 3.24318695e+02, 4.32525970e+02, 3.23872986e+02,
    3.35584351e+02, 3.44756714e+02, 3.52635376e+02, 3.43981018e+02,
    3.68759888e+02, 3.43464661e+02, 3.85084137e+02, 3.42847839e+02,
    4.00818512e+02, 3.41945465e+02, 4.16015717e+02, 3.41408356e+02,
    4.31095276e+02, 3.40966797e+02, 3.34431610e+02, 3.63174042e+02,
    3.50990021e+02, 3.62114807e+02, 3.67548370e+02, 3.61173187e+02,
    3.83379944e+02, 3.60251282e+02, 3.98885223e+02, 3.59322540e+02,
    4.14511871e+02, 3.58711945e+02, 4.29484802e+02, 3.57992828e+02 ]
CalibrationFramePatternWorld: [ 0., 0., 0., 0., 2.70000007e-02, 0., 0.,
    5.40000014e-02, 0., 0., 8.10000002e-02, 0., 0., 1.08000003e-01, 0.,
    0., 1.35000005e-01, 0., 0., 1.62000000e-01, 0., 2.70000007e-02, 0.,
    0., 2.70000007e-02, 2.70000007e-02, 0., 2.70000007e-02,
    5.40000014e-02, 0., 2.70000007e-02, 8.10000002e-02, 0.,
    2.70000007e-02, 1.08000003e-01, 0., 2.70000007e-02, 1.35000005e-01,
    0., 2.70000007e-02, 1.62000000e-01, 0., 5.40000014e-02, 0., 0.,
    5.40000014e-02, 2.70000007e-02, 0., 5.40000014e-02, 5.40000014e-02,
    0., 5.40000014e-02, 8.10000002e-02, 0., 5.40000014e-02,
    1.08000003e-01, 0., 5.40000014e-02, 1.35000005e-01, 0.,
    5.40000014e-02, 1.62000000e-01, 0., 8.10000002e-02, 0., 0.,
    8.10000002e-02, 2.70000007e-02, 0., 8.10000002e-02, 5.40000014e-02,
    0., 8.10000002e-02, 8.10000002e-02, 0., 8.10000002e-02,
    1.08000003e-01, 0., 8.10000002e-02, 1.35000005e-01, 0.,
    8.10000002e-02, 1.62000000e-01, 0., 1.08000003e-01, 0., 0.,
    1.08000003e-01, 2.70000007e-02, 0., 1.08000003e-01, 5.40000014e-02,
    0., 1.08000003e-01, 8.10000002e-02, 0., 1.08000003e-01,
    1.08000003e-01, 0., 1.08000003e-01, 1.35000005e-01, 0.,
    1.08000003e-01, 1.62000000e-01, 0. ]
CalibrationFrameExtRotation: !!opencv-matrix
   rows: 3
   cols: 1
   dt: d
   data: [ 1.9685775973271009e+00, 2.0936147865248858e+00,
       4.8703903280175925e-01 ]
CalibrationFrameExtTranslation: !!opencv-matrix
   rows: 3
   cols: 1
   dt: d
   data: [ 3.6202591627519556e-02, 8.3059211477783321e-02,
       8.1806355731639036e-01 ]
CalibrationFrameRMSerror: 2.2813095152378082e-01
