%YAML:1.0
---
CalibrationFramePatternImage: [ 1.54895950e+02, 9.04954376e+01,
    1.71635056e+02, 8.99933701e+01, 1.88545700e+02, 8.97593765e+01,
    2.05657501e+02, 8.93926620e+01, 2.22605515e+02, 8.92498627e+01,
    2.39456436e+02, 8.87829132e+01, 2.56813538e+02, 8.84438324e+01,
    1.52932541e+02, 1.06306808e+02, 1.70116714e+02, 1.06236328e+02,
    1.87184296e+02, 1.05926323e+02, 2.04012741e+02, 1.05574203e+02,
    2.21226578e+02, 1.05262558e+02, 2.38641953e+02, 1.04739670e+02,
    2.55745453e+02, 1.04629662e+02, 1.51517700e+02, 1.21951889e+02,
    1.68361816e+02, 1.21755806e+02, 1.85494446e+02, 1.21843307e+02,
    2.02858856e+02, 1.21701385e+02, 2.20094330e+02, 1.21534058e+02,
    2.37243210e+02, 1.21281609e+02, 2.54658173e+02, 1.21103348e+02,
    1.49240784e+02, 1.37774597e+02, 1.66725540e+02, 1.37828812e+02,
    1.83911011e+02, 1.37872452e+02, 2.01146378e+02, 1.37758392e+02,
    2.18452316e+02, 1.37598190e+02, 2.35898636e+02, 1.37470459e+02,
    2.53445374e+02, 1.37276642e+02, 1.47587753e+02, 1.54443588e+02,
    1.64827423e+02, 1.54471497e+02, 1.82157669e+02, 1.54486969e+02,
    1.99554260e+02, 1.54510376e+02, 2.16973145e+02, 1.54468048e+02,
    2.34363007e+02, 1.54429688e+02, 2.51839340e+02, 1.54331512e+02 ]
CalibrationFramePatternWorld: [ 0., 0., 0., 0., 2.70000007e-02, 0., 0.,
    5.40000014e-02, 0., 0., 8.10000002e-02, 0., 0., 1.08000003e-01, 0.,
    0., 1.35000005e-01, 0., 0., 1.62000000e-01, 0., 2.70000007e-02, 0.,
    0., 2.70000007e-02, 2.70000007e-02, 0., 2.70000007e-02,
    5.40000014e-02, 0., 2.70000007e-02, 8.10000002e-02, 0.,
    2.70000007e-02, 1.08000003e-01, 0., 2.70000007e-02, 1.35000005e-01,
    0., 2.70000007e-02, 1.62000000e-01, 0., 5.40000014e-02, 0., 0.,
    5.40000014e-02, 2.70000007e-02, 0., 5.40000014e-02, 5.40000014e-02,
    0., 5.40000014e-02, 8.10000002e-02, 0., 5.40000014e-02,
    1.08000003e-01, 0., 5.40000014e-02, 1.35000005e-01, 0.,
    5.40000014e-02, 1.62000000e-01, 0., 8.10000002e-02, 0., 0.,
    8.10000002e-02, 2.70000007e-02, 0., 8.10000002e-02, 5.40000014e-02,
    0., 8.10000002e-02, 8.10000002e-02, 0., 8.10000002e-02,
    1.08000003e-01, 0., 8.10000002e-02, 1.35000005e-01, 0.,
    8.10000002e-02, 1.62000000e-01, 0., 1.08000003e-01, 0., 0.,
    1.08000003e-01, 2.70000007e-02, 0., 1.08000003e-01, 5.40000014e-02,
    0., 1.08000003e-01, 8.10000002e-02, 0., 1.08000003e-01,
    1.08000003e-01, 0., 1.08000003e-01, 1.35000005e-01, 0.,
    1.08000003e-01, 1.62000000e-01, 0. ]
CalibrationFrameExtRotation: !!opencv-matrix
   rows: 3
   cols: 1
   dt: d
   data: [ 2.1146708397629732e+00, 2.1726301687809482e+00,
       -4.0861578291937856e-01 ]
CalibrationFrameExtTranslation: !!opencv-matrix
   rows: 3
   cols: 1
   dt: d
   data: [ -2.4850454364668234e-01, -2.2287352015988732e-01,
       9.0824365417069097e-01 ]
CalibrationFrameRMSerror: 2.4188490211963654e-01
