%YAML:1.0
---
CalibrationFramePatternImage: [ 4.58065002e+02, 1.40053513e+02,
    4.73044067e+02, 1.40695023e+02, 4.88152100e+02, 1.41742722e+02,
    5.03178436e+02, 1.42612946e+02, 5.18408386e+02, 1.43218033e+02,
    5.33408325e+02, 1.44022812e+02, 5.48552124e+02, 1.44838242e+02,
    4.57498260e+02, 1.54546341e+02, 4.72568665e+02, 1.55338959e+02,
    4.87552124e+02, 1.55987335e+02, 5.02615601e+02, 1.57136475e+02,
    5.17636108e+02, 1.57809326e+02, 5.32793396e+02, 1.58571198e+02,
    5.48050659e+02, 1.59553619e+02, 4.56939392e+02, 1.68904449e+02,
    4.71817017e+02, 1.69743622e+02, 4.87147064e+02, 1.70504242e+02,
    5.02097809e+02, 1.71556015e+02, 5.17354187e+02, 1.72553802e+02,
    5.32502197e+02, 1.73122467e+02, 5.47538818e+02, 1.73861984e+02,
    4.55726959e+02, 1.83058044e+02, 4.70795868e+02, 1.84458908e+02,
    4.85906891e+02, 1.85078766e+02, 5.01322052e+02, 1.85776703e+02,
    5.16566772e+02, 1.87033234e+02, 5.31929199e+02, 1.87788315e+02,
    5.47362244e+02, 1.88421371e+02, 4.55173309e+02, 1.97530624e+02,
    4.70139771e+02, 1.98733948e+02, 4.85331848e+02, 1.99718704e+02,
    5.00539551e+02, 2.00329315e+02, 5.15643372e+02, 2.01422897e+02,
    5.30953491e+02, 2.02357529e+02, 5.46372070e+02, 2.03206055e+02 ]
CalibrationFramePatternWorld: [ 0., 0., 0., 0., 2.70000007e-02, 0., 0.,
    5.40000014e-02, 0., 0., 8.10000002e-02, 0., 0., 1.08000003e-01, 0.,
    0., 1.35000005e-01, 0., 0., 1.62000000e-01, 0., 2.70000007e-02, 0.,
    0., 2.70000007e-02, 2.70000007e-02, 0., 2.70000007e-02,
    5.40000014e-02, 0., 2.70000007e-02, 8.10000002e-02, 0.,
    2.70000007e-02, 1.08000003e-01, 0., 2.70000007e-02, 1.35000005e-01,
    0., 2.70000007e-02, 1.62000000e-01, 0., 5.40000014e-02, 0., 0.,
    5.40000014e-02, 2.70000007e-02, 0., 5.40000014e-02, 5.40000014e-02,
    0., 5.40000014e-02, 8.10000002e-02, 0., 5.40000014e-02,
    1.08000003e-01, 0., 5.40000014e-02, 1.35000005e-01, 0.,
    5.40000014e-02, 1.62000000e-01, 0., 8.10000002e-02, 0., 0.,
    8.10000002e-02, 2.70000007e-02, 0., 8.10000002e-02, 5.40000014e-02,
    0., 8.10000002e-02, 8.10000002e-02, 0., 8.10000002e-02,
    1.08000003e-01, 0., 8.10000002e-02, 1.35000005e-01, 0.,
    8.10000002e-02, 1.62000000e-01, 0., 1.08000003e-01, 0., 0.,
    1.08000003e-01, 2.70000007e-02, 0., 1.08000003e-01, 5.40000014e-02,
    0., 1.08000003e-01, 8.10000002e-02, 0., 1.08000003e-01,
    1.08000003e-01, 0., 1.08000003e-01, 1.35000005e-01, 0.,
    1.08000003e-01, 1.62000000e-01, 0. ]
CalibrationFrameExtRotation: !!opencv-matrix
   rows: 3
   cols: 1
   dt: d
   data: [ 2.1194159945768387e+00, 2.2804567396212714e+00,
       -2.0455620135402836e-01 ]
CalibrationFrameExtTranslation: !!opencv-matrix
   rows: 3
   cols: 1
   dt: d
   data: [ 2.6268185238086494e-01, -1.6876683124065003e-01,
       1.0539902374496863e+00 ]
CalibrationFrameRMSerror: 2.0690965652465820e-01
