%YAML:1.0
---
CalibrationFramePatternImage: [ 4.05810471e+01, 2.98290771e+02,
    6.06950226e+01, 2.95396271e+02, 8.02052536e+01, 2.92539978e+02,
    9.93916473e+01, 2.89597778e+02, 1.18122818e+02, 2.86917114e+02,
    1.36354446e+02, 2.84060944e+02, 1.54285553e+02, 2.81567535e+02,
    4.29122963e+01, 3.15195770e+02, 6.25592422e+01, 3.11686798e+02,
    8.23444061e+01, 3.08435852e+02, 1.00879951e+02, 3.05471741e+02,
    1.19392403e+02, 3.02535858e+02, 1.37453979e+02, 2.99891113e+02,
    1.55222824e+02, 2.97171539e+02, 4.53018265e+01, 3.31296692e+02,
    6.49239349e+01, 3.27701721e+02, 8.41205673e+01, 3.24061157e+02,
    1.02831688e+02, 3.20761536e+02, 1.21052032e+02, 3.17656342e+02,
    1.38672165e+02, 3.15046570e+02, 1.56127548e+02, 3.11840149e+02,
    4.72484398e+01, 3.46842773e+02, 6.69522095e+01, 3.42884613e+02,
    8.58441010e+01, 3.39257812e+02, 1.04368484e+02, 3.35809814e+02,
    1.22227394e+02, 3.32953003e+02, 1.40150177e+02, 3.29555206e+02,
    1.57447006e+02, 3.26816101e+02, 5.02850761e+01, 3.61804718e+02,
    6.92543564e+01, 3.57786621e+02, 8.79275665e+01, 3.54237946e+02,
    1.06350960e+02, 3.50783356e+02, 1.23899078e+02, 3.47419067e+02,
    1.41352097e+02, 3.44116669e+02, 1.58318756e+02, 3.41710632e+02 ]
CalibrationFramePatternWorld: [ 0., 0., 0., 0., 2.70000007e-02, 0., 0.,
    5.40000014e-02, 0., 0., 8.10000002e-02, 0., 0., 1.08000003e-01, 0.,
    0., 1.35000005e-01, 0., 0., 1.62000000e-01, 0., 2.70000007e-02, 0.,
    0., 2.70000007e-02, 2.70000007e-02, 0., 2.70000007e-02,
    5.40000014e-02, 0., 2.70000007e-02, 8.10000002e-02, 0.,
    2.70000007e-02, 1.08000003e-01, 0., 2.70000007e-02, 1.35000005e-01,
    0., 2.70000007e-02, 1.62000000e-01, 0., 5.40000014e-02, 0., 0.,
    5.40000014e-02, 2.70000007e-02, 0., 5.40000014e-02, 5.40000014e-02,
    0., 5.40000014e-02, 8.10000002e-02, 0., 5.40000014e-02,
    1.08000003e-01, 0., 5.40000014e-02, 1.35000005e-01, 0.,
    5.40000014e-02, 1.62000000e-01, 0., 8.10000002e-02, 0., 0.,
    8.10000002e-02, 2.70000007e-02, 0., 8.10000002e-02, 5.40000014e-02,
    0., 8.10000002e-02, 8.10000002e-02, 0., 8.10000002e-02,
    1.08000003e-01, 0., 8.10000002e-02, 1.35000005e-01, 0.,
    8.10000002e-02, 1.62000000e-01, 0., 1.08000003e-01, 0., 0.,
    1.08000003e-01, 2.70000007e-02, 0., 1.08000003e-01, 5.40000014e-02,
    0., 1.08000003e-01, 8.10000002e-02, 0., 1.08000003e-01,
    1.08000003e-01, 0., 1.08000003e-01, 1.35000005e-01, 0.,
    1.08000003e-01, 1.62000000e-01, 0. ]
CalibrationFrameExtRotation: !!opencv-matrix
   rows: 3
   cols: 1
   dt: d
   data: [ 2.1356102251053088e+00, 2.0294576908454838e+00,
       8.3916410161261090e-01 ]
CalibrationFrameExtTranslation: !!opencv-matrix
   rows: 3
   cols: 1
   dt: d
   data: [ -3.9885838741008278e-01, 9.9642497018889206e-02,
       8.4642390525774303e-01 ]
CalibrationFrameRMSerror: 2.9861640930175781e-01
