%YAML:1.0
---
CalibrationFramePatternImage: [ 1.21619469e+02, 3.58803741e+02,
    1.41448135e+02, 3.54392731e+02, 1.60584564e+02, 3.50126526e+02,
    1.79044464e+02, 3.45747864e+02, 1.97384232e+02, 3.41839447e+02,
    2.14999023e+02, 3.37935638e+02, 2.31975952e+02, 3.34128418e+02,
    1.25019028e+02, 3.78340637e+02, 1.44705521e+02, 3.73489716e+02,
    1.63851120e+02, 3.68861053e+02, 1.82448349e+02, 3.64256348e+02,
    2.00258881e+02, 3.60202515e+02, 2.17897949e+02, 3.55784851e+02,
    2.34888153e+02, 3.51745911e+02, 1.28224899e+02, 3.97439117e+02,
    1.47674408e+02, 3.92516174e+02, 1.67126343e+02, 3.87451294e+02,
    1.85329849e+02, 3.82553619e+02, 2.03452454e+02, 3.77984833e+02,
    2.20874756e+02, 3.73485718e+02, 2.38005157e+02, 3.69261719e+02,
    1.31571823e+02, 4.16647644e+02, 1.51267838e+02, 4.11284119e+02,
    1.70164017e+02, 4.05849731e+02, 1.88825211e+02, 4.00793823e+02,
    2.06854721e+02, 3.95976440e+02, 2.24280930e+02, 3.91069427e+02,
    2.41427307e+02, 3.86666199e+02, 1.34956711e+02, 4.35807465e+02,
    1.54584717e+02, 4.30093048e+02, 1.73588394e+02, 4.24519012e+02,
    1.92002670e+02, 4.19135712e+02, 2.10181427e+02, 4.13996857e+02,
    2.27625732e+02, 4.08878082e+02, 2.44362213e+02, 4.03956024e+02 ]
CalibrationFramePatternWorld: [ 0., 0., 0., 0., 2.70000007e-02, 0., 0.,
    5.40000014e-02, 0., 0., 8.10000002e-02, 0., 0., 1.08000003e-01, 0.,
    0., 1.35000005e-01, 0., 0., 1.62000000e-01, 0., 2.70000007e-02, 0.,
    0., 2.70000007e-02, 2.70000007e-02, 0., 2.70000007e-02,
    5.40000014e-02, 0., 2.70000007e-02, 8.10000002e-02, 0.,
    2.70000007e-02, 1.08000003e-01, 0., 2.70000007e-02, 1.35000005e-01,
    0., 2.70000007e-02, 1.62000000e-01, 0., 5.40000014e-02, 0., 0.,
    5.40000014e-02, 2.70000007e-02, 0., 5.40000014e-02, 5.40000014e-02,
    0., 5.40000014e-02, 8.10000002e-02, 0., 5.40000014e-02,
    1.08000003e-01, 0., 5.40000014e-02, 1.35000005e-01, 0.,
    5.40000014e-02, 1.62000000e-01, 0., 8.10000002e-02, 0., 0.,
    8.10000002e-02, 2.70000007e-02, 0., 8.10000002e-02, 5.40000014e-02,
    0., 8.10000002e-02, 8.10000002e-02, 0., 8.10000002e-02,
    1.08000003e-01, 0., 8.10000002e-02, 1.35000005e-01, 0.,
    8.10000002e-02, 1.62000000e-01, 0., 1.08000003e-01, 0., 0.,
    1.08000003e-01, 2.70000007e-02, 0., 1.08000003e-01, 5.40000014e-02,
    0., 1.08000003e-01, 8.10000002e-02, 0., 1.08000003e-01,
    1.08000003e-01, 0., 1.08000003e-01, 1.35000005e-01, 0.,
    1.08000003e-01, 1.62000000e-01, 0. ]
CalibrationFrameExtRotation: !!opencv-matrix
   rows: 3
   cols: 1
   dt: d
   data: [ 2.0563702681566589e+00, 1.7294750628135080e+00,
       3.4830757499375836e-01 ]
CalibrationFrameExtTranslation: !!opencv-matrix
   rows: 3
   cols: 1
   dt: d
   data: [ -2.6727756590493096e-01, 1.7980664667579591e-01,
       8.0435536269480246e-01 ]
CalibrationFrameRMSerror: 2.1378664672374725e-01
