%YAML:1.0
---
CalibrationFramePatternImage: [ 2.36942551e+02, 6.09597282e+01,
    2.55668213e+02, 6.49920197e+01, 2.74141541e+02, 6.89536285e+01,
    2.91804169e+02, 7.25014267e+01, 3.09725311e+02, 7.61116028e+01,
    3.27304626e+02, 7.97512589e+01, 3.44329163e+02, 8.33035736e+01,
    2.34125458e+02, 8.00479813e+01, 2.52538666e+02, 8.38393555e+01,
    2.70752899e+02, 8.74133072e+01, 2.88689880e+02, 9.07687073e+01,
    3.06293427e+02, 9.42315674e+01, 3.23610779e+02, 9.76528778e+01,
    3.40518066e+02, 1.01017052e+02, 2.31088974e+02, 9.86486206e+01,
    2.49545273e+02, 1.01985725e+02, 2.67663177e+02, 1.05432648e+02,
    2.85470764e+02, 1.08675949e+02, 3.02959137e+02, 1.11850098e+02,
    3.20225220e+02, 1.15073929e+02, 3.37103088e+02, 1.17951073e+02,
    2.28457062e+02, 1.16750885e+02, 2.46873215e+02, 1.20040474e+02,
    2.64705811e+02, 1.23142914e+02, 2.82453430e+02, 1.26263763e+02,
    3.00055359e+02, 1.29152878e+02, 3.17076385e+02, 1.32194748e+02,
    3.33860291e+02, 1.34978561e+02, 2.26010864e+02, 1.34617142e+02,
    2.44165298e+02, 1.37513199e+02, 2.61985352e+02, 1.40570648e+02,
    2.79517731e+02, 1.43301468e+02, 2.96704346e+02, 1.46216690e+02,
    3.13758209e+02, 1.48841949e+02, 3.30662781e+02, 1.51419403e+02 ]
CalibrationFramePatternWorld: [ 0., 0., 0., 0., 2.70000007e-02, 0., 0.,
    5.40000014e-02, 0., 0., 8.10000002e-02, 0., 0., 1.08000003e-01, 0.,
    0., 1.35000005e-01, 0., 0., 1.62000000e-01, 0., 2.70000007e-02, 0.,
    0., 2.70000007e-02, 2.70000007e-02, 0., 2.70000007e-02,
    5.40000014e-02, 0., 2.70000007e-02, 8.10000002e-02, 0.,
    2.70000007e-02, 1.08000003e-01, 0., 2.70000007e-02, 1.35000005e-01,
    0., 2.70000007e-02, 1.62000000e-01, 0., 5.40000014e-02, 0., 0.,
    5.40000014e-02, 2.70000007e-02, 0., 5.40000014e-02, 5.40000014e-02,
    0., 5.40000014e-02, 8.10000002e-02, 0., 5.40000014e-02,
    1.08000003e-01, 0., 5.40000014e-02, 1.35000005e-01, 0.,
    5.40000014e-02, 1.62000000e-01, 0., 8.10000002e-02, 0., 0.,
    8.10000002e-02, 2.70000007e-02, 0., 8.10000002e-02, 5.40000014e-02,
    0., 8.10000002e-02, 8.10000002e-02, 0., 8.10000002e-02,
    1.08000003e-01, 0., 8.10000002e-02, 1.35000005e-01, 0.,
    8.10000002e-02, 1.62000000e-01, 0., 1.08000003e-01, 0., 0.,
    1.08000003e-01, 2.70000007e-02, 0., 1.08000003e-01, 5.40000014e-02,
    0., 1.08000003e-01, 8.10000002e-02, 0., 1.08000003e-01,
    1.08000003e-01, 0., 1.08000003e-01, 1.35000005e-01, 0.,
    1.08000003e-01, 1.62000000e-01, 0. ]
CalibrationFrameExtRotation: !!opencv-matrix
   rows: 3
   cols: 1
   dt: d
   data: [ -1.9136135213354433e+00, -2.2738613987586489e+00,
       -5.6507372267427969e-01 ]
CalibrationFrameExtTranslation: !!opencv-matrix
   rows: 3
   cols: 1
   dt: d
   data: [ -1.1157348025179648e-01, -2.4793968610173100e-01,
       8.3685551544536785e-01 ]
CalibrationFrameRMSerror: 3.1982639431953430e-01
