%YAML:1.0
---
CalibrationFramePatternImage: [ 4.64362732e+02, 2.07235825e+02,
    4.80273651e+02, 2.01429428e+02, 4.95735168e+02, 1.95973755e+02,
    5.11059570e+02, 1.90373566e+02, 5.26274292e+02, 1.84930771e+02,
    5.41048889e+02, 1.79606766e+02, 5.55670044e+02, 1.74332550e+02,
    4.71600769e+02, 2.24501160e+02, 4.87471558e+02, 2.18497849e+02,
    5.03072662e+02, 2.12776230e+02, 5.18382263e+02, 2.06920792e+02,
    5.33403870e+02, 2.01451019e+02, 5.48534424e+02, 1.95770508e+02,
    5.62956726e+02, 1.90582886e+02, 4.79181671e+02, 2.41578995e+02,
    4.94798584e+02, 2.35496567e+02, 5.10419464e+02, 2.29421860e+02,
    5.25523438e+02, 2.23664658e+02, 5.40732544e+02, 2.17694168e+02,
    5.55706360e+02, 2.12224594e+02, 5.70323242e+02, 2.06492065e+02,
    4.86438232e+02, 2.58607391e+02, 5.02256195e+02, 2.52418640e+02,
    5.17599121e+02, 2.46337936e+02, 5.33046997e+02, 2.40189896e+02,
    5.48204956e+02, 2.34294266e+02, 5.63312256e+02, 2.28308350e+02,
    5.77795654e+02, 2.22500488e+02, 4.93802948e+02, 2.75864655e+02,
    5.09558838e+02, 2.69617035e+02, 5.25349365e+02, 2.63167755e+02,
    5.40506836e+02, 2.57082489e+02, 5.55518494e+02, 2.50988449e+02,
    5.70689453e+02, 2.44724762e+02, 5.85112671e+02, 2.38845490e+02 ]
CalibrationFramePatternWorld: [ 0., 0., 0., 0., 2.70000007e-02, 0., 0.,
    5.40000014e-02, 0., 0., 8.10000002e-02, 0., 0., 1.08000003e-01, 0.,
    0., 1.35000005e-01, 0., 0., 1.62000000e-01, 0., 2.70000007e-02, 0.,
    0., 2.70000007e-02, 2.70000007e-02, 0., 2.70000007e-02,
    5.40000014e-02, 0., 2.70000007e-02, 8.10000002e-02, 0.,
    2.70000007e-02, 1.08000003e-01, 0., 2.70000007e-02, 1.35000005e-01,
    0., 2.70000007e-02, 1.62000000e-01, 0., 5.40000014e-02, 0., 0.,
    5.40000014e-02, 2.70000007e-02, 0., 5.40000014e-02, 5.40000014e-02,
    0., 5.40000014e-02, 8.10000002e-02, 0., 5.40000014e-02,
    1.08000003e-01, 0., 5.40000014e-02, 1.35000005e-01, 0.,
    5.40000014e-02, 1.62000000e-01, 0., 8.10000002e-02, 0., 0.,
    8.10000002e-02, 2.70000007e-02, 0., 8.10000002e-02, 5.40000014e-02,
    0., 8.10000002e-02, 8.10000002e-02, 0., 8.10000002e-02,
    1.08000003e-01, 0., 8.10000002e-02, 1.35000005e-01, 0.,
    8.10000002e-02, 1.62000000e-01, 0., 1.08000003e-01, 0., 0.,
    1.08000003e-01, 2.70000007e-02, 0., 1.08000003e-01, 5.40000014e-02,
    0., 1.08000003e-01, 8.10000002e-02, 0., 1.08000003e-01,
    1.08000003e-01, 0., 1.08000003e-01, 1.35000005e-01, 0.,
    1.08000003e-01, 1.62000000e-01, 0. ]
CalibrationFrameExtRotation: !!opencv-matrix
   rows: 3
   cols: 1
   dt: d
   data: [ 2.3592070942834757e+00, 1.6435974858547227e+00,
       2.0653505635230947e-02 ]
CalibrationFrameExtTranslation: !!opencv-matrix
   rows: 3
   cols: 1
   dt: d
   data: [ 2.1811000505419151e-01, -3.5289261338510070e-02,
       8.3852436256201734e-01 ]
CalibrationFrameRMSerror: 1.7740036547183990e-01
