%YAML:1.0
---
CalibrationFramePatternImage: [ 8.66078415e+01, 1.82104645e+02,
    1.43368179e+02, 1.77043900e+02, 1.95351837e+02, 1.72397430e+02,
    2.43157410e+02, 1.68026596e+02, 2.87184265e+02, 1.64006577e+02,
    3.27659058e+02, 1.60541031e+02, 3.65273560e+02, 1.57005600e+02,
    9.51799622e+01, 2.37315506e+02, 1.51459793e+02, 2.29504196e+02,
    2.02766052e+02, 2.22452621e+02, 2.49671478e+02, 2.16090851e+02,
    2.93147614e+02, 2.10140671e+02, 3.33056183e+02, 2.04632263e+02,
    3.70085449e+02, 1.99588837e+02, 1.03881035e+02, 2.91246552e+02,
    1.59359375e+02, 2.80833374e+02, 2.10057312e+02, 2.71580933e+02,
    2.56468903e+02, 2.63057129e+02, 2.99279877e+02, 2.55384079e+02,
    3.38836029e+02, 2.47842880e+02, 3.75434998e+02, 2.41581573e+02,
    1.13092621e+02, 3.44328705e+02, 1.67646744e+02, 3.31417236e+02,
    2.17490494e+02, 3.20110229e+02, 2.63235077e+02, 3.09420105e+02,
    3.05495087e+02, 3.00111084e+02, 3.44882355e+02, 2.91091003e+02,
    3.81527740e+02, 2.82759216e+02, 1.21948807e+02, 3.96871124e+02,
    1.75881088e+02, 3.81775848e+02, 2.25404572e+02, 3.67969055e+02,
    2.70605194e+02, 3.55397888e+02, 3.12390991e+02, 3.43968628e+02,
    3.51139954e+02, 3.33779205e+02, 3.87380280e+02, 3.23996124e+02 ]
CalibrationFramePatternWorld: [ 0., 0., 0., 0., 2.70000007e-02, 0., 0.,
    5.40000014e-02, 0., 0., 8.10000002e-02, 0., 0., 1.08000003e-01, 0.,
    0., 1.35000005e-01, 0., 0., 1.62000000e-01, 0., 2.70000007e-02, 0.,
    0., 2.70000007e-02, 2.70000007e-02, 0., 2.70000007e-02,
    5.40000014e-02, 0., 2.70000007e-02, 8.10000002e-02, 0.,
    2.70000007e-02, 1.08000003e-01, 0., 2.70000007e-02, 1.35000005e-01,
    0., 2.70000007e-02, 1.62000000e-01, 0., 5.40000014e-02, 0., 0.,
    5.40000014e-02, 2.70000007e-02, 0., 5.40000014e-02, 5.40000014e-02,
    0., 5.40000014e-02, 8.10000002e-02, 0., 5.40000014e-02,
    1.08000003e-01, 0., 5.40000014e-02, 1.35000005e-01, 0.,
    5.40000014e-02, 1.62000000e-01, 0., 8.10000002e-02, 0., 0.,
    8.10000002e-02, 2.70000007e-02, 0., 8.10000002e-02, 5.40000014e-02,
    0., 8.10000002e-02, 8.10000002e-02, 0., 8.10000002e-02,
    1.08000003e-01, 0., 8.10000002e-02, 1.35000005e-01, 0.,
    8.10000002e-02, 1.62000000e-01, 0., 1.08000003e-01, 0., 0.,
    1.08000003e-01, 2.70000007e-02, 0., 1.08000003e-01, 5.40000014e-02,
    0., 1.08000003e-01, 8.10000002e-02, 0., 1.08000003e-01,
    1.08000003e-01, 0., 1.08000003e-01, 1.35000005e-01, 0.,
    1.08000003e-01, 1.62000000e-01, 0. ]
CalibrationFrameExtRotation: !!opencv-matrix
   rows: 3
   cols: 1
   dt: d
   data: [ 2.0963661904727631e+00, 1.8033776907048311e+00,
       5.0893375893653736e-01 ]
CalibrationFrameExtTranslation: !!opencv-matrix
   rows: 3
   cols: 1
   dt: d
   data: [ -1.1026225954728928e-01, -2.3787788067589462e-02,
       2.8178533097943997e-01 ]
CalibrationFrameRMSerror: 5.5963152647018433e-01
