%YAML:1.0
---
FrameWidth: 640
FrameHeight: 480
FramesInCalibration: 20
CameraMatrix: !!opencv-matrix
   rows: 3
   cols: 3
   dt: d
   data: [ 7.9013803406120633e+02, 0., 3.0254628642749577e+02, 0.,
       7.7934228776974305e+02, 2.4342800143952178e+02, 0., 0., 1. ]
DistortionCoefficients: !!opencv-matrix
   rows: 1
   cols: 5
   dt: d
   data: [ -3.2239430169417793e-01, 2.3930779721398268e-01,
       -3.0921798433514260e-03, -1.0185404882324425e-04,
       -3.8795604330729244e-01 ]
CalibrationRMSerror: 2.1546696126461029e-01
CalibrationReprojectionError: 2.1546684205532074e-01
CalibrationColinearityErrorOld: 4.2997269630432129e+00
CalibrationColinearityErrorNew: 4.2982845306396484e+00
