%YAML:1.0
---
CalibrationFramePatternImage: [ 1.56582520e+02, 2.16555832e+02,
    1.79117599e+02, 2.15091949e+02, 2.01312225e+02, 2.13671951e+02,
    2.22559814e+02, 2.12141556e+02, 2.43511307e+02, 2.10949158e+02,
    1.59126389e+02, 2.37447083e+02, 1.82141647e+02, 2.35663269e+02,
    2.04373337e+02, 2.33815994e+02, 2.25664810e+02, 2.32144440e+02,
    2.46708221e+02, 2.30288086e+02, 1.61964478e+02, 2.58930450e+02,
    1.85036057e+02, 2.56550476e+02, 2.07556992e+02, 2.54452499e+02,
    2.29223938e+02, 2.52287689e+02, 2.50389053e+02, 2.50293671e+02,
    1.64980255e+02, 2.81222473e+02, 1.88170563e+02, 2.78623047e+02,
    2.10599670e+02, 2.75751404e+02, 2.32545990e+02, 2.73352753e+02,
    2.53808136e+02, 2.70763031e+02 ]
CalibrationFramePatternWorld: [ 0., 0., 0., 0., 4.43000011e-02, 0., 0.,
    8.86000022e-02, 0., 0., 1.32900000e-01, 0., 0., 1.77200004e-01, 0.,
    4.43000011e-02, 0., 0., 4.43000011e-02, 4.43000011e-02, 0.,
    4.43000011e-02, 8.86000022e-02, 0., 4.43000011e-02, 1.32900000e-01,
    0., 4.43000011e-02, 1.77200004e-01, 0., 8.86000022e-02, 0., 0.,
    8.86000022e-02, 4.43000011e-02, 0., 8.86000022e-02, 8.86000022e-02,
    0., 8.86000022e-02, 1.32900000e-01, 0., 8.86000022e-02,
    1.77200004e-01, 0., 1.32900000e-01, 0., 0., 1.32900000e-01,
    4.43000011e-02, 0., 1.32900000e-01, 8.86000022e-02, 0.,
    1.32900000e-01, 1.32900000e-01, 0., 1.32900000e-01, 1.77200004e-01,
    0. ]
CalibrationFrameExtRotation: !!opencv-matrix
   rows: 3
   cols: 1
   dt: d
   data: [ 1.9842194696241440e+00, 1.6828924674977777e+00,
       9.0604943755588557e-02 ]
CalibrationFrameExtTranslation: !!opencv-matrix
   rows: 3
   cols: 1
   dt: d
   data: [ -4.1934065291910660e-01, -2.4030236817330089e-02,
       1.1620577982038296e+00 ]
CalibrationFrameRMSerror: 1.8423344194889069e-01
