%YAML:1.0
---
CalibrationFramePatternImage: [ 1.04215752e+02, 3.00244873e+02,
    1.31487961e+02, 3.01287964e+02, 1.58694534e+02, 3.02208466e+02,
    1.86280579e+02, 3.02897858e+02, 2.13543716e+02, 3.03764252e+02,
    9.97452621e+01, 3.27299316e+02, 1.27384491e+02, 3.28353149e+02,
    1.55312531e+02, 3.29325684e+02, 1.83056824e+02, 3.30397736e+02,
    2.10790985e+02, 3.31400452e+02, 9.55161819e+01, 3.55097076e+02,
    1.23400314e+02, 3.56083862e+02, 1.51517883e+02, 3.57073090e+02,
    1.79621841e+02, 3.58442505e+02, 2.08097763e+02, 3.59568390e+02,
    9.14257202e+01, 3.83539642e+02, 1.19540054e+02, 3.84870270e+02,
    1.47871445e+02, 3.86109741e+02, 1.76179749e+02, 3.87489380e+02,
    2.04800919e+02, 3.88817108e+02 ]
CalibrationFramePatternWorld: [ 0., 0., 0., 0., 4.43000011e-02, 0., 0.,
    8.86000022e-02, 0., 0., 1.32900000e-01, 0., 0., 1.77200004e-01, 0.,
    4.43000011e-02, 0., 0., 4.43000011e-02, 4.43000011e-02, 0.,
    4.43000011e-02, 8.86000022e-02, 0., 4.43000011e-02, 1.32900000e-01,
    0., 4.43000011e-02, 1.77200004e-01, 0., 8.86000022e-02, 0., 0.,
    8.86000022e-02, 4.43000011e-02, 0., 8.86000022e-02, 8.86000022e-02,
    0., 8.86000022e-02, 1.32900000e-01, 0., 8.86000022e-02,
    1.77200004e-01, 0., 1.32900000e-01, 0., 0., 1.32900000e-01,
    4.43000011e-02, 0., 1.32900000e-01, 8.86000022e-02, 0.,
    1.32900000e-01, 1.32900000e-01, 0., 1.32900000e-01, 1.77200004e-01,
    0. ]
CalibrationFrameExtRotation: !!opencv-matrix
   rows: 3
   cols: 1
   dt: d
   data: [ 1.9585474861085510e+00, 2.0107556655564940e+00,
       -3.0126629689782891e-01 ]
CalibrationFrameExtTranslation: !!opencv-matrix
   rows: 3
   cols: 1
   dt: d
   data: [ -4.2623298750113003e-01, 1.1490933431054232e-01,
       9.3859887801643327e-01 ]
CalibrationFrameRMSerror: 2.8803679347038269e-01
