%YAML:1.0
---
CalibrationFramePatternImage: [ 1.39887634e+02, 3.62725647e+02,
    1.59494888e+02, 3.60880219e+02, 1.79127258e+02, 3.58966766e+02,
    1.99126495e+02, 3.57210541e+02, 2.19020782e+02, 3.55074982e+02,
    1.40646317e+02, 3.83634705e+02, 1.60604462e+02, 3.81864441e+02,
    1.80407608e+02, 3.79984222e+02, 2.00286636e+02, 3.78372711e+02,
    2.20779312e+02, 3.76430298e+02, 1.42197357e+02, 4.04707275e+02,
    1.61781219e+02, 4.03277008e+02, 1.81729858e+02, 4.01389191e+02,
    2.01775116e+02, 3.99607117e+02, 2.22297867e+02, 3.97788116e+02,
    1.43826584e+02, 4.25962433e+02, 1.63500000e+02, 4.24579987e+02,
    1.83363800e+02, 4.22852051e+02, 2.03235779e+02, 4.21415527e+02,
    2.23859879e+02, 4.19747620e+02 ]
CalibrationFramePatternWorld: [ 0., 0., 0., 0., 4.43000011e-02, 0., 0.,
    8.86000022e-02, 0., 0., 1.32900000e-01, 0., 0., 1.77200004e-01, 0.,
    4.43000011e-02, 0., 0., 4.43000011e-02, 4.43000011e-02, 0.,
    4.43000011e-02, 8.86000022e-02, 0., 4.43000011e-02, 1.32900000e-01,
    0., 4.43000011e-02, 1.77200004e-01, 0., 8.86000022e-02, 0., 0.,
    8.86000022e-02, 4.43000011e-02, 0., 8.86000022e-02, 8.86000022e-02,
    0., 8.86000022e-02, 1.32900000e-01, 0., 8.86000022e-02,
    1.77200004e-01, 0., 1.32900000e-01, 0., 0., 1.32900000e-01,
    4.43000011e-02, 0., 1.32900000e-01, 8.86000022e-02, 0.,
    1.32900000e-01, 1.32900000e-01, 0., 1.32900000e-01, 1.77200004e-01,
    0. ]
CalibrationFrameExtRotation: !!opencv-matrix
   rows: 3
   cols: 1
   dt: d
   data: [ -2.3879367172848966e+00, -2.1471959198692558e+00,
       2.1889367482104016e-01 ]
CalibrationFrameExtTranslation: !!opencv-matrix
   rows: 3
   cols: 1
   dt: d
   data: [ -4.9237586595948535e-01, 2.8783868432889304e-01,
       1.2545315793289906e+00 ]
CalibrationFrameRMSerror: 1.7764389514923096e-01
