%YAML:1.0
---
CalibrationFramePatternImage: [ 5.18993713e+02, 3.45904663e+02,
    5.42026306e+02, 3.48072693e+02, 5.65515808e+02, 3.50251740e+02,
    5.89834412e+02, 3.52127228e+02, 6.14605713e+02, 3.54308960e+02,
    5.18351013e+02, 3.67722229e+02, 5.41250793e+02, 3.69995361e+02,
    5.64984802e+02, 3.72351562e+02, 5.89099915e+02, 3.74759125e+02,
    6.14009888e+02, 3.77165253e+02, 5.17436157e+02, 3.89208130e+02,
    5.40556885e+02, 3.91863342e+02, 5.64297241e+02, 3.94566833e+02,
    5.88445923e+02, 3.97191010e+02, 6.13245972e+02, 3.99968994e+02,
    5.16887024e+02, 4.10882172e+02, 5.39953247e+02, 4.13714172e+02,
    5.63509216e+02, 4.16770416e+02, 5.87689392e+02, 4.19838104e+02,
    6.12485046e+02, 4.22813385e+02 ]
CalibrationFramePatternWorld: [ 0., 0., 0., 0., 4.43000011e-02, 0., 0.,
    8.86000022e-02, 0., 0., 1.32900000e-01, 0., 0., 1.77200004e-01, 0.,
    4.43000011e-02, 0., 0., 4.43000011e-02, 4.43000011e-02, 0.,
    4.43000011e-02, 8.86000022e-02, 0., 4.43000011e-02, 1.32900000e-01,
    0., 4.43000011e-02, 1.77200004e-01, 0., 8.86000022e-02, 0., 0.,
    8.86000022e-02, 4.43000011e-02, 0., 8.86000022e-02, 8.86000022e-02,
    0., 8.86000022e-02, 1.32900000e-01, 0., 8.86000022e-02,
    1.77200004e-01, 0., 1.32900000e-01, 0., 0., 1.32900000e-01,
    4.43000011e-02, 0., 1.32900000e-01, 8.86000022e-02, 0.,
    1.32900000e-01, 1.32900000e-01, 0., 1.32900000e-01, 1.77200004e-01,
    0. ]
CalibrationFrameExtRotation: !!opencv-matrix
   rows: 3
   cols: 1
   dt: d
   data: [ -2.0408220548025922e+00, -2.1294799146922858e+00,
       3.4128467247206362e-01 ]
CalibrationFrameExtTranslation: !!opencv-matrix
   rows: 3
   cols: 1
   dt: d
   data: [ 3.1011836249151914e-01, 2.3964390073066574e-01,
       1.2286374294797056e+00 ]
CalibrationFrameRMSerror: 1.4012707769870758e-01
