%YAML:1.0
---
CalibrationFramePatternImage: [ 9.65646744e+01, 9.40908356e+01,
    1.71368271e+02, 8.92418976e+01, 2.41870834e+02, 8.50111237e+01,
    3.08076202e+02, 8.08065186e+01, 3.70909912e+02, 7.65662537e+01,
    1.06909531e+02, 1.68109589e+02, 1.81582474e+02, 1.60392349e+02,
    2.51673264e+02, 1.53576355e+02, 3.17205139e+02, 1.47097382e+02,
    3.79533508e+02, 1.40778885e+02, 1.18097443e+02, 2.41368011e+02,
    1.91916397e+02, 2.31444077e+02, 2.61941772e+02, 2.21763367e+02,
    3.27424805e+02, 2.12909912e+02, 3.89048798e+02, 2.04634384e+02,
    1.30214325e+02, 3.15505188e+02, 2.03649292e+02, 3.02522583e+02,
    2.72650238e+02, 2.90456696e+02, 3.37671417e+02, 2.79168304e+02,
    3.99216217e+02, 2.68779938e+02 ]
CalibrationFramePatternWorld: [ 0., 0., 0., 0., 4.43000011e-02, 0., 0.,
    8.86000022e-02, 0., 0., 1.32900000e-01, 0., 0., 1.77200004e-01, 0.,
    4.43000011e-02, 0., 0., 4.43000011e-02, 4.43000011e-02, 0.,
    4.43000011e-02, 8.86000022e-02, 0., 4.43000011e-02, 1.32900000e-01,
    0., 4.43000011e-02, 1.77200004e-01, 0., 8.86000022e-02, 0., 0.,
    8.86000022e-02, 4.43000011e-02, 0., 8.86000022e-02, 8.86000022e-02,
    0., 8.86000022e-02, 1.32900000e-01, 0., 8.86000022e-02,
    1.77200004e-01, 0., 1.32900000e-01, 0., 0., 1.32900000e-01,
    4.43000011e-02, 0., 1.32900000e-01, 8.86000022e-02, 0.,
    1.32900000e-01, 1.32900000e-01, 0., 1.32900000e-01, 1.77200004e-01,
    0. ]
CalibrationFrameExtRotation: !!opencv-matrix
   rows: 3
   cols: 1
   dt: d
   data: [ 2.1690155600788175e+00, 1.8658913616275452e+00,
       3.1711279585536384e-01 ]
CalibrationFrameExtTranslation: !!opencv-matrix
   rows: 3
   cols: 1
   dt: d
   data: [ -1.6291024226751039e-01, -7.9718101841475597e-02,
       3.4861451422788570e-01 ]
CalibrationFrameRMSerror: 5.3414225578308105e-01
