%YAML:1.0
---
CalibrationFramePatternImage: [ 4.23268982e+02, 1.39808823e+02,
    4.48993500e+02, 1.46535828e+02, 4.74948761e+02, 1.53353943e+02,
    5.01466888e+02, 1.60548019e+02, 5.28493408e+02, 1.67766998e+02,
    4.15939850e+02, 1.64821976e+02, 4.41133209e+02, 1.71775543e+02,
    4.67005310e+02, 1.78994675e+02, 4.93309082e+02, 1.86311966e+02,
    5.20160156e+02, 1.93905487e+02, 4.08491577e+02, 1.89533081e+02,
    4.33406128e+02, 1.96870041e+02, 4.59092712e+02, 2.04240005e+02,
    4.85142700e+02, 2.11806473e+02, 5.11569733e+02, 2.19652496e+02,
    4.01083649e+02, 2.14317490e+02, 4.25945679e+02, 2.21699753e+02,
    4.50997498e+02, 2.29396881e+02, 4.76820099e+02, 2.37075256e+02, 503.,
    2.45052444e+02 ]
CalibrationFramePatternWorld: [ 0., 0., 0., 0., 4.43000011e-02, 0., 0.,
    8.86000022e-02, 0., 0., 1.32900000e-01, 0., 0., 1.77200004e-01, 0.,
    4.43000011e-02, 0., 0., 4.43000011e-02, 4.43000011e-02, 0.,
    4.43000011e-02, 8.86000022e-02, 0., 4.43000011e-02, 1.32900000e-01,
    0., 4.43000011e-02, 1.77200004e-01, 0., 8.86000022e-02, 0., 0.,
    8.86000022e-02, 4.43000011e-02, 0., 8.86000022e-02, 8.86000022e-02,
    0., 8.86000022e-02, 1.32900000e-01, 0., 8.86000022e-02,
    1.77200004e-01, 0., 1.32900000e-01, 0., 0., 1.32900000e-01,
    4.43000011e-02, 0., 1.32900000e-01, 8.86000022e-02, 0.,
    1.32900000e-01, 1.32900000e-01, 0., 1.32900000e-01, 1.77200004e-01,
    0. ]
CalibrationFrameExtRotation: !!opencv-matrix
   rows: 3
   cols: 1
   dt: d
   data: [ -1.7495716016212624e+00, -2.3477053905999590e+00,
       7.1780003492095512e-02 ]
CalibrationFrameExtTranslation: !!opencv-matrix
   rows: 3
   cols: 1
   dt: d
   data: [ 9.6404769365479523e-02, -1.5186055375334084e-01,
       1.0106093512362990e+00 ]
CalibrationFrameRMSerror: 2.4152873456478119e-01
