%YAML:1.0
---
CalibrationFramePatternImage: [ 2.53122696e+02, 3.19920258e+02,
    2.72134857e+02, 3.17532898e+02, 2.90614929e+02, 3.15417236e+02,
    3.08818512e+02, 3.13206421e+02, 3.26869965e+02, 3.10716309e+02,
    2.53890335e+02, 3.38634094e+02, 2.72651062e+02, 3.36395752e+02,
    2.91407532e+02, 3.33599518e+02, 3.09414886e+02, 3.31007080e+02,
    3.27449646e+02, 3.28611511e+02, 2.54527679e+02, 3.57240692e+02,
    2.73572601e+02, 3.54587677e+02, 2.92017731e+02, 3.51652496e+02,
    3.10089294e+02, 3.48967285e+02, 3.27804718e+02, 3.46200256e+02,
    2.55500000e+02, 3.75336853e+02, 2.74235870e+02, 3.72078217e+02,
    2.92480103e+02, 3.69318420e+02, 3.10589264e+02, 3.66288391e+02,
    3.28097504e+02, 3.63776031e+02 ]
CalibrationFramePatternWorld: [ 0., 0., 0., 0., 4.43000011e-02, 0., 0.,
    8.86000022e-02, 0., 0., 1.32900000e-01, 0., 0., 1.77200004e-01, 0.,
    4.43000011e-02, 0., 0., 4.43000011e-02, 4.43000011e-02, 0.,
    4.43000011e-02, 8.86000022e-02, 0., 4.43000011e-02, 1.32900000e-01,
    0., 4.43000011e-02, 1.77200004e-01, 0., 8.86000022e-02, 0., 0.,
    8.86000022e-02, 4.43000011e-02, 0., 8.86000022e-02, 8.86000022e-02,
    0., 8.86000022e-02, 1.32900000e-01, 0., 8.86000022e-02,
    1.77200004e-01, 0., 1.32900000e-01, 0., 0., 1.32900000e-01,
    4.43000011e-02, 0., 1.32900000e-01, 8.86000022e-02, 0.,
    1.32900000e-01, 1.32900000e-01, 0., 1.32900000e-01, 1.77200004e-01,
    0. ]
CalibrationFrameExtRotation: !!opencv-matrix
   rows: 3
   cols: 1
   dt: d
   data: [ 2.1162493160326892e+00, 2.0349819174378236e+00,
       6.0640354498543947e-01 ]
CalibrationFrameExtTranslation: !!opencv-matrix
   rows: 3
   cols: 1
   dt: d
   data: [ -2.5765196856681311e-01, 2.0551875555419055e-01,
       1.3262271155100815e+00 ]
CalibrationFrameRMSerror: 1.7856444418430328e-01
