%YAML:1.0
---
CalibrationFramePatternImage: [ 2.56332031e+02, 1.86461243e+02,
    2.74239502e+02, 1.88940735e+02, 2.92087524e+02, 1.91384888e+02,
    3.09648224e+02, 1.93993851e+02, 3.27617035e+02, 1.96361710e+02,
    2.53236404e+02, 2.02950348e+02, 2.71292999e+02, 2.05481613e+02,
    2.89239502e+02, 2.08059265e+02, 3.07317291e+02, 2.10796295e+02,
    3.25300964e+02, 2.13140289e+02, 2.49880875e+02, 2.20079041e+02,
    2.68200714e+02, 2.22543610e+02, 2.86378265e+02, 225., 3.04485687e+02,
    2.27720505e+02, 3.22540527e+02, 2.30395264e+02, 2.46685562e+02,
    2.37500000e+02, 2.65131378e+02, 2.40064056e+02, 2.83512909e+02,
    2.42631882e+02, 3.01523346e+02, 2.45460007e+02, 3.19926666e+02,
    2.48178894e+02 ]
CalibrationFramePatternWorld: [ 0., 0., 0., 0., 4.43000011e-02, 0., 0.,
    8.86000022e-02, 0., 0., 1.32900000e-01, 0., 0., 1.77200004e-01, 0.,
    4.43000011e-02, 0., 0., 4.43000011e-02, 4.43000011e-02, 0.,
    4.43000011e-02, 8.86000022e-02, 0., 4.43000011e-02, 1.32900000e-01,
    0., 4.43000011e-02, 1.77200004e-01, 0., 8.86000022e-02, 0., 0.,
    8.86000022e-02, 4.43000011e-02, 0., 8.86000022e-02, 8.86000022e-02,
    0., 8.86000022e-02, 1.32900000e-01, 0., 8.86000022e-02,
    1.77200004e-01, 0., 1.32900000e-01, 0., 0., 1.32900000e-01,
    4.43000011e-02, 0., 1.32900000e-01, 8.86000022e-02, 0.,
    1.32900000e-01, 1.32900000e-01, 0., 1.32900000e-01, 1.77200004e-01,
    0. ]
CalibrationFrameExtRotation: !!opencv-matrix
   rows: 3
   cols: 1
   dt: d
   data: [ 1.8794513494553666e+00, 2.1448536596694887e+00,
       -2.6204806479251980e-01 ]
CalibrationFrameExtTranslation: !!opencv-matrix
   rows: 3
   cols: 1
   dt: d
   data: [ -2.7069378336430938e-01, -1.0464963355009586e-01,
       1.4430005795140795e+00 ]
CalibrationFrameRMSerror: 1.6705444455146790e-01
