%YAML:1.0
---
CalibrationFramePatternImage: [ 1.86850098e+02, 1.17202980e+02,
    2.07723969e+02, 1.16682907e+02, 2.27970413e+02, 1.16162720e+02,
    2.48046463e+02, 1.15668686e+02, 2.67798340e+02, 1.15200615e+02,
    1.88316162e+02, 1.37448486e+02, 2.08873260e+02, 1.36717560e+02,
    2.28988922e+02, 1.36002014e+02, 2.48500000e+02, 1.34917725e+02,
    2.68082275e+02, 1.34417725e+02, 1.89677673e+02, 1.56934937e+02,
    2.09953125e+02, 1.55710419e+02, 2.29917999e+02, 1.54931839e+02,
    2.49098480e+02, 1.54232681e+02, 2.68428070e+02, 1.52888123e+02,
    1.91061646e+02, 1.75610245e+02, 2.10998932e+02, 1.74635590e+02,
    2.30517059e+02, 1.73517059e+02, 2.50045746e+02, 1.72539215e+02,
    2.69147125e+02, 1.71399994e+02 ]
CalibrationFramePatternWorld: [ 0., 0., 0., 0., 4.43000011e-02, 0., 0.,
    8.86000022e-02, 0., 0., 1.32900000e-01, 0., 0., 1.77200004e-01, 0.,
    4.43000011e-02, 0., 0., 4.43000011e-02, 4.43000011e-02, 0.,
    4.43000011e-02, 8.86000022e-02, 0., 4.43000011e-02, 1.32900000e-01,
    0., 4.43000011e-02, 1.77200004e-01, 0., 8.86000022e-02, 0., 0.,
    8.86000022e-02, 4.43000011e-02, 0., 8.86000022e-02, 8.86000022e-02,
    0., 8.86000022e-02, 1.32900000e-01, 0., 8.86000022e-02,
    1.77200004e-01, 0., 1.32900000e-01, 0., 0., 1.32900000e-01,
    4.43000011e-02, 0., 1.32900000e-01, 8.86000022e-02, 0.,
    1.32900000e-01, 1.32900000e-01, 0., 1.32900000e-01, 1.77200004e-01,
    0. ]
CalibrationFrameExtRotation: !!opencv-matrix
   rows: 3
   cols: 1
   dt: d
   data: [ -2.0977078006626559e+00, -2.0646697935268183e+00,
       -8.0286083557595000e-01 ]
CalibrationFrameExtTranslation: !!opencv-matrix
   rows: 3
   cols: 1
   dt: d
   data: [ -3.9101594475080576e-01, -2.4011072167332609e-01,
       1.2693937482733300e+00 ]
CalibrationFrameRMSerror: 1.8860638141632080e-01
