%YAML:1.0
---
CalibrationFramePatternImage: [ 4.02980194e+02, 4.73520660e+01,
    4.32335419e+02, 4.01155167e+01, 4.61143677e+02, 3.28297539e+01,
    4.89771973e+02, 2.56267452e+01, 5.17775208e+02, 1.85624905e+01,
    4.11259888e+02, 7.85936432e+01, 4.40385284e+02, 7.11149445e+01,
    4.69168091e+02, 6.36671371e+01, 4.97083679e+02, 5.64084625e+01,
    5.24952393e+02, 4.90787354e+01, 4.18860626e+02, 1.09761948e+02,
    4.48134705e+02, 1.01874588e+02, 4.76730865e+02, 9.42681808e+01,
    5.04804962e+02, 8.67423325e+01, 5.32289734e+02, 7.94911728e+01,
    4.25969788e+02, 1.40590195e+02, 4.55041565e+02, 1.32588409e+02,
    4.83582855e+02, 1.24806190e+02, 5.11719086e+02, 1.17067963e+02,
    5.39449402e+02, 1.09524292e+02 ]
CalibrationFramePatternWorld: [ 0., 0., 0., 0., 4.43000011e-02, 0., 0.,
    8.86000022e-02, 0., 0., 1.32900000e-01, 0., 0., 1.77200004e-01, 0.,
    4.43000011e-02, 0., 0., 4.43000011e-02, 4.43000011e-02, 0.,
    4.43000011e-02, 8.86000022e-02, 0., 4.43000011e-02, 1.32900000e-01,
    0., 4.43000011e-02, 1.77200004e-01, 0., 8.86000022e-02, 0., 0.,
    8.86000022e-02, 4.43000011e-02, 0., 8.86000022e-02, 8.86000022e-02,
    0., 8.86000022e-02, 1.32900000e-01, 0., 8.86000022e-02,
    1.77200004e-01, 0., 1.32900000e-01, 0., 0., 1.32900000e-01,
    4.43000011e-02, 0., 1.32900000e-01, 8.86000022e-02, 0.,
    1.32900000e-01, 1.32900000e-01, 0., 1.32900000e-01, 1.77200004e-01,
    0. ]
CalibrationFrameExtRotation: !!opencv-matrix
   rows: 3
   cols: 1
   dt: d
   data: [ 2.4057346638119248e+00, 1.8117977355079968e+00,
       3.0331676177716177e-01 ]
CalibrationFrameExtTranslation: !!opencv-matrix
   rows: 3
   cols: 1
   dt: d
   data: [ 4.9285404110528182e-02, -2.5254990901717739e-01,
       8.3138421164192200e-01 ]
CalibrationFrameRMSerror: 3.0537521839141846e-01
