%YAML:1.0
---
CalibrationFramePatternImage: [ 3.30770844e+02, 5.79282417e+01,
    3.46687134e+02, 5.45415230e+01, 3.62069489e+02, 5.15217896e+01,
    3.77080292e+02, 4.84489059e+01, 3.91675720e+02, 4.57235146e+01,
    3.34447144e+02, 7.79535446e+01, 3.50157013e+02, 7.43635254e+01,
    3.65357605e+02, 7.10587463e+01, 3.79690277e+02, 6.78648300e+01,
    3.94262299e+02, 6.46079254e+01, 3.37504272e+02, 9.79023209e+01,
    3.53231506e+02, 9.41296997e+01, 3.68357056e+02, 9.02437439e+01,
    3.82716248e+02, 8.65123978e+01, 3.96890808e+02, 8.32787323e+01,
    3.40484497e+02, 1.17080544e+02, 3.55917908e+02, 1.13134331e+02,
    3.70558258e+02, 1.09406502e+02, 3.85126404e+02, 1.05184723e+02,
    3.99260406e+02, 1.01488098e+02 ]
CalibrationFramePatternWorld: [ 0., 0., 0., 0., 4.43000011e-02, 0., 0.,
    8.86000022e-02, 0., 0., 1.32900000e-01, 0., 0., 1.77200004e-01, 0.,
    4.43000011e-02, 0., 0., 4.43000011e-02, 4.43000011e-02, 0.,
    4.43000011e-02, 8.86000022e-02, 0., 4.43000011e-02, 1.32900000e-01,
    0., 4.43000011e-02, 1.77200004e-01, 0., 8.86000022e-02, 0., 0.,
    8.86000022e-02, 4.43000011e-02, 0., 8.86000022e-02, 8.86000022e-02,
    0., 8.86000022e-02, 1.32900000e-01, 0., 8.86000022e-02,
    1.77200004e-01, 0., 1.32900000e-01, 0., 0., 1.32900000e-01,
    4.43000011e-02, 0., 1.32900000e-01, 8.86000022e-02, 0.,
    1.32900000e-01, 1.32900000e-01, 0., 1.32900000e-01, 1.77200004e-01,
    0. ]
CalibrationFrameExtRotation: !!opencv-matrix
   rows: 3
   cols: 1
   dt: d
   data: [ 2.1925256994957891e+00, 1.6756056560788783e+00,
       8.6466732292520954e-01 ]
CalibrationFrameExtTranslation: !!opencv-matrix
   rows: 3
   cols: 1
   dt: d
   data: [ -8.2299584264714953e-02, -3.8439628222775818e-01,
       1.3370713734700177e+00 ]
CalibrationFrameRMSerror: 2.2101996839046478e-01
