%YAML:1.0
---
CalibrationFramePatternImage: [ 3.24030823e+02, 2.12792236e+02,
    3.42500000e+02, 2.13500000e+02, 3.61147125e+02, 2.14544830e+02,
    3.79360443e+02, 2.15265533e+02, 3.97640015e+02, 2.15741104e+02,
    3.23424652e+02, 2.30891556e+02, 3.41634705e+02, 2.32221466e+02,
    3.59905914e+02, 2.32678284e+02, 3.78500000e+02, 2.33417236e+02,
    3.97096710e+02, 2.33921509e+02, 3.22607635e+02, 2.49375000e+02,
    3.40979462e+02, 2.50341324e+02, 3.59448029e+02, 2.50986862e+02,
    3.77631866e+02, 2.51487091e+02, 3.96189148e+02, 2.52322952e+02,
    3.21857941e+02, 2.67743835e+02, 3.40337830e+02, 2.68510651e+02,
    3.58524780e+02, 2.69371613e+02, 3.77042480e+02, 2.69716766e+02,
    3.95476990e+02, 2.70621765e+02 ]
CalibrationFramePatternWorld: [ 0., 0., 0., 0., 4.43000011e-02, 0., 0.,
    8.86000022e-02, 0., 0., 1.32900000e-01, 0., 0., 1.77200004e-01, 0.,
    4.43000011e-02, 0., 0., 4.43000011e-02, 4.43000011e-02, 0.,
    4.43000011e-02, 8.86000022e-02, 0., 4.43000011e-02, 1.32900000e-01,
    0., 4.43000011e-02, 1.77200004e-01, 0., 8.86000022e-02, 0., 0.,
    8.86000022e-02, 4.43000011e-02, 0., 8.86000022e-02, 8.86000022e-02,
    0., 8.86000022e-02, 1.32900000e-01, 0., 8.86000022e-02,
    1.77200004e-01, 0., 1.32900000e-01, 0., 0., 1.32900000e-01,
    4.43000011e-02, 0., 1.32900000e-01, 8.86000022e-02, 0.,
    1.32900000e-01, 1.32900000e-01, 0., 1.32900000e-01, 1.77200004e-01,
    0. ]
CalibrationFrameExtRotation: !!opencv-matrix
   rows: 3
   cols: 1
   dt: d
   data: [ 2.1919426254027532e+00, 2.2844585807106994e+00,
       1.4425562916693260e-01 ]
CalibrationFrameExtTranslation: !!opencv-matrix
   rows: 3
   cols: 1
   dt: d
   data: [ -1.0166931994186584e-01, -3.9052247026320770e-02,
       1.4136404858173688e+00 ]
CalibrationFrameRMSerror: 2.0931956171989441e-01
