%YAML:1.0
---
CalibrationFramePatternImage: [ 1.31639481e+02, 2.84066200e+01,
    1.50821991e+02, 3.24285698e+01, 1.69386673e+02, 3.67939377e+01,
    1.87504044e+02, 4.06770477e+01, 2.05712448e+02, 4.45281677e+01,
    1.28189163e+02, 4.51372566e+01, 1.46964737e+02, 4.93151321e+01,
    1.65939285e+02, 5.33688431e+01, 1.84437958e+02, 5.73077850e+01,
    2.02614578e+02, 6.14652786e+01, 1.24756577e+02, 6.24078941e+01,
    1.43520187e+02, 6.63783188e+01, 1.62278336e+02, 7.04085312e+01,
    1.81053802e+02, 7.41040955e+01, 1.99495819e+02, 7.81744308e+01,
    1.21190788e+02, 8.02006607e+01, 1.40101166e+02, 8.36954193e+01,
    1.59022156e+02, 8.76832809e+01, 1.77909485e+02, 9.15066223e+01,
    1.96381760e+02, 9.52770233e+01 ]
CalibrationFramePatternWorld: [ 0., 0., 0., 0., 4.43000011e-02, 0., 0.,
    8.86000022e-02, 0., 0., 1.32900000e-01, 0., 0., 1.77200004e-01, 0.,
    4.43000011e-02, 0., 0., 4.43000011e-02, 4.43000011e-02, 0.,
    4.43000011e-02, 8.86000022e-02, 0., 4.43000011e-02, 1.32900000e-01,
    0., 4.43000011e-02, 1.77200004e-01, 0., 8.86000022e-02, 0., 0.,
    8.86000022e-02, 4.43000011e-02, 0., 8.86000022e-02, 8.86000022e-02,
    0., 8.86000022e-02, 1.32900000e-01, 0., 8.86000022e-02,
    1.77200004e-01, 0., 1.32900000e-01, 0., 0., 1.32900000e-01,
    4.43000011e-02, 0., 1.32900000e-01, 8.86000022e-02, 0.,
    1.32900000e-01, 1.32900000e-01, 0., 1.32900000e-01, 1.77200004e-01,
    0. ]
CalibrationFrameExtRotation: !!opencv-matrix
   rows: 3
   cols: 1
   dt: d
   data: [ 1.8561165178781172e+00, 2.1232840568885081e+00,
       6.3525906263025456e-02 ]
CalibrationFrameExtTranslation: !!opencv-matrix
   rows: 3
   cols: 1
   dt: d
   data: [ -5.6772363257725356e-01, -4.7668922626117743e-01,
       1.3990299108859092e+00 ]
CalibrationFrameRMSerror: 1.9793449342250824e-01
