%YAML:1.0
---
CalibrationFramePatternImage: [ 2.80563934e+02, 4.25153008e+01,
    3.08021210e+02, 5.24242439e+01, 3.36438568e+02, 6.22561913e+01,
    3.65405762e+02, 7.24217911e+01, 3.95195953e+02, 8.27630615e+01,
    2.66472992e+02, 6.84065399e+01, 2.94059692e+02, 7.85119400e+01,
    3.22546112e+02, 8.92454376e+01, 3.51749268e+02, 1.00161629e+02,
    3.81432709e+02, 1.11051010e+02, 2.52327271e+02, 9.53742447e+01,
    2.80107269e+02, 1.05942528e+02, 3.08346924e+02, 1.16762169e+02,
    3.37776123e+02, 1.28018097e+02, 3.67748962e+02, 1.39851807e+02,
    2.38272415e+02, 1.23120369e+02, 2.66054688e+02, 1.34066101e+02,
    2.94472260e+02, 1.45558411e+02, 3.23575012e+02, 1.57088242e+02,
    3.53289429e+02, 1.69247589e+02 ]
CalibrationFramePatternWorld: [ 0., 0., 0., 0., 4.43000011e-02, 0., 0.,
    8.86000022e-02, 0., 0., 1.32900000e-01, 0., 0., 1.77200004e-01, 0.,
    4.43000011e-02, 0., 0., 4.43000011e-02, 4.43000011e-02, 0.,
    4.43000011e-02, 8.86000022e-02, 0., 4.43000011e-02, 1.32900000e-01,
    0., 4.43000011e-02, 1.77200004e-01, 0., 8.86000022e-02, 0., 0.,
    8.86000022e-02, 4.43000011e-02, 0., 8.86000022e-02, 8.86000022e-02,
    0., 8.86000022e-02, 1.32900000e-01, 0., 8.86000022e-02,
    1.77200004e-01, 0., 1.32900000e-01, 0., 0., 1.32900000e-01,
    4.43000011e-02, 0., 1.32900000e-01, 8.86000022e-02, 0.,
    1.32900000e-01, 1.32900000e-01, 0., 1.32900000e-01, 1.77200004e-01,
    0. ]
CalibrationFrameExtRotation: !!opencv-matrix
   rows: 3
   cols: 1
   dt: d
   data: [ 1.6640208553391791e+00, 2.5445171817484789e+00,
       -4.1979697802234250e-01 ]
CalibrationFrameExtTranslation: !!opencv-matrix
   rows: 3
   cols: 1
   dt: d
   data: [ -1.2325433186411801e-01, -2.6339328664535322e-01,
       8.3750339380581273e-01 ]
CalibrationFrameRMSerror: 2.8245177865028381e-01
