%YAML:1.0
---
CalibrationFramePatternImage: [ 6.21339760e+01, 3.41409424e+02,
    8.07349014e+01, 3.47850098e+02, 9.93203278e+01, 3.54939728e+02,
    1.18141380e+02, 3.61772400e+02, 1.36368835e+02, 3.68497131e+02,
    5.65752106e+01, 3.57766541e+02, 7.52839050e+01, 3.64458618e+02,
    9.39380112e+01, 3.71030396e+02, 1.12426247e+02, 3.77531952e+02,
    1.30590912e+02, 3.84190643e+02, 5.18223839e+01, 3.73328461e+02,
    7.03521271e+01, 3.80030090e+02, 8.84728699e+01, 3.86538757e+02,
    1.06761902e+02, 3.93359650e+02, 125., 3.99469910e+02, 4.73269234e+01,
    3.88658966e+02, 6.53257828e+01, 3.95062897e+02, 8.34404755e+01,
    4.01638885e+02, 1.01443558e+02, 4.08391754e+02, 1.19536003e+02,
    4.14588013e+02 ]
CalibrationFramePatternWorld: [ 0., 0., 0., 0., 4.43000011e-02, 0., 0.,
    8.86000022e-02, 0., 0., 1.32900000e-01, 0., 0., 1.77200004e-01, 0.,
    4.43000011e-02, 0., 0., 4.43000011e-02, 4.43000011e-02, 0.,
    4.43000011e-02, 8.86000022e-02, 0., 4.43000011e-02, 1.32900000e-01,
    0., 4.43000011e-02, 1.77200004e-01, 0., 8.86000022e-02, 0., 0.,
    8.86000022e-02, 4.43000011e-02, 0., 8.86000022e-02, 8.86000022e-02,
    0., 8.86000022e-02, 1.32900000e-01, 0., 8.86000022e-02,
    1.77200004e-01, 0., 1.32900000e-01, 0., 0., 1.32900000e-01,
    4.43000011e-02, 0., 1.32900000e-01, 8.86000022e-02, 0.,
    1.32900000e-01, 1.32900000e-01, 0., 1.32900000e-01, 1.77200004e-01,
    0. ]
CalibrationFrameExtRotation: !!opencv-matrix
   rows: 3
   cols: 1
   dt: d
   data: [ -1.6540566892630060e+00, -2.5491488433395806e+00,
       -4.6075235359878258e-01 ]
CalibrationFrameExtTranslation: !!opencv-matrix
   rows: 3
   cols: 1
   dt: d
   data: [ -6.9359548827054318e-01, 2.5421615015926768e-01,
       1.3020677197104829e+00 ]
CalibrationFrameRMSerror: 2.0232307910919189e-01
