%YAML:1.0
---
CalibrationFramePatternImage: [ 1.86250290e+02, 3.11826996e+02,
    2.03649368e+02, 3.16537476e+02, 2.21550476e+02, 3.21500000e+02,
    2.39462769e+02, 3.26272614e+02, 2.57503876e+02, 3.31377625e+02,
    1.84037308e+02, 3.29544769e+02, 2.01489288e+02, 3.34492859e+02,
    2.19225006e+02, 3.39266663e+02, 2.36881454e+02, 3.44393188e+02,
    2.54959732e+02, 3.49406036e+02, 1.82679688e+02, 3.46881500e+02,
    1.99256805e+02, 3.51706879e+02, 2.16800980e+02, 3.56654449e+02,
    2.34607361e+02, 3.61763947e+02, 2.52567383e+02, 3.66989349e+02,
    1.80854813e+02, 3.63423706e+02, 1.98090683e+02, 3.68564484e+02,
    2.15188675e+02, 3.73971069e+02, 2.32263885e+02, 3.79083344e+02,
    2.50237930e+02, 3.84372406e+02 ]
CalibrationFramePatternWorld: [ 0., 0., 0., 0., 4.43000011e-02, 0., 0.,
    8.86000022e-02, 0., 0., 1.32900000e-01, 0., 0., 1.77200004e-01, 0.,
    4.43000011e-02, 0., 0., 4.43000011e-02, 4.43000011e-02, 0.,
    4.43000011e-02, 8.86000022e-02, 0., 4.43000011e-02, 1.32900000e-01,
    0., 4.43000011e-02, 1.77200004e-01, 0., 8.86000022e-02, 0., 0.,
    8.86000022e-02, 4.43000011e-02, 0., 8.86000022e-02, 8.86000022e-02,
    0., 8.86000022e-02, 1.32900000e-01, 0., 8.86000022e-02,
    1.77200004e-01, 0., 1.32900000e-01, 0., 0., 1.32900000e-01,
    4.43000011e-02, 0., 1.32900000e-01, 8.86000022e-02, 0.,
    1.32900000e-01, 1.32900000e-01, 0., 1.32900000e-01, 1.77200004e-01,
    0. ]
CalibrationFrameExtRotation: !!opencv-matrix
   rows: 3
   cols: 1
   dt: d
   data: [ -1.7987243490723916e+00, -2.2152523073821033e+00,
       -4.8051100505028352e-02 ]
CalibrationFrameExtTranslation: !!opencv-matrix
   rows: 3
   cols: 1
   dt: d
   data: [ -4.1598203115308469e-01, 1.8983951450948020e-01,
       1.3419513518858190e+00 ]
CalibrationFrameRMSerror: 2.2071160376071930e-01
