%YAML:1.0
---
CalibrationFramePatternImage: [ 5.28150940e+02, 1.11242149e+02,
    5.45005981e+02, 1.20255486e+02, 5.61748352e+02, 1.29881287e+02,
    5.79240417e+02, 1.39282562e+02, 5.96946960e+02, 1.48991013e+02,
    5.17792969e+02, 1.27761147e+02, 5.34048218e+02, 1.36986664e+02,
    5.50917969e+02, 1.46457443e+02, 5.68073547e+02, 1.55932358e+02,
    5.85422180e+02, 1.66033432e+02, 5.07929871e+02, 1.43866241e+02,
    5.23780640e+02, 1.53222580e+02, 5.40026855e+02, 1.62892670e+02, 557.,
    1.72468689e+02, 5.74193176e+02, 1.82475479e+02, 4.97858795e+02,
    1.60238419e+02, 5.13869934e+02, 1.69387985e+02, 5.29783752e+02,
    1.78905060e+02, 5.46172913e+02, 1.88597916e+02, 5.63073608e+02,
    1.98857712e+02 ]
CalibrationFramePatternWorld: [ 0., 0., 0., 0., 4.43000011e-02, 0., 0.,
    8.86000022e-02, 0., 0., 1.32900000e-01, 0., 0., 1.77200004e-01, 0.,
    4.43000011e-02, 0., 0., 4.43000011e-02, 4.43000011e-02, 0.,
    4.43000011e-02, 8.86000022e-02, 0., 4.43000011e-02, 1.32900000e-01,
    0., 4.43000011e-02, 1.77200004e-01, 0., 8.86000022e-02, 0., 0.,
    8.86000022e-02, 4.43000011e-02, 0., 8.86000022e-02, 8.86000022e-02,
    0., 8.86000022e-02, 1.32900000e-01, 0., 8.86000022e-02,
    1.77200004e-01, 0., 1.32900000e-01, 0., 0., 1.32900000e-01,
    4.43000011e-02, 0., 1.32900000e-01, 8.86000022e-02, 0.,
    1.32900000e-01, 1.32900000e-01, 0., 1.32900000e-01, 1.77200004e-01,
    0. ]
CalibrationFrameExtRotation: !!opencv-matrix
   rows: 3
   cols: 1
   dt: d
   data: [ -1.2918605848452702e+00, -2.3076242520272943e+00,
       9.3791548007337022e-02 ]
CalibrationFrameExtTranslation: !!opencv-matrix
   rows: 3
   cols: 1
   dt: d
   data: [ 3.7780821448784868e-01, -2.7706989014761396e-01,
       1.4172339521237038e+00 ]
CalibrationFrameRMSerror: 1.8338173627853394e-01
