%YAML:1.0
---
CalibrationFramePatternImage: [ 5.43178833e+02, 2.70712341e+02,
    5.64197937e+02, 2.72238647e+02, 5.85361816e+02, 2.74073456e+02,
    6.06645935e+02, 2.75877472e+02, 6.28710144e+02, 2.77784424e+02,
    5.42037598e+02, 2.89976868e+02, 5.62972290e+02, 2.91978027e+02,
    5.84062195e+02, 2.93738586e+02, 6.05541077e+02, 2.95887085e+02,
    6.27581360e+02, 2.97782410e+02, 5.40597717e+02, 3.09081421e+02,
    5.61598328e+02, 3.11264984e+02, 5.82715881e+02, 3.13565338e+02,
    6.04521912e+02, 3.15757812e+02, 6.26469727e+02, 3.17862701e+02,
    5.39138245e+02, 3.28663727e+02, 5.60089600e+02, 3.30982666e+02,
    5.81352356e+02, 3.33276276e+02, 6.03025818e+02, 3.35854736e+02,
    6.25002563e+02, 3.38137451e+02 ]
CalibrationFramePatternWorld: [ 0., 0., 0., 0., 4.43000011e-02, 0., 0.,
    8.86000022e-02, 0., 0., 1.32900000e-01, 0., 0., 1.77200004e-01, 0.,
    4.43000011e-02, 0., 0., 4.43000011e-02, 4.43000011e-02, 0.,
    4.43000011e-02, 8.86000022e-02, 0., 4.43000011e-02, 1.32900000e-01,
    0., 4.43000011e-02, 1.77200004e-01, 0., 8.86000022e-02, 0., 0.,
    8.86000022e-02, 4.43000011e-02, 0., 8.86000022e-02, 8.86000022e-02,
    0., 8.86000022e-02, 1.32900000e-01, 0., 8.86000022e-02,
    1.77200004e-01, 0., 1.32900000e-01, 0., 0., 1.32900000e-01,
    4.43000011e-02, 0., 1.32900000e-01, 8.86000022e-02, 0.,
    1.32900000e-01, 1.32900000e-01, 0., 1.32900000e-01, 1.77200004e-01,
    0. ]
CalibrationFrameExtRotation: !!opencv-matrix
   rows: 3
   cols: 1
   dt: d
   data: [ -2.0442554521627079e+00, -2.2312383470759349e+00,
       3.6077182264089552e-01 ]
CalibrationFrameExtTranslation: !!opencv-matrix
   rows: 3
   cols: 1
   dt: d
   data: [ 4.0412888847438866e-01, 9.5788555683482865e-02,
       1.3805898719512395e+00 ]
CalibrationFrameRMSerror: 1.4608970284461975e-01
