%YAML:1.0
---
CalibrationFramePatternImage: [ 1.39584183e+02, 9.04906464e+01,
    1.59903412e+02, 8.68051300e+01, 1.79410187e+02, 8.33208466e+01,
    1.98203766e+02, 7.96340256e+01, 2.16478394e+02, 7.64722214e+01,
    1.45554977e+02, 1.12610825e+02, 1.65752457e+02, 1.08470062e+02,
    1.84847427e+02, 1.04301262e+02, 2.03282516e+02, 1.00631096e+02,
    2.20938629e+02, 9.67164001e+01, 1.51280884e+02, 1.34299561e+02,
    1.71016571e+02, 1.29593918e+02, 1.90154755e+02, 1.25089287e+02,
    2.08322815e+02, 1.20909569e+02, 2.25575348e+02, 1.16569633e+02,
    1.56705200e+02, 1.55505371e+02, 1.75983856e+02, 1.50485275e+02,
    1.94551865e+02, 1.45730118e+02, 2.12826416e+02, 1.40822159e+02,
    2.30027023e+02, 1.36694824e+02 ]
CalibrationFramePatternWorld: [ 0., 0., 0., 0., 4.43000011e-02, 0., 0.,
    8.86000022e-02, 0., 0., 1.32900000e-01, 0., 0., 1.77200004e-01, 0.,
    4.43000011e-02, 0., 0., 4.43000011e-02, 4.43000011e-02, 0.,
    4.43000011e-02, 8.86000022e-02, 0., 4.43000011e-02, 1.32900000e-01,
    0., 4.43000011e-02, 1.77200004e-01, 0., 8.86000022e-02, 0., 0.,
    8.86000022e-02, 4.43000011e-02, 0., 8.86000022e-02, 8.86000022e-02,
    0., 8.86000022e-02, 1.32900000e-01, 0., 8.86000022e-02,
    1.77200004e-01, 0., 1.32900000e-01, 0., 0., 1.32900000e-01,
    4.43000011e-02, 0., 1.32900000e-01, 8.86000022e-02, 0.,
    1.32900000e-01, 1.32900000e-01, 0., 1.32900000e-01, 1.77200004e-01,
    0. ]
CalibrationFrameExtRotation: !!opencv-matrix
   rows: 3
   cols: 1
   dt: d
   data: [ 2.1294573875597202e+00, 1.6079117223688764e+00,
       8.9488649770398643e-01 ]
CalibrationFrameExtTranslation: !!opencv-matrix
   rows: 3
   cols: 1
   dt: d
   data: [ -4.6266512879083782e-01, -2.7805275328374635e-01,
       1.1844655640549568e+00 ]
CalibrationFrameRMSerror: 2.1977226436138153e-01
