%YAML:1.0
---
CalibrationFramePatternImage: [ 3.25807831e+02, 2.73996857e+02,
    3.47585327e+02, 2.67500000e+02, 3.69128510e+02, 2.60950928e+02,
    3.90857147e+02, 2.54388214e+02, 4.12262695e+02, 2.47971436e+02,
    3.32148590e+02, 2.95234283e+02, 3.54068817e+02, 2.88862396e+02,
    3.75855377e+02, 2.82193359e+02, 3.97501190e+02, 2.75730011e+02,
    4.19621124e+02, 2.69330902e+02, 3.38790222e+02, 3.17631592e+02,
    3.60710663e+02, 3.10719147e+02, 3.82760620e+02, 3.03915924e+02,
    4.04773193e+02, 2.97134857e+02, 4.26536682e+02, 2.90726288e+02,
    3.45428680e+02, 3.39808563e+02, 3.67471375e+02, 3.32962555e+02,
    3.89799377e+02, 3.25978638e+02, 4.11944458e+02, 3.19080750e+02,
    4.33988953e+02, 3.12449127e+02 ]
CalibrationFramePatternWorld: [ 0., 0., 0., 0., 4.43000011e-02, 0., 0.,
    8.86000022e-02, 0., 0., 1.32900000e-01, 0., 0., 1.77200004e-01, 0.,
    4.43000011e-02, 0., 0., 4.43000011e-02, 4.43000011e-02, 0.,
    4.43000011e-02, 8.86000022e-02, 0., 4.43000011e-02, 1.32900000e-01,
    0., 4.43000011e-02, 1.77200004e-01, 0., 8.86000022e-02, 0., 0.,
    8.86000022e-02, 4.43000011e-02, 0., 8.86000022e-02, 8.86000022e-02,
    0., 8.86000022e-02, 1.32900000e-01, 0., 8.86000022e-02,
    1.77200004e-01, 0., 1.32900000e-01, 0., 0., 1.32900000e-01,
    4.43000011e-02, 0., 1.32900000e-01, 8.86000022e-02, 0.,
    1.32900000e-01, 1.32900000e-01, 0., 1.32900000e-01, 1.77200004e-01,
    0. ]
CalibrationFrameExtRotation: !!opencv-matrix
   rows: 3
   cols: 1
   dt: d
   data: [ 2.3552649922776330e+00, 1.7375417495446797e+00,
       -2.6997372547244136e-01 ]
CalibrationFrameExtTranslation: !!opencv-matrix
   rows: 3
   cols: 1
   dt: d
   data: [ -7.9592757897480784e-02, 8.8079055750730051e-02,
       1.1592237135355115e+00 ]
CalibrationFrameRMSerror: 2.0932902395725250e-01
