%YAML:1.0
---
CalibrationFramePatternImage: [ 4.02846741e+02, 3.73001060e+01,
    4.21516449e+02, 4.03245621e+01, 4.40032043e+02, 4.33621788e+01,
    4.58878876e+02, 4.64844704e+01, 4.78205841e+02, 4.94336472e+01,
    3.98967743e+02, 5.55516129e+01, 4.17834381e+02, 5.85254784e+01,
    4.36435059e+02, 6.15984840e+01, 4.55223236e+02, 6.48950653e+01,
    4.74137421e+02, 6.80451279e+01, 3.95512329e+02, 7.41039658e+01,
    4.13869598e+02, 7.70399551e+01, 4.32898315e+02, 8.01540909e+01,
    4.51533997e+02, 8.34660110e+01, 4.70483063e+02, 8.65508194e+01,
    3.91737488e+02, 9.25849686e+01, 4.10365295e+02, 9.57273712e+01,
    4.28849426e+02, 9.89117355e+01, 4.47916168e+02, 1.02073616e+02,
    4.66982452e+02, 1.05312691e+02 ]
CalibrationFramePatternWorld: [ 0., 0., 0., 0., 4.43000011e-02, 0., 0.,
    8.86000022e-02, 0., 0., 1.32900000e-01, 0., 0., 1.77200004e-01, 0.,
    4.43000011e-02, 0., 0., 4.43000011e-02, 4.43000011e-02, 0.,
    4.43000011e-02, 8.86000022e-02, 0., 4.43000011e-02, 1.32900000e-01,
    0., 4.43000011e-02, 1.77200004e-01, 0., 8.86000022e-02, 0., 0.,
    8.86000022e-02, 4.43000011e-02, 0., 8.86000022e-02, 8.86000022e-02,
    0., 8.86000022e-02, 1.32900000e-01, 0., 8.86000022e-02,
    1.77200004e-01, 0., 1.32900000e-01, 0., 0., 1.32900000e-01,
    4.43000011e-02, 0., 1.32900000e-01, 8.86000022e-02, 0.,
    1.32900000e-01, 1.32900000e-01, 0., 1.32900000e-01, 1.77200004e-01,
    0. ]
CalibrationFrameExtRotation: !!opencv-matrix
   rows: 3
   cols: 1
   dt: d
   data: [ -2.0145356785729454e+00, -2.4335252758309647e+00,
       9.7566810118952851e-02 ]
CalibrationFrameExtTranslation: !!opencv-matrix
   rows: 3
   cols: 1
   dt: d
   data: [ 8.2763158232108322e-02, -4.5085336065332748e-01,
       1.4076386533074845e+00 ]
CalibrationFrameRMSerror: 1.5075823664665222e-01
