%YAML:1.0
---
CalibrationFramePatternImage: [ 1.04102989e+02, 1.97941605e+02,
    1.34200363e+02, 1.92081207e+02, 1.64981888e+02, 1.86106232e+02,
    1.96096756e+02, 1.80056015e+02, 2.27807907e+02, 1.73749512e+02,
    1.05402000e+02, 2.29493698e+02, 1.35676498e+02, 2.23789581e+02,
    1.66860291e+02, 2.18185226e+02, 1.98828018e+02, 2.12433334e+02,
    2.30831192e+02, 2.06383514e+02, 1.07338600e+02, 2.62038147e+02,
    1.37802139e+02, 2.56619598e+02, 1.69022415e+02, 2.50940613e+02,
    2.01141541e+02, 2.45398087e+02, 2.33989105e+02, 2.39622009e+02,
    1.10081757e+02, 2.95654358e+02, 1.40690979e+02, 2.90489777e+02,
    1.72273926e+02, 2.85126404e+02, 2.04335846e+02, 2.79572723e+02,
    2.37273102e+02, 2.74028961e+02 ]
CalibrationFramePatternWorld: [ 0., 0., 0., 0., 4.43000011e-02, 0., 0.,
    8.86000022e-02, 0., 0., 1.32900000e-01, 0., 0., 1.77200004e-01, 0.,
    4.43000011e-02, 0., 0., 4.43000011e-02, 4.43000011e-02, 0.,
    4.43000011e-02, 8.86000022e-02, 0., 4.43000011e-02, 1.32900000e-01,
    0., 4.43000011e-02, 1.77200004e-01, 0., 8.86000022e-02, 0., 0.,
    8.86000022e-02, 4.43000011e-02, 0., 8.86000022e-02, 8.86000022e-02,
    0., 8.86000022e-02, 1.32900000e-01, 0., 8.86000022e-02,
    1.77200004e-01, 0., 1.32900000e-01, 0., 0., 1.32900000e-01,
    4.43000011e-02, 0., 1.32900000e-01, 8.86000022e-02, 0.,
    1.32900000e-01, 1.32900000e-01, 0., 1.32900000e-01, 1.77200004e-01,
    0. ]
CalibrationFrameExtRotation: !!opencv-matrix
   rows: 3
   cols: 1
   dt: d
   data: [ -2.4285384912147383e+00, -2.0637532194997670e+00,
       3.7836012508063666e-01 ]
CalibrationFrameExtTranslation: !!opencv-matrix
   rows: 3
   cols: 1
   dt: d
   data: [ -3.5578626064878793e-01, -4.1310761974583658e-02,
       7.8490724323711569e-01 ]
CalibrationFrameRMSerror: 3.3885741233825684e-01
