%YAML:1.0
---
CalibrationFramePatternImage: [ 3.65660095e+02, 1.20919952e+02,
    3.98468903e+02, 1.21572014e+02, 4.31860626e+02, 1.22286850e+02,
    4.65740051e+02, 1.22843521e+02, 5.00155792e+02, 1.23572693e+02,
    3.64495361e+02, 1.53283493e+02, 3.97061188e+02, 1.54238464e+02,
    4.30065613e+02, 1.55179489e+02, 4.63253052e+02, 1.56046387e+02,
    4.97147034e+02, 1.57073868e+02, 3.63410370e+02, 1.84523148e+02,
    3.95316589e+02, 1.85665756e+02, 4.27787872e+02, 1.87095596e+02,
    4.60593750e+02, 1.88396118e+02, 4.94010376e+02, 1.89593613e+02,
    3.62072540e+02, 2.14702454e+02, 3.93384125e+02, 2.16108032e+02,
    4.25503448e+02, 2.17959534e+02, 4.57778381e+02, 2.19636154e+02,
    4.90533844e+02, 2.21550781e+02 ]
CalibrationFramePatternWorld: [ 0., 0., 0., 0., 4.43000011e-02, 0., 0.,
    8.86000022e-02, 0., 0., 1.32900000e-01, 0., 0., 1.77200004e-01, 0.,
    4.43000011e-02, 0., 0., 4.43000011e-02, 4.43000011e-02, 0.,
    4.43000011e-02, 8.86000022e-02, 0., 4.43000011e-02, 1.32900000e-01,
    0., 4.43000011e-02, 1.77200004e-01, 0., 8.86000022e-02, 0., 0.,
    8.86000022e-02, 4.43000011e-02, 0., 8.86000022e-02, 8.86000022e-02,
    0., 8.86000022e-02, 1.32900000e-01, 0., 8.86000022e-02,
    1.77200004e-01, 0., 1.32900000e-01, 0., 0., 1.32900000e-01,
    4.43000011e-02, 0., 1.32900000e-01, 8.86000022e-02, 0.,
    1.32900000e-01, 1.32900000e-01, 0., 1.32900000e-01, 1.77200004e-01,
    0. ]
CalibrationFrameExtRotation: !!opencv-matrix
   rows: 3
   cols: 1
   dt: d
   data: [ -1.9829227620606111e+00, -2.0612532392314047e+00,
       -2.3552312661777078e-01 ]
CalibrationFrameExtTranslation: !!opencv-matrix
   rows: 3
   cols: 1
   dt: d
   data: [ -1.8459404651496056e-03, -1.4648348270304168e-01,
       8.0034444389524717e-01 ]
CalibrationFrameRMSerror: 4.1141590476036072e-01
