%YAML:1.0
---
CalibrationFramePatternImage: [ 7.80658798e+01, 2.01328064e+02,
    9.57569962e+01, 1.95712463e+02, 1.13459557e+02, 1.90025742e+02,
    1.31301468e+02, 184., 149., 178., 8.04428711e+01, 2.17627792e+02,
    9.83345566e+01, 2.11927963e+02, 1.16455559e+02, 2.05985184e+02,
    1.34390717e+02, 2.00161179e+02, 1.52361710e+02, 1.94460999e+02,
    8.33356705e+01, 2.34637421e+02, 1.01270241e+02, 2.28714279e+02,
    1.19262665e+02, 2.23075378e+02, 1.37349594e+02, 2.17060394e+02,
    1.55541672e+02, 2.11290512e+02, 8.63959045e+01, 2.51989212e+02,
    1.04352875e+02, 2.46109665e+02, 1.22579468e+02, 2.40199783e+02,
    1.40644806e+02, 2.34182510e+02, 1.59088959e+02, 2.28227219e+02 ]
CalibrationFramePatternWorld: [ 0., 0., 0., 0., 4.43000011e-02, 0., 0.,
    8.86000022e-02, 0., 0., 1.32900000e-01, 0., 0., 1.77200004e-01, 0.,
    4.43000011e-02, 0., 0., 4.43000011e-02, 4.43000011e-02, 0.,
    4.43000011e-02, 8.86000022e-02, 0., 4.43000011e-02, 1.32900000e-01,
    0., 4.43000011e-02, 1.77200004e-01, 0., 8.86000022e-02, 0., 0.,
    8.86000022e-02, 4.43000011e-02, 0., 8.86000022e-02, 8.86000022e-02,
    0., 8.86000022e-02, 1.32900000e-01, 0., 8.86000022e-02,
    1.77200004e-01, 0., 1.32900000e-01, 0., 0., 1.32900000e-01,
    4.43000011e-02, 0., 1.32900000e-01, 8.86000022e-02, 0.,
    1.32900000e-01, 1.32900000e-01, 0., 1.32900000e-01, 1.77200004e-01,
    0. ]
CalibrationFrameExtRotation: !!opencv-matrix
   rows: 3
   cols: 1
   dt: d
   data: [ 2.3228461412572670e+00, 1.6650949858729764e+00,
       -3.6728236260043362e-01 ]
CalibrationFrameExtTranslation: !!opencv-matrix
   rows: 3
   cols: 1
   dt: d
   data: [ -6.8463779644142964e-01, -6.3759188254428500e-02,
       1.3691610482542713e+00 ]
CalibrationFrameRMSerror: 2.0998039841651917e-01
