%YAML:1.0
---
CalibrationFramePatternImage: [ 4.16507721e+02, 1.97077957e+02,
    4.06313446e+02, 2.23466476e+02, 3.96482086e+02, 2.48827835e+02,
    3.86916168e+02, 2.73892883e+02, 3.98178802e+02, 2.05843307e+02,
    3.88403351e+02, 2.31781494e+02, 3.78631439e+02, 2.57216034e+02,
    3.69020325e+02, 2.82291412e+02, 3.89790131e+02, 1.88152725e+02,
    3.79983337e+02, 2.14737213e+02, 3.70399231e+02, 2.40355972e+02,
    3.60920532e+02, 2.65866425e+02, 3.71518494e+02, 1.96989426e+02,
    3.61971283e+02, 2.23169174e+02, 3.52451752e+02, 2.49070633e+02,
    3.43357574e+02, 2.74472046e+02, 3.62927124e+02, 1.78888733e+02,
    3.53179626e+02, 2.05977585e+02, 3.44056641e+02, 2.31953796e+02,
    3.34691193e+02, 2.57907990e+02, 3.44612885e+02, 1.88093353e+02,
    3.35083069e+02, 2.14800247e+02, 3.26079437e+02, 2.40772614e+02,
    3.16916229e+02, 2.66584351e+02, 3.35797424e+02, 1.69852524e+02,
    3.26155762e+02, 1.97158890e+02, 3.17160217e+02, 2.23467056e+02,
    3.08219299e+02, 2.49642258e+02, 3.17313354e+02, 1.78943253e+02,
    3.08113464e+02, 2.05840027e+02, 2.98952789e+02, 2.32436340e+02,
    2.90426208e+02, 2.58595306e+02, 3.08070618e+02, 1.60751419e+02,
    2.99010834e+02, 1.88004669e+02, 2.89962006e+02, 2.14957733e+02,
    2.81354553e+02, 2.41360275e+02, 2.89777649e+02, 1.69994492e+02,
    2.80666992e+02, 1.97123749e+02, 2.71929504e+02, 2.24013641e+02,
    2.63567383e+02, 2.50389999e+02, 2.80290039e+02, 1.51219406e+02,
    2.71258148e+02, 1.79148178e+02, 2.62608459e+02, 2.06341202e+02,
    2.54040619e+02, 2.33205566e+02 ]
CalibrationFramePatternWorld: [ 0., 0., 0., 0., 7.00000003e-02, 0., 0.,
    1.40000001e-01, 0., 0., 2.10000008e-01, 0., 3.50000001e-02,
    3.50000001e-02, 0., 3.50000001e-02, 1.05000004e-01, 0.,
    3.50000001e-02, 1.74999997e-01, 0., 3.50000001e-02, 2.45000005e-01,
    0., 7.00000003e-02, 0., 0., 7.00000003e-02, 7.00000003e-02, 0.,
    7.00000003e-02, 1.40000001e-01, 0., 7.00000003e-02, 2.10000008e-01,
    0., 1.05000004e-01, 3.50000001e-02, 0., 1.05000004e-01,
    1.05000004e-01, 0., 1.05000004e-01, 1.74999997e-01, 0.,
    1.05000004e-01, 2.45000005e-01, 0., 1.40000001e-01, 0., 0.,
    1.40000001e-01, 7.00000003e-02, 0., 1.40000001e-01, 1.40000001e-01,
    0., 1.40000001e-01, 2.10000008e-01, 0., 1.74999997e-01,
    3.50000001e-02, 0., 1.74999997e-01, 1.05000004e-01, 0.,
    1.74999997e-01, 1.74999997e-01, 0., 1.74999997e-01, 2.45000005e-01,
    0., 2.10000008e-01, 0., 0., 2.10000008e-01, 7.00000003e-02, 0.,
    2.10000008e-01, 1.40000001e-01, 0., 2.10000008e-01, 2.10000008e-01,
    0., 2.45000005e-01, 3.50000001e-02, 0., 2.45000005e-01,
    1.05000004e-01, 0., 2.45000005e-01, 1.74999997e-01, 0.,
    2.45000005e-01, 2.45000005e-01, 0., 2.80000001e-01, 0., 0.,
    2.80000001e-01, 7.00000003e-02, 0., 2.80000001e-01, 1.40000001e-01,
    0., 2.80000001e-01, 2.10000008e-01, 0., 3.14999998e-01,
    3.50000001e-02, 0., 3.14999998e-01, 1.05000004e-01, 0.,
    3.14999998e-01, 1.74999997e-01, 0., 3.14999998e-01, 2.45000005e-01,
    0., 3.49999994e-01, 0., 0., 3.49999994e-01, 7.00000003e-02, 0.,
    3.49999994e-01, 1.40000001e-01, 0., 3.49999994e-01, 2.10000008e-01,
    0. ]
CalibrationFrameExtRotation: !!opencv-matrix
   rows: 3
   cols: 1
   dt: d
   data: [ -4.8645526645257831e-01, 2.9483454928522002e+00,
       3.2225834682233673e-01 ]
CalibrationFrameExtTranslation: !!opencv-matrix
   rows: 3
   cols: 1
   dt: d
   data: [ 1.6091265275521524e-01, -7.0436915713968873e-02,
       1.5453074995366163e+00 ]
CalibrationFrameRMSerror: 2.5458469986915588e-01
