%YAML:1.0
---
CalibrationFramePatternImage: [ 4.28700897e+02, 2.79766815e+02,
    4.25616791e+02, 2.96670654e+02, 4.22767975e+02, 3.14249725e+02,
    4.19656281e+02, 3.32655182e+02, 4.17578552e+02, 2.85511841e+02,
    4.14521118e+02, 3.02716675e+02, 4.11200012e+02, 3.20702026e+02,
    4.07944183e+02, 3.39523560e+02, 4.09631226e+02, 2.74784088e+02,
    4.06473785e+02, 2.91468018e+02, 4.03004333e+02, 3.08985840e+02,
    3.99528625e+02, 3.27443146e+02, 3.98387573e+02, 2.80466309e+02,
    3.94939819e+02, 2.97519897e+02, 3.91412598e+02, 3.15476349e+02,
    3.87771057e+02, 3.33979584e+02, 3.90712616e+02, 2.69527588e+02,
    3.87069000e+02, 2.86367157e+02, 3.83270325e+02, 3.03846619e+02,
    3.79696350e+02, 3.21895874e+02, 3.79410522e+02, 2.75228638e+02,
    3.75607178e+02, 2.92264099e+02, 3.71499695e+02, 3.10031525e+02,
    3.67656647e+02, 3.28470062e+02, 3.71789337e+02, 2.64302216e+02,
    3.67846222e+02, 2.81025238e+02, 3.63815247e+02, 2.98474579e+02,
    3.59568207e+02, 3.16416718e+02, 3.60367737e+02, 2.69973755e+02,
    3.56114166e+02, 2.86923859e+02, 3.51819092e+02, 3.04595795e+02,
    3.47454712e+02, 3.22850281e+02, 3.52965393e+02, 2.59358795e+02,
    3.48620880e+02, 2.75636139e+02, 3.44229218e+02, 2.92887238e+02,
    3.39655823e+02, 3.10867157e+02, 3.41296692e+02, 2.64705536e+02,
    3.36809937e+02, 2.81323883e+02, 3.32080566e+02, 2.98968811e+02,
    3.27460999e+02, 3.17182343e+02, 3.34392883e+02, 2.53819397e+02,
    3.29569702e+02, 2.70038910e+02, 3.24784485e+02, 2.87303772e+02,
    3.19971100e+02, 3.05073486e+02 ]
CalibrationFramePatternWorld: [ 0., 0., 0., 0., 7.00000003e-02, 0., 0.,
    1.40000001e-01, 0., 0., 2.10000008e-01, 0., 3.50000001e-02,
    3.50000001e-02, 0., 3.50000001e-02, 1.05000004e-01, 0.,
    3.50000001e-02, 1.74999997e-01, 0., 3.50000001e-02, 2.45000005e-01,
    0., 7.00000003e-02, 0., 0., 7.00000003e-02, 7.00000003e-02, 0.,
    7.00000003e-02, 1.40000001e-01, 0., 7.00000003e-02, 2.10000008e-01,
    0., 1.05000004e-01, 3.50000001e-02, 0., 1.05000004e-01,
    1.05000004e-01, 0., 1.05000004e-01, 1.74999997e-01, 0.,
    1.05000004e-01, 2.45000005e-01, 0., 1.40000001e-01, 0., 0.,
    1.40000001e-01, 7.00000003e-02, 0., 1.40000001e-01, 1.40000001e-01,
    0., 1.40000001e-01, 2.10000008e-01, 0., 1.74999997e-01,
    3.50000001e-02, 0., 1.74999997e-01, 1.05000004e-01, 0.,
    1.74999997e-01, 1.74999997e-01, 0., 1.74999997e-01, 2.45000005e-01,
    0., 2.10000008e-01, 0., 0., 2.10000008e-01, 7.00000003e-02, 0.,
    2.10000008e-01, 1.40000001e-01, 0., 2.10000008e-01, 2.10000008e-01,
    0., 2.45000005e-01, 3.50000001e-02, 0., 2.45000005e-01,
    1.05000004e-01, 0., 2.45000005e-01, 1.74999997e-01, 0.,
    2.45000005e-01, 2.45000005e-01, 0., 2.80000001e-01, 0., 0.,
    2.80000001e-01, 7.00000003e-02, 0., 2.80000001e-01, 1.40000001e-01,
    0., 2.80000001e-01, 2.10000008e-01, 0., 3.14999998e-01,
    3.50000001e-02, 0., 3.14999998e-01, 1.05000004e-01, 0.,
    3.14999998e-01, 1.74999997e-01, 0., 3.14999998e-01, 2.45000005e-01,
    0., 3.49999994e-01, 0., 0., 3.49999994e-01, 7.00000003e-02, 0.,
    3.49999994e-01, 1.40000001e-01, 0., 3.49999994e-01, 2.10000008e-01,
    0. ]
CalibrationFrameExtRotation: !!opencv-matrix
   rows: 3
   cols: 1
   dt: d
   data: [ -3.8755480816678195e-01, 2.9017902828483115e+00,
       -8.6174668935383358e-01 ]
CalibrationFrameExtTranslation: !!opencv-matrix
   rows: 3
   cols: 1
   dt: d
   data: [ 2.7753389966234443e-01, 1.9585289830105604e-01,
       2.2416550128289217e+00 ]
CalibrationFrameRMSerror: 1.7496764659881592e-01
