%YAML:1.0
---
CalibrationFramePatternImage: [ 5.77429321e+02, 1.68942986e+01,
    5.90385315e+02, 3.91021576e+01, 6.02563416e+02, 6.05399857e+01,
    6.14578064e+02, 8.16965027e+01, 5.72352539e+02, 3.67190742e+01,
    5.85124390e+02, 5.82932358e+01, 5.97281372e+02, 7.94424438e+01,
    6.09154053e+02, 1.00206093e+02, 5.54602539e+02, 3.42977753e+01,
    5.67496948e+02, 5.61468124e+01, 5.79750916e+02, 7.72208328e+01,
    5.92006531e+02, 9.81637039e+01, 5.49630432e+02, 5.38308449e+01,
    5.62435730e+02, 7.50280380e+01, 5.74846741e+02, 9.59594498e+01,
    5.86979065e+02, 1.16375267e+02, 5.31825928e+02, 5.14252892e+01,
    5.45154297e+02, 7.28532867e+01, 5.57526978e+02, 9.36074142e+01,
    5.70175354e+02, 1.14213867e+02, 5.27394470e+02, 7.06016693e+01,
    5.40314453e+02, 9.15609131e+01, 5.52890137e+02, 1.11924179e+02,
    5.65302185e+02, 1.32169144e+02, 5.09641418e+02, 6.84452438e+01,
    5.22895081e+02, 8.95700684e+01, 5.35639282e+02, 1.09840538e+02,
    5.48373535e+02, 1.29964355e+02, 5.05218567e+02, 8.73570709e+01,
    5.18420837e+02, 1.07748131e+02, 5.31326721e+02, 1.28006424e+02,
    5.43824707e+02, 1.47645264e+02, 4.87597473e+02, 8.52065430e+01,
    5.01143341e+02, 1.05791054e+02, 5.14024963e+02, 1.25993896e+02,
    5.26934998e+02, 1.45550369e+02, 4.83765289e+02, 1.03834320e+02,
    4.96879333e+02, 1.23932274e+02, 5.09943390e+02, 1.43728485e+02,
    5.22678345e+02, 1.62959442e+02, 4.66106476e+02, 1.01850060e+02,
    4.79949036e+02, 1.22183960e+02, 4.92831055e+02, 1.41819794e+02,
    5.05920837e+02, 1.61273361e+02 ]
CalibrationFramePatternWorld: [ 0., 0., 0., 0., 7.00000003e-02, 0., 0.,
    1.40000001e-01, 0., 0., 2.10000008e-01, 0., 3.50000001e-02,
    3.50000001e-02, 0., 3.50000001e-02, 1.05000004e-01, 0.,
    3.50000001e-02, 1.74999997e-01, 0., 3.50000001e-02, 2.45000005e-01,
    0., 7.00000003e-02, 0., 0., 7.00000003e-02, 7.00000003e-02, 0.,
    7.00000003e-02, 1.40000001e-01, 0., 7.00000003e-02, 2.10000008e-01,
    0., 1.05000004e-01, 3.50000001e-02, 0., 1.05000004e-01,
    1.05000004e-01, 0., 1.05000004e-01, 1.74999997e-01, 0.,
    1.05000004e-01, 2.45000005e-01, 0., 1.40000001e-01, 0., 0.,
    1.40000001e-01, 7.00000003e-02, 0., 1.40000001e-01, 1.40000001e-01,
    0., 1.40000001e-01, 2.10000008e-01, 0., 1.74999997e-01,
    3.50000001e-02, 0., 1.74999997e-01, 1.05000004e-01, 0.,
    1.74999997e-01, 1.74999997e-01, 0., 1.74999997e-01, 2.45000005e-01,
    0., 2.10000008e-01, 0., 0., 2.10000008e-01, 7.00000003e-02, 0.,
    2.10000008e-01, 1.40000001e-01, 0., 2.10000008e-01, 2.10000008e-01,
    0., 2.45000005e-01, 3.50000001e-02, 0., 2.45000005e-01,
    1.05000004e-01, 0., 2.45000005e-01, 1.74999997e-01, 0.,
    2.45000005e-01, 2.45000005e-01, 0., 2.80000001e-01, 0., 0.,
    2.80000001e-01, 7.00000003e-02, 0., 2.80000001e-01, 1.40000001e-01,
    0., 2.80000001e-01, 2.10000008e-01, 0., 3.14999998e-01,
    3.50000001e-02, 0., 3.14999998e-01, 1.05000004e-01, 0.,
    3.14999998e-01, 1.74999997e-01, 0., 3.14999998e-01, 2.45000005e-01,
    0., 3.49999994e-01, 0., 0., 3.49999994e-01, 7.00000003e-02, 0.,
    3.49999994e-01, 1.40000001e-01, 0., 3.49999994e-01, 2.10000008e-01,
    0. ]
CalibrationFrameExtRotation: !!opencv-matrix
   rows: 3
   cols: 1
   dt: d
   data: [ -1.0161302707573387e+00, -2.9242284742640763e+00,
       -6.0297546039280092e-01 ]
CalibrationFrameExtTranslation: !!opencv-matrix
   rows: 3
   cols: 1
   dt: d
   data: [ 5.8155011531216794e-01, -5.3994668375953647e-01,
       1.6283905300066381e+00 ]
CalibrationFrameRMSerror: 2.0626187324523926e-01
