%YAML:1.0
---
CalibrationFramePatternImage: [ 4.11173187e+02, 2.94876923e+02,
    3.94820923e+02, 3.28320312e+02, 3.78808014e+02, 3.61148102e+02,
    3.62705109e+02, 3.94021149e+02, 3.85863739e+02, 3.03842621e+02,
    3.69802734e+02, 3.37091034e+02, 3.53705475e+02, 3.69812195e+02,
    3.37731934e+02, 4.02912018e+02, 3.76717987e+02, 2.79569733e+02,
    3.60726654e+02, 3.13038330e+02, 3.44666931e+02, 3.45979706e+02,
    3.28670746e+02, 3.78957153e+02, 3.51578247e+02, 2.88588928e+02,
    3.35705627e+02, 3.21893433e+02, 3.19592224e+02, 3.55076111e+02,
    3.03899475e+02, 3.88212128e+02, 3.42217621e+02, 2.63939575e+02,
    3.26375977e+02, 2.97784973e+02, 3.10390930e+02, 3.30846039e+02,
    2.94630219e+02, 3.64347412e+02, 3.17009827e+02, 2.73199097e+02,
    3.01235748e+02, 3.06858032e+02, 2.85504150e+02, 3.40059082e+02,
    2.69579865e+02, 3.73582703e+02, 3.07538727e+02, 2.48626312e+02,
    2.91691772e+02, 2.82404755e+02, 2.76181335e+02, 3.15908020e+02,
    2.60188629e+02, 3.49360474e+02, 2.82238129e+02, 2.57786743e+02,
    2.66633759e+02, 2.91362061e+02, 2.50864960e+02, 3.25151733e+02,
    2.35000626e+02, 3.58808075e+02, 2.72580444e+02, 2.33120483e+02,
    2.56979309e+02, 2.66953308e+02, 2.41468369e+02, 3.00692505e+02,
    2.25642700e+02, 3.34515778e+02, 2.47218155e+02, 2.42345947e+02,
    2.31628860e+02, 2.76378876e+02, 2.16077667e+02, 3.10103271e+02,
    2.00453461e+02, 3.43976562e+02, 2.37330414e+02, 2.17531006e+02,
    2.21630219e+02, 2.51938721e+02, 2.06336426e+02, 2.85744202e+02,
    1.90503769e+02, 3.19872620e+02 ]
CalibrationFramePatternWorld: [ 0., 0., 0., 0., 7.00000003e-02, 0., 0.,
    1.40000001e-01, 0., 0., 2.10000008e-01, 0., 3.50000001e-02,
    3.50000001e-02, 0., 3.50000001e-02, 1.05000004e-01, 0.,
    3.50000001e-02, 1.74999997e-01, 0., 3.50000001e-02, 2.45000005e-01,
    0., 7.00000003e-02, 0., 0., 7.00000003e-02, 7.00000003e-02, 0.,
    7.00000003e-02, 1.40000001e-01, 0., 7.00000003e-02, 2.10000008e-01,
    0., 1.05000004e-01, 3.50000001e-02, 0., 1.05000004e-01,
    1.05000004e-01, 0., 1.05000004e-01, 1.74999997e-01, 0.,
    1.05000004e-01, 2.45000005e-01, 0., 1.40000001e-01, 0., 0.,
    1.40000001e-01, 7.00000003e-02, 0., 1.40000001e-01, 1.40000001e-01,
    0., 1.40000001e-01, 2.10000008e-01, 0., 1.74999997e-01,
    3.50000001e-02, 0., 1.74999997e-01, 1.05000004e-01, 0.,
    1.74999997e-01, 1.74999997e-01, 0., 1.74999997e-01, 2.45000005e-01,
    0., 2.10000008e-01, 0., 0., 2.10000008e-01, 7.00000003e-02, 0.,
    2.10000008e-01, 1.40000001e-01, 0., 2.10000008e-01, 2.10000008e-01,
    0., 2.45000005e-01, 3.50000001e-02, 0., 2.45000005e-01,
    1.05000004e-01, 0., 2.45000005e-01, 1.74999997e-01, 0.,
    2.45000005e-01, 2.45000005e-01, 0., 2.80000001e-01, 0., 0.,
    2.80000001e-01, 7.00000003e-02, 0., 2.80000001e-01, 1.40000001e-01,
    0., 2.80000001e-01, 2.10000008e-01, 0., 3.14999998e-01,
    3.50000001e-02, 0., 3.14999998e-01, 1.05000004e-01, 0.,
    3.14999998e-01, 1.74999997e-01, 0., 3.14999998e-01, 2.45000005e-01,
    0., 3.49999994e-01, 0., 0., 3.49999994e-01, 7.00000003e-02, 0.,
    3.49999994e-01, 1.40000001e-01, 0., 3.49999994e-01, 2.10000008e-01,
    0. ]
CalibrationFrameExtRotation: !!opencv-matrix
   rows: 3
   cols: 1
   dt: d
   data: [ -6.6142978375664063e-01, 2.9889816310466122e+00,
       1.7599850224811847e-01 ]
CalibrationFrameExtTranslation: !!opencv-matrix
   rows: 3
   cols: 1
   dt: d
   data: [ 1.1105422769917478e-01, 1.2999573932653208e-01,
       1.1658355938268667e+00 ]
CalibrationFrameRMSerror: 3.1300395727157593e-01
