%YAML:1.0
---
CalibrationFramePatternImage: [ 5.96680176e+02, 5.57344513e+01,
    5.95114014e+02, 7.06317596e+01, 5.93393188e+02, 8.51805191e+01,
    5.91660889e+02, 9.99765625e+01, 5.88265625e+02, 6.20764885e+01,
    5.86671875e+02, 7.67911682e+01, 5.84730957e+02, 9.15848999e+01,
    5.83209412e+02, 1.06499680e+02, 5.81579895e+02, 5.38647537e+01,
    5.79985596e+02, 6.84416428e+01, 5.78088562e+02, 8.31651611e+01,
    5.76364441e+02, 9.80094604e+01, 5.73207031e+02, 6.00492821e+01,
    5.71503906e+02, 7.46771698e+01, 5.69636963e+02, 8.95711212e+01,
    5.68166626e+02, 1.04367142e+02, 5.66555054e+02, 5.19039536e+01,
    5.64907776e+02, 6.65538940e+01, 5.62968201e+02, 8.11465912e+01,
    5.61265747e+02, 9.59120407e+01, 5.58070801e+02, 5.81941261e+01,
    5.56436096e+02, 7.29409256e+01, 5.54567444e+02, 8.75807037e+01,
    5.53070618e+02, 1.02528656e+02, 5.51534607e+02, 4.98582954e+01,
    5.49773621e+02, 6.45487671e+01, 5.47963684e+02, 7.92577744e+01,
    5.46207825e+02, 9.40384903e+01, 5.43042358e+02, 5.61785278e+01,
    5.41420288e+02, 7.08109207e+01, 5.39505493e+02, 8.56501999e+01,
    5.38010010e+02, 1.00462097e+02, 5.36487061e+02, 4.78732185e+01,
    5.34776062e+02, 6.24371643e+01, 5.33005676e+02, 7.71207428e+01,
    5.31197815e+02, 9.19797745e+01, 5.28157654e+02, 5.40782967e+01,
    5.26459473e+02, 6.86325989e+01, 5.24555115e+02, 8.35347519e+01,
    5.23035828e+02, 9.83596344e+01, 5.21608765e+02, 4.57466812e+01,
    5.19999573e+02, 6.02202110e+01, 5.18085083e+02, 7.50450058e+01,
    5.16299805e+02, 8.97452698e+01 ]
CalibrationFramePatternWorld: [ 0., 0., 0., 0., 7.00000003e-02, 0., 0.,
    1.40000001e-01, 0., 0., 2.10000008e-01, 0., 3.50000001e-02,
    3.50000001e-02, 0., 3.50000001e-02, 1.05000004e-01, 0.,
    3.50000001e-02, 1.74999997e-01, 0., 3.50000001e-02, 2.45000005e-01,
    0., 7.00000003e-02, 0., 0., 7.00000003e-02, 7.00000003e-02, 0.,
    7.00000003e-02, 1.40000001e-01, 0., 7.00000003e-02, 2.10000008e-01,
    0., 1.05000004e-01, 3.50000001e-02, 0., 1.05000004e-01,
    1.05000004e-01, 0., 1.05000004e-01, 1.74999997e-01, 0.,
    1.05000004e-01, 2.45000005e-01, 0., 1.40000001e-01, 0., 0.,
    1.40000001e-01, 7.00000003e-02, 0., 1.40000001e-01, 1.40000001e-01,
    0., 1.40000001e-01, 2.10000008e-01, 0., 1.74999997e-01,
    3.50000001e-02, 0., 1.74999997e-01, 1.05000004e-01, 0.,
    1.74999997e-01, 1.74999997e-01, 0., 1.74999997e-01, 2.45000005e-01,
    0., 2.10000008e-01, 0., 0., 2.10000008e-01, 7.00000003e-02, 0.,
    2.10000008e-01, 1.40000001e-01, 0., 2.10000008e-01, 2.10000008e-01,
    0., 2.45000005e-01, 3.50000001e-02, 0., 2.45000005e-01,
    1.05000004e-01, 0., 2.45000005e-01, 1.74999997e-01, 0.,
    2.45000005e-01, 2.45000005e-01, 0., 2.80000001e-01, 0., 0.,
    2.80000001e-01, 7.00000003e-02, 0., 2.80000001e-01, 1.40000001e-01,
    0., 2.80000001e-01, 2.10000008e-01, 0., 3.14999998e-01,
    3.50000001e-02, 0., 3.14999998e-01, 1.05000004e-01, 0.,
    3.14999998e-01, 1.74999997e-01, 0., 3.14999998e-01, 2.45000005e-01,
    0., 3.49999994e-01, 0., 0., 3.49999994e-01, 7.00000003e-02, 0.,
    3.49999994e-01, 1.40000001e-01, 0., 3.49999994e-01, 2.10000008e-01,
    0. ]
CalibrationFrameExtRotation: !!opencv-matrix
   rows: 3
   cols: 1
   dt: d
   data: [ 2.0709556679323921e-01, -3.1749486245070933e+00,
       1.0322882047542410e-01 ]
CalibrationFrameExtTranslation: !!opencv-matrix
   rows: 3
   cols: 1
   dt: d
   data: [ 1.1335482429096746e+00, -7.8937716321405926e-01,
       2.9284032149610835e+00 ]
CalibrationFrameRMSerror: 1.3517665863037109e-01
