%YAML:1.0
---
CalibrationFramePatternImage: [ 1.55499222e+02, 1.10248924e+02,
    1.60376419e+02, 1.33277588e+02, 1.65298828e+02, 1.56202042e+02,
    1.70025253e+02, 1.79395325e+02, 1.46543411e+02, 1.24233292e+02,
    1.51249924e+02, 1.47266602e+02, 1.56196106e+02, 1.70425720e+02,
    1.60776047e+02, 1.93855621e+02, 1.32368088e+02, 1.15652885e+02,
    1.37201279e+02, 1.38486969e+02, 1.42095978e+02, 1.61438431e+02,
    1.46996216e+02, 1.84546509e+02, 1.23287712e+02, 1.29641418e+02,
    1.28124283e+02, 1.52537140e+02, 1.32861053e+02, 1.75538193e+02,
    1.37419632e+02, 1.98667480e+02, 1.09213539e+02, 1.20981262e+02,
    1.14110962e+02, 1.43840530e+02, 1.18831276e+02, 1.66415817e+02,
    1.23497505e+02, 1.89529755e+02, 1.00052139e+02, 1.35006424e+02,
    1.05049454e+02, 1.57541428e+02, 1.09428452e+02, 1.80583099e+02,
    1.13960449e+02, 2.03856171e+02, 8.61458588e+01, 1.26163307e+02,
    9.08100586e+01, 1.48870789e+02, 9.57606277e+01, 1.71756775e+02,
    9.99049454e+01, 1.94660202e+02, 7.69657440e+01, 1.40064194e+02,
    8.16690292e+01, 1.62739990e+02, 8.61428146e+01, 1.85860855e+02,
    9.05123901e+01, 2.08856674e+02, 6.30811958e+01, 1.31489136e+02,
    6.77518539e+01, 1.53990387e+02, 7.22460403e+01, 1.76760544e+02,
    7.66350632e+01, 1.99565613e+02, 5.38297310e+01, 1.45200928e+02,
    5.82506409e+01, 1.67736038e+02, 6.27568893e+01, 1.90574661e+02,
    6.69370270e+01, 2.13736832e+02, 3.96529846e+01, 1.36376480e+02,
    4.41326256e+01, 1.59022995e+02, 4.86939964e+01, 1.81645844e+02,
    5.29391861e+01, 2.04653534e+02 ]
CalibrationFramePatternWorld: [ 0., 0., 0., 0., 7.00000003e-02, 0., 0.,
    1.40000001e-01, 0., 0., 2.10000008e-01, 0., 3.50000001e-02,
    3.50000001e-02, 0., 3.50000001e-02, 1.05000004e-01, 0.,
    3.50000001e-02, 1.74999997e-01, 0., 3.50000001e-02, 2.45000005e-01,
    0., 7.00000003e-02, 0., 0., 7.00000003e-02, 7.00000003e-02, 0.,
    7.00000003e-02, 1.40000001e-01, 0., 7.00000003e-02, 2.10000008e-01,
    0., 1.05000004e-01, 3.50000001e-02, 0., 1.05000004e-01,
    1.05000004e-01, 0., 1.05000004e-01, 1.74999997e-01, 0.,
    1.05000004e-01, 2.45000005e-01, 0., 1.40000001e-01, 0., 0.,
    1.40000001e-01, 7.00000003e-02, 0., 1.40000001e-01, 1.40000001e-01,
    0., 1.40000001e-01, 2.10000008e-01, 0., 1.74999997e-01,
    3.50000001e-02, 0., 1.74999997e-01, 1.05000004e-01, 0.,
    1.74999997e-01, 1.74999997e-01, 0., 1.74999997e-01, 2.45000005e-01,
    0., 2.10000008e-01, 0., 0., 2.10000008e-01, 7.00000003e-02, 0.,
    2.10000008e-01, 1.40000001e-01, 0., 2.10000008e-01, 2.10000008e-01,
    0., 2.45000005e-01, 3.50000001e-02, 0., 2.45000005e-01,
    1.05000004e-01, 0., 2.45000005e-01, 1.74999997e-01, 0.,
    2.45000005e-01, 2.45000005e-01, 0., 2.80000001e-01, 0., 0.,
    2.80000001e-01, 7.00000003e-02, 0., 2.80000001e-01, 1.40000001e-01,
    0., 2.80000001e-01, 2.10000008e-01, 0., 3.14999998e-01,
    3.50000001e-02, 0., 3.14999998e-01, 1.05000004e-01, 0.,
    3.14999998e-01, 1.74999997e-01, 0., 3.14999998e-01, 2.45000005e-01,
    0., 3.49999994e-01, 0., 0., 3.49999994e-01, 7.00000003e-02, 0.,
    3.49999994e-01, 1.40000001e-01, 0., 3.49999994e-01, 2.10000008e-01,
    0. ]
CalibrationFrameExtRotation: !!opencv-matrix
   rows: 3
   cols: 1
   dt: d
   data: [ -3.4014281509804006e-01, -3.1088674936809242e+00,
       8.8333888819917328e-02 ]
CalibrationFrameExtTranslation: !!opencv-matrix
   rows: 3
   cols: 1
   dt: d
   data: [ -5.7718962660257656e-01, -3.4106697686683018e-01,
       1.8528599206001815e+00 ]
CalibrationFrameRMSerror: 2.5784718990325928e-01
