%YAML:1.0
---
CalibrationFramePatternImage: [ 4.89447632e+02, 1.40888824e+02,
    4.82619171e+02, 1.89523514e+02, 4.75739655e+02, 2.38919144e+02,
    4.68860107e+02, 2.90203247e+02, 4.60306488e+02, 1.61422699e+02,
    4.53252441e+02, 2.10144577e+02, 4.46009735e+02, 2.60430450e+02,
    4.38710663e+02, 3.12055115e+02, 4.38561951e+02, 1.34153366e+02,
    4.31275208e+02, 1.81968933e+02, 4.23761658e+02, 2.31342178e+02,
    4.16372742e+02, 2.82176941e+02, 4.09766998e+02, 1.54337845e+02,
    4.01943359e+02, 2.02643997e+02, 3.94368408e+02, 2.52688919e+02,
    3.86614685e+02, 3.03810455e+02, 3.88552795e+02, 1.26977531e+02,
    3.80690613e+02, 1.74791748e+02, 3.72775177e+02, 2.23678040e+02,
    3.64908203e+02, 2.74113861e+02, 3.59708191e+02, 1.47138977e+02,
    3.51630493e+02, 1.95358414e+02, 3.43409637e+02, 2.44702820e+02,
    3.35069519e+02, 2.95710815e+02, 3.39188812e+02, 1.20075691e+02,
    3.30899963e+02, 1.67472885e+02, 3.22451111e+02, 2.16179199e+02,
    3.13845093e+02, 2.66095001e+02, 3.10492584e+02, 1.40095108e+02,
    3.01903290e+02, 1.87972885e+02, 2.93038452e+02, 2.37166306e+02,
    2.84180054e+02, 2.87696533e+02, 2.90342316e+02, 1.13230385e+02,
    2.81584473e+02, 1.60275528e+02, 2.72609100e+02, 2.08558502e+02,
    2.63585938e+02, 2.58330475e+02, 2.61635529e+02, 1.32780792e+02,
    2.52509293e+02, 1.80398804e+02, 2.43160690e+02, 2.29388275e+02,
    2.33766922e+02, 2.79571259e+02, 2.41917328e+02, 1.05675446e+02,
    2.32577362e+02, 1.52602554e+02, 2.23245117e+02, 2.00899414e+02,
    2.13449371e+02, 2.50375107e+02 ]
CalibrationFramePatternWorld: [ 0., 0., 0., 0., 7.00000003e-02, 0., 0.,
    1.40000001e-01, 0., 0., 2.10000008e-01, 0., 3.50000001e-02,
    3.50000001e-02, 0., 3.50000001e-02, 1.05000004e-01, 0.,
    3.50000001e-02, 1.74999997e-01, 0., 3.50000001e-02, 2.45000005e-01,
    0., 7.00000003e-02, 0., 0., 7.00000003e-02, 7.00000003e-02, 0.,
    7.00000003e-02, 1.40000001e-01, 0., 7.00000003e-02, 2.10000008e-01,
    0., 1.05000004e-01, 3.50000001e-02, 0., 1.05000004e-01,
    1.05000004e-01, 0., 1.05000004e-01, 1.74999997e-01, 0.,
    1.05000004e-01, 2.45000005e-01, 0., 1.40000001e-01, 0., 0.,
    1.40000001e-01, 7.00000003e-02, 0., 1.40000001e-01, 1.40000001e-01,
    0., 1.40000001e-01, 2.10000008e-01, 0., 1.74999997e-01,
    3.50000001e-02, 0., 1.74999997e-01, 1.05000004e-01, 0.,
    1.74999997e-01, 1.74999997e-01, 0., 1.74999997e-01, 2.45000005e-01,
    0., 2.10000008e-01, 0., 0., 2.10000008e-01, 7.00000003e-02, 0.,
    2.10000008e-01, 1.40000001e-01, 0., 2.10000008e-01, 2.10000008e-01,
    0., 2.45000005e-01, 3.50000001e-02, 0., 2.45000005e-01,
    1.05000004e-01, 0., 2.45000005e-01, 1.74999997e-01, 0.,
    2.45000005e-01, 2.45000005e-01, 0., 2.80000001e-01, 0., 0.,
    2.80000001e-01, 7.00000003e-02, 0., 2.80000001e-01, 1.40000001e-01,
    0., 2.80000001e-01, 2.10000008e-01, 0., 3.14999998e-01,
    3.50000001e-02, 0., 3.14999998e-01, 1.05000004e-01, 0.,
    3.14999998e-01, 1.74999997e-01, 0., 3.14999998e-01, 2.45000005e-01,
    0., 3.49999994e-01, 0., 0., 3.49999994e-01, 7.00000003e-02, 0.,
    3.49999994e-01, 1.40000001e-01, 0., 3.49999994e-01, 2.10000008e-01,
    0. ]
CalibrationFrameExtRotation: !!opencv-matrix
   rows: 3
   cols: 1
   dt: d
   data: [ 2.4182951204207873e-01, -3.0738891839430278e+00,
       2.4284869662351088e-01 ]
CalibrationFrameExtTranslation: !!opencv-matrix
   rows: 3
   cols: 1
   dt: d
   data: [ 1.9054948198437272e-01, -1.1748585372552199e-01,
       8.6875466797772283e-01 ]
CalibrationFrameRMSerror: 2.6590174436569214e-01
