%YAML:1.0
---
CalibrationFramePatternImage: [ 2.70713715e+02, 5.14504128e+01,
    2.62543610e+02, 7.95527573e+01, 2.54304016e+02, 1.07182106e+02,
    2.45882370e+02, 1.35581604e+02, 2.55366257e+02, 6.41373444e+01,
    2.47149948e+02, 9.17109833e+01, 2.39082581e+02, 1.19551491e+02,
    2.30383041e+02, 1.47579941e+02, 2.47956940e+02, 4.94678040e+01,
    2.39859543e+02, 7.64356461e+01, 2.32180679e+02, 1.03913460e+02,
    2.23824432e+02, 1.31481339e+02, 2.33077728e+02, 6.17305450e+01,
    2.25110260e+02, 8.84940720e+01, 2.17282455e+02, 1.15609589e+02,
    2.08761154e+02, 1.42749939e+02, 2.26163574e+02, 4.73323822e+01,
    2.18184616e+02, 7.37764664e+01, 2.10641800e+02, 1.00348335e+02,
    2.02460983e+02, 1.26985161e+02, 2.11713211e+02, 5.94156532e+01,
    2.04143600e+02, 8.54788818e+01, 1.96154739e+02, 1.11854828e+02,
    1.87620880e+02, 1.38347305e+02, 2.05194931e+02, 4.53168144e+01,
    1.97492416e+02, 7.11879272e+01, 1.89878647e+02, 9.70715637e+01,
    1.81741608e+02, 1.23095390e+02, 1.91255661e+02, 5.72059746e+01,
    1.83839920e+02, 8.26593018e+01, 1.75878235e+02, 1.08249054e+02,
    1.67407974e+02, 1.34219193e+02, 1.85088547e+02, 4.33777275e+01,
    1.77625229e+02, 6.86761856e+01, 1.69899292e+02, 9.37581329e+01,
    1.61865723e+02, 1.19436264e+02, 1.71500793e+02, 5.47467575e+01,
    1.63943451e+02, 7.94881287e+01, 1.56127853e+02, 1.04856293e+02,
    1.48168274e+02, 1.29811600e+02, 1.65374786e+02, 4.13414078e+01,
    1.57784271e+02, 6.57512741e+01, 1.50398956e+02, 9.05907669e+01,
    1.42472870e+02, 1.15325081e+02 ]
CalibrationFramePatternWorld: [ 0., 0., 0., 0., 7.00000003e-02, 0., 0.,
    1.40000001e-01, 0., 0., 2.10000008e-01, 0., 3.50000001e-02,
    3.50000001e-02, 0., 3.50000001e-02, 1.05000004e-01, 0.,
    3.50000001e-02, 1.74999997e-01, 0., 3.50000001e-02, 2.45000005e-01,
    0., 7.00000003e-02, 0., 0., 7.00000003e-02, 7.00000003e-02, 0.,
    7.00000003e-02, 1.40000001e-01, 0., 7.00000003e-02, 2.10000008e-01,
    0., 1.05000004e-01, 3.50000001e-02, 0., 1.05000004e-01,
    1.05000004e-01, 0., 1.05000004e-01, 1.74999997e-01, 0.,
    1.05000004e-01, 2.45000005e-01, 0., 1.40000001e-01, 0., 0.,
    1.40000001e-01, 7.00000003e-02, 0., 1.40000001e-01, 1.40000001e-01,
    0., 1.40000001e-01, 2.10000008e-01, 0., 1.74999997e-01,
    3.50000001e-02, 0., 1.74999997e-01, 1.05000004e-01, 0.,
    1.74999997e-01, 1.74999997e-01, 0., 1.74999997e-01, 2.45000005e-01,
    0., 2.10000008e-01, 0., 0., 2.10000008e-01, 7.00000003e-02, 0.,
    2.10000008e-01, 1.40000001e-01, 0., 2.10000008e-01, 2.10000008e-01,
    0., 2.45000005e-01, 3.50000001e-02, 0., 2.45000005e-01,
    1.05000004e-01, 0., 2.45000005e-01, 1.74999997e-01, 0.,
    2.45000005e-01, 2.45000005e-01, 0., 2.80000001e-01, 0., 0.,
    2.80000001e-01, 7.00000003e-02, 0., 2.80000001e-01, 1.40000001e-01,
    0., 2.80000001e-01, 2.10000008e-01, 0., 3.14999998e-01,
    3.50000001e-02, 0., 3.14999998e-01, 1.05000004e-01, 0.,
    3.14999998e-01, 1.74999997e-01, 0., 3.14999998e-01, 2.45000005e-01,
    0., 3.49999994e-01, 0., 0., 3.49999994e-01, 7.00000003e-02, 0.,
    3.49999994e-01, 1.40000001e-01, 0., 3.49999994e-01, 2.10000008e-01,
    0. ]
CalibrationFrameExtRotation: !!opencv-matrix
   rows: 3
   cols: 1
   dt: d
   data: [ 3.4652377600152451e-01, -2.6365354794006053e+00,
       1.6823133893898379e-01 ]
CalibrationFrameExtTranslation: !!opencv-matrix
   rows: 3
   cols: 1
   dt: d
   data: [ -1.9167449849002727e-01, -4.1689008903009800e-01,
       1.4993597042000693e+00 ]
CalibrationFrameRMSerror: 3.3232364058494568e-01
