%YAML:1.0
---
CalibrationFramePatternImage: [ 2.80089569e+02, 8.80267181e+01,
    2.98792603e+02, 1.15759590e+02, 3.17570862e+02, 1.43784470e+02,
    3.37167725e+02, 1.72865280e+02, 2.74751129e+02, 1.06397743e+02,
    2.93725006e+02, 1.34812393e+02, 3.13157562e+02, 1.64399811e+02,
    3.33100647e+02, 1.94426712e+02, 2.50675766e+02, 9.72983398e+01,
    2.69542450e+02, 1.25843925e+02, 2.88647217e+02, 1.55290070e+02,
    3.08669159e+02, 1.85865189e+02, 2.44583664e+02, 1.16533173e+02,
    2.63655121e+02, 1.46155960e+02, 2.83523621e+02, 1.76829224e+02,
    3.04042206e+02, 2.08016022e+02, 2.19169083e+02, 1.06943611e+02,
    2.38606415e+02, 1.36909409e+02, 2.57903198e+02, 1.67522690e+02,
    2.78278870e+02, 1.99013763e+02, 2.12232437e+02, 1.27245865e+02,
    2.31699722e+02, 1.58023804e+02, 2.52014297e+02, 1.89843201e+02,
    2.72810181e+02, 2.22568375e+02, 1.85696564e+02, 1.17328629e+02,
    2.05157593e+02, 1.48677170e+02, 2.25092850e+02, 1.80741852e+02,
    2.45644913e+02, 2.13445160e+02, 1.77704437e+02, 1.38755707e+02,
    1.97569580e+02, 1.70887817e+02, 2.18079849e+02, 2.04397980e+02,
    2.39379379e+02, 2.38228760e+02, 1.49829834e+02, 1.28686066e+02,
    1.69343307e+02, 1.61150070e+02, 1.89607086e+02, 1.94580444e+02,
    2.10819946e+02, 2.28811829e+02, 1.40747833e+02, 1.50626755e+02,
    1.60471893e+02, 1.84351410e+02, 1.81456024e+02, 2.19218674e+02,
    2.03124924e+02, 2.54826660e+02, 1.11225906e+02, 1.39792374e+02,
    1.31078308e+02, 1.74016968e+02, 1.51666565e+02, 2.09282333e+02,
    1.73043945e+02, 2.45234070e+02 ]
CalibrationFramePatternWorld: [ 0., 0., 0., 0., 7.00000003e-02, 0., 0.,
    1.40000001e-01, 0., 0., 2.10000008e-01, 0., 3.50000001e-02,
    3.50000001e-02, 0., 3.50000001e-02, 1.05000004e-01, 0.,
    3.50000001e-02, 1.74999997e-01, 0., 3.50000001e-02, 2.45000005e-01,
    0., 7.00000003e-02, 0., 0., 7.00000003e-02, 7.00000003e-02, 0.,
    7.00000003e-02, 1.40000001e-01, 0., 7.00000003e-02, 2.10000008e-01,
    0., 1.05000004e-01, 3.50000001e-02, 0., 1.05000004e-01,
    1.05000004e-01, 0., 1.05000004e-01, 1.74999997e-01, 0.,
    1.05000004e-01, 2.45000005e-01, 0., 1.40000001e-01, 0., 0.,
    1.40000001e-01, 7.00000003e-02, 0., 1.40000001e-01, 1.40000001e-01,
    0., 1.40000001e-01, 2.10000008e-01, 0., 1.74999997e-01,
    3.50000001e-02, 0., 1.74999997e-01, 1.05000004e-01, 0.,
    1.74999997e-01, 1.74999997e-01, 0., 1.74999997e-01, 2.45000005e-01,
    0., 2.10000008e-01, 0., 0., 2.10000008e-01, 7.00000003e-02, 0.,
    2.10000008e-01, 1.40000001e-01, 0., 2.10000008e-01, 2.10000008e-01,
    0., 2.45000005e-01, 3.50000001e-02, 0., 2.45000005e-01,
    1.05000004e-01, 0., 2.45000005e-01, 1.74999997e-01, 0.,
    2.45000005e-01, 2.45000005e-01, 0., 2.80000001e-01, 0., 0.,
    2.80000001e-01, 7.00000003e-02, 0., 2.80000001e-01, 1.40000001e-01,
    0., 2.80000001e-01, 2.10000008e-01, 0., 3.14999998e-01,
    3.50000001e-02, 0., 3.14999998e-01, 1.05000004e-01, 0.,
    3.14999998e-01, 1.74999997e-01, 0., 3.14999998e-01, 2.45000005e-01,
    0., 3.49999994e-01, 0., 0., 3.49999994e-01, 7.00000003e-02, 0.,
    3.49999994e-01, 1.40000001e-01, 0., 3.49999994e-01, 2.10000008e-01,
    0. ]
CalibrationFrameExtRotation: !!opencv-matrix
   rows: 3
   cols: 1
   dt: d
   data: [ 6.7513815163744428e-01, 2.4931851763494342e+00,
       -4.2822534818225183e-01 ]
CalibrationFrameExtTranslation: !!opencv-matrix
   rows: 3
   cols: 1
   dt: d
   data: [ -1.3996862883866271e-01, -2.7357000072442089e-01,
       1.2363648032221826e+00 ]
CalibrationFrameRMSerror: 3.8635984063148499e-01
