%YAML:1.0
---
CalibrationFramePatternImage: [ 3.87567017e+02, 5.93744164e+01,
    3.83014984e+02, 9.57990494e+01, 3.78730530e+02, 1.32097031e+02,
    3.74106812e+02, 1.68759140e+02, 3.66742798e+02, 7.59613037e+01,
    3.62585876e+02, 1.12069550e+02, 3.58068207e+02, 1.48727386e+02,
    3.53092224e+02, 1.85485779e+02, 3.50693054e+02, 5.63971901e+01,
    3.46194672e+02, 9.22022247e+01, 3.42018219e+02, 1.28589645e+02,
    3.37173340e+02, 1.65448593e+02, 3.30230835e+02, 7.26154175e+01,
    3.25711639e+02, 1.08589111e+02, 3.21235321e+02, 1.45146851e+02,
    3.16468994e+02, 1.81775314e+02, 3.14425507e+02, 5.30149078e+01,
    3.09661835e+02, 8.89613037e+01, 3.05180389e+02, 1.25102341e+02,
    3.00802094e+02, 1.61705078e+02, 2.93673157e+02, 6.92604752e+01,
    2.89308960e+02, 1.05222633e+02, 2.84719299e+02, 1.41507202e+02,
    2.79791534e+02, 1.78117310e+02, 2.77970673e+02, 4.98089943e+01,
    2.73203857e+02, 8.55441589e+01, 2.68804382e+02, 1.21714287e+02,
    2.63850647e+02, 1.57971924e+02, 2.57521759e+02, 6.59102478e+01,
    2.53012833e+02, 1.01762611e+02, 2.48198959e+02, 1.38064255e+02,
    2.43127991e+02, 1.74495514e+02, 2.41939102e+02, 4.67213249e+01,
    2.36960205e+02, 8.22907257e+01, 2.32338165e+02, 1.18066368e+02,
    2.27672638e+02, 1.54452255e+02, 2.21311493e+02, 6.24323044e+01,
    2.16316422e+02, 9.80828552e+01, 2.11705551e+02, 1.34330460e+02,
    2.06675964e+02, 1.70719193e+02, 2.05756638e+02, 4.29540749e+01,
    2.00616699e+02, 7.84032059e+01, 1.95927383e+02, 1.14354774e+02,
    1.90819305e+02, 1.50608627e+02 ]
CalibrationFramePatternWorld: [ 0., 0., 0., 0., 7.00000003e-02, 0., 0.,
    1.40000001e-01, 0., 0., 2.10000008e-01, 0., 3.50000001e-02,
    3.50000001e-02, 0., 3.50000001e-02, 1.05000004e-01, 0.,
    3.50000001e-02, 1.74999997e-01, 0., 3.50000001e-02, 2.45000005e-01,
    0., 7.00000003e-02, 0., 0., 7.00000003e-02, 7.00000003e-02, 0.,
    7.00000003e-02, 1.40000001e-01, 0., 7.00000003e-02, 2.10000008e-01,
    0., 1.05000004e-01, 3.50000001e-02, 0., 1.05000004e-01,
    1.05000004e-01, 0., 1.05000004e-01, 1.74999997e-01, 0.,
    1.05000004e-01, 2.45000005e-01, 0., 1.40000001e-01, 0., 0.,
    1.40000001e-01, 7.00000003e-02, 0., 1.40000001e-01, 1.40000001e-01,
    0., 1.40000001e-01, 2.10000008e-01, 0., 1.74999997e-01,
    3.50000001e-02, 0., 1.74999997e-01, 1.05000004e-01, 0.,
    1.74999997e-01, 1.74999997e-01, 0., 1.74999997e-01, 2.45000005e-01,
    0., 2.10000008e-01, 0., 0., 2.10000008e-01, 7.00000003e-02, 0.,
    2.10000008e-01, 1.40000001e-01, 0., 2.10000008e-01, 2.10000008e-01,
    0., 2.45000005e-01, 3.50000001e-02, 0., 2.45000005e-01,
    1.05000004e-01, 0., 2.45000005e-01, 1.74999997e-01, 0.,
    2.45000005e-01, 2.45000005e-01, 0., 2.80000001e-01, 0., 0.,
    2.80000001e-01, 7.00000003e-02, 0., 2.80000001e-01, 1.40000001e-01,
    0., 2.80000001e-01, 2.10000008e-01, 0., 3.14999998e-01,
    3.50000001e-02, 0., 3.14999998e-01, 1.05000004e-01, 0.,
    3.14999998e-01, 1.74999997e-01, 0., 3.14999998e-01, 2.45000005e-01,
    0., 3.49999994e-01, 0., 0., 3.49999994e-01, 7.00000003e-02, 0.,
    3.49999994e-01, 1.40000001e-01, 0., 3.49999994e-01, 2.10000008e-01,
    0. ]
CalibrationFrameExtRotation: !!opencv-matrix
   rows: 3
   cols: 1
   dt: d
   data: [ 1.7310671038443340e-01, -3.0650581873746163e+00,
       1.1936457111312927e-01 ]
CalibrationFrameExtTranslation: !!opencv-matrix
   rows: 3
   cols: 1
   dt: d
   data: [ 6.8624339478760080e-02, -3.1263182359980241e-01,
       1.1764325698312619e+00 ]
CalibrationFrameRMSerror: 3.5173171758651733e-01
