%YAML:1.0
---
CalibrationFramePatternImage: [ 5.63418152e+02, 1.76953644e+02,
    5.60306152e+02, 1.92778656e+02, 5.57148743e+02, 2.08447800e+02,
    5.53804626e+02, 2.24244186e+02, 5.53433167e+02, 1.83580322e+02,
    5.50242798e+02, 1.99356827e+02, 5.46914185e+02, 2.14975449e+02,
    5.43371338e+02, 2.30710266e+02, 5.46353516e+02, 1.74911606e+02,
    5.43249939e+02, 1.90273087e+02, 5.39992432e+02, 2.05807220e+02,
    5.36632507e+02, 2.21419861e+02, 5.36394409e+02, 1.81473938e+02,
    5.33196655e+02, 1.96783707e+02, 5.29906921e+02, 2.12252426e+02,
    5.26491638e+02, 2.27780563e+02, 5.29731262e+02, 1.72674240e+02,
    5.26588501e+02, 1.87906570e+02, 5.23419189e+02, 2.03199509e+02,
    5.20099731e+02, 2.18581726e+02, 5.19990967e+02, 1.79205154e+02,
    5.16706665e+02, 1.94360001e+02, 5.13248474e+02, 2.09529984e+02,
    5.09875977e+02, 2.24958511e+02, 5.13218018e+02, 1.70448624e+02,
    5.10152618e+02, 1.85595184e+02, 5.06901428e+02, 2.00644302e+02,
    5.03488403e+02, 2.15839264e+02, 5.03586761e+02, 1.76993759e+02,
    5.00520172e+02, 1.91941727e+02, 4.97171967e+02, 2.07036835e+02,
    4.93862091e+02, 2.22161865e+02, 4.97263184e+02, 1.68556580e+02,
    4.94107727e+02, 1.83350693e+02, 4.90789917e+02, 1.98094604e+02,
    4.87517883e+02, 2.13273331e+02, 4.87846924e+02, 1.74809784e+02,
    4.84625214e+02, 1.89524582e+02, 4.81399231e+02, 2.04486801e+02,
    4.77984222e+02, 2.19453842e+02, 4.81583649e+02, 1.66432556e+02,
    4.78337799e+02, 1.81111984e+02, 4.75120575e+02, 1.95881424e+02,
    4.71673981e+02, 2.10721664e+02 ]
CalibrationFramePatternWorld: [ 0., 0., 0., 0., 7.00000003e-02, 0., 0.,
    1.40000001e-01, 0., 0., 2.10000008e-01, 0., 3.50000001e-02,
    3.50000001e-02, 0., 3.50000001e-02, 1.05000004e-01, 0.,
    3.50000001e-02, 1.74999997e-01, 0., 3.50000001e-02, 2.45000005e-01,
    0., 7.00000003e-02, 0., 0., 7.00000003e-02, 7.00000003e-02, 0.,
    7.00000003e-02, 1.40000001e-01, 0., 7.00000003e-02, 2.10000008e-01,
    0., 1.05000004e-01, 3.50000001e-02, 0., 1.05000004e-01,
    1.05000004e-01, 0., 1.05000004e-01, 1.74999997e-01, 0.,
    1.05000004e-01, 2.45000005e-01, 0., 1.40000001e-01, 0., 0.,
    1.40000001e-01, 7.00000003e-02, 0., 1.40000001e-01, 1.40000001e-01,
    0., 1.40000001e-01, 2.10000008e-01, 0., 1.74999997e-01,
    3.50000001e-02, 0., 1.74999997e-01, 1.05000004e-01, 0.,
    1.74999997e-01, 1.74999997e-01, 0., 1.74999997e-01, 2.45000005e-01,
    0., 2.10000008e-01, 0., 0., 2.10000008e-01, 7.00000003e-02, 0.,
    2.10000008e-01, 1.40000001e-01, 0., 2.10000008e-01, 2.10000008e-01,
    0., 2.45000005e-01, 3.50000001e-02, 0., 2.45000005e-01,
    1.05000004e-01, 0., 2.45000005e-01, 1.74999997e-01, 0.,
    2.45000005e-01, 2.45000005e-01, 0., 2.80000001e-01, 0., 0.,
    2.80000001e-01, 7.00000003e-02, 0., 2.80000001e-01, 1.40000001e-01,
    0., 2.80000001e-01, 2.10000008e-01, 0., 3.14999998e-01,
    3.50000001e-02, 0., 3.14999998e-01, 1.05000004e-01, 0.,
    3.14999998e-01, 1.74999997e-01, 0., 3.14999998e-01, 2.45000005e-01,
    0., 3.49999994e-01, 0., 0., 3.49999994e-01, 7.00000003e-02, 0.,
    3.49999994e-01, 1.40000001e-01, 0., 3.49999994e-01, 2.10000008e-01,
    0. ]
CalibrationFrameExtRotation: !!opencv-matrix
   rows: 3
   cols: 1
   dt: d
   data: [ 2.9666988769182889e-01, -2.7429274548851281e+00,
       2.5997997464459627e-01 ]
CalibrationFrameExtTranslation: !!opencv-matrix
   rows: 3
   cols: 1
   dt: d
   data: [ 9.0677981227649629e-01, -2.0724892346326956e-01,
       2.6950416223569689e+00 ]
CalibrationFrameRMSerror: 1.2962019443511963e-01
