%YAML:1.0
---
CalibrationFramePatternImage: [ 1.80943970e+02, 2.04913162e+02,
    1.82949234e+02, 2.30642426e+02, 1.84674759e+02, 2.55911682e+02,
    1.86622864e+02, 2.81435699e+02, 1.68447632e+02, 2.18534576e+02,
    1.70465317e+02, 2.44062469e+02, 1.72369705e+02, 2.69742615e+02,
    1.74417572e+02, 2.95158356e+02, 1.54011566e+02, 2.06446793e+02,
    1.55909348e+02, 2.32151733e+02, 1.57937088e+02, 2.57899811e+02,
    1.59963684e+02, 2.83603577e+02, 1.41358292e+02, 2.19987930e+02,
    1.43238968e+02, 2.45981125e+02, 1.45475189e+02, 2.71712982e+02,
    1.47611221e+02, 2.97598907e+02, 1.26503922e+02, 2.07674652e+02,
    1.28587357e+02, 2.33958862e+02, 1.30701843e+02, 2.59837982e+02,
    1.32976944e+02, 2.85838776e+02, 1.13561310e+02, 2.21607681e+02,
    1.15743942e+02, 2.47740921e+02, 1.17878479e+02, 2.73851990e+02,
    1.20249458e+02, 3.00076599e+02, 9.84949646e+01, 2.09073120e+02,
    1.00592361e+02, 2.35688599e+02, 1.03042854e+02, 2.61849823e+02,
    1.05170517e+02, 2.88202728e+02, 8.54494705e+01, 2.23168533e+02,
    8.77622604e+01, 2.49639923e+02, 9.01541519e+01, 2.76227966e+02,
    9.24442596e+01, 3.02591919e+02, 7.00488205e+01, 2.10716263e+02,
    7.23664627e+01, 2.37383942e+02, 7.48399429e+01, 2.64023376e+02,
    7.72708817e+01, 2.90658752e+02, 5.68638992e+01, 2.24895309e+02,
    5.91917038e+01, 2.51670013e+02, 6.16712952e+01, 2.78400970e+02,
    6.41706085e+01, 3.05084869e+02, 4.09937859e+01, 2.12129395e+02,
    4.33809700e+01, 2.39424942e+02, 4.59283180e+01, 2.66135803e+02,
    4.84680328e+01, 2.93116516e+02 ]
CalibrationFramePatternWorld: [ 0., 0., 0., 0., 7.00000003e-02, 0., 0.,
    1.40000001e-01, 0., 0., 2.10000008e-01, 0., 3.50000001e-02,
    3.50000001e-02, 0., 3.50000001e-02, 1.05000004e-01, 0.,
    3.50000001e-02, 1.74999997e-01, 0., 3.50000001e-02, 2.45000005e-01,
    0., 7.00000003e-02, 0., 0., 7.00000003e-02, 7.00000003e-02, 0.,
    7.00000003e-02, 1.40000001e-01, 0., 7.00000003e-02, 2.10000008e-01,
    0., 1.05000004e-01, 3.50000001e-02, 0., 1.05000004e-01,
    1.05000004e-01, 0., 1.05000004e-01, 1.74999997e-01, 0.,
    1.05000004e-01, 2.45000005e-01, 0., 1.40000001e-01, 0., 0.,
    1.40000001e-01, 7.00000003e-02, 0., 1.40000001e-01, 1.40000001e-01,
    0., 1.40000001e-01, 2.10000008e-01, 0., 1.74999997e-01,
    3.50000001e-02, 0., 1.74999997e-01, 1.05000004e-01, 0.,
    1.74999997e-01, 1.74999997e-01, 0., 1.74999997e-01, 2.45000005e-01,
    0., 2.10000008e-01, 0., 0., 2.10000008e-01, 7.00000003e-02, 0.,
    2.10000008e-01, 1.40000001e-01, 0., 2.10000008e-01, 2.10000008e-01,
    0., 2.45000005e-01, 3.50000001e-02, 0., 2.45000005e-01,
    1.05000004e-01, 0., 2.45000005e-01, 1.74999997e-01, 0.,
    2.45000005e-01, 2.45000005e-01, 0., 2.80000001e-01, 0., 0.,
    2.80000001e-01, 7.00000003e-02, 0., 2.80000001e-01, 1.40000001e-01,
    0., 2.80000001e-01, 2.10000008e-01, 0., 3.14999998e-01,
    3.50000001e-02, 0., 3.14999998e-01, 1.05000004e-01, 0.,
    3.14999998e-01, 1.74999997e-01, 0., 3.14999998e-01, 2.45000005e-01,
    0., 3.49999994e-01, 0., 0., 3.49999994e-01, 7.00000003e-02, 0.,
    3.49999994e-01, 1.40000001e-01, 0., 3.49999994e-01, 2.10000008e-01,
    0. ]
CalibrationFrameExtRotation: !!opencv-matrix
   rows: 3
   cols: 1
   dt: d
   data: [ 8.7481657867248139e-02, 2.9759171997172498e+00,
       1.2285623063567452e-01 ]
CalibrationFrameExtTranslation: !!opencv-matrix
   rows: 3
   cols: 1
   dt: d
   data: [ -4.5463924374729969e-01, -5.6307245617787952e-02,
       1.6765549046102299e+00 ]
CalibrationFrameRMSerror: 2.5216481089591980e-01
