%YAML:1.0
---
CalibrationFramePatternImage: [ 2.62123535e+02, 3.55380341e+02,
    2.64855713e+02, 3.74705627e+02, 2.67730896e+02, 3.93890839e+02,
    2.70730286e+02, 4.13261139e+02, 2.54830963e+02, 3.66541382e+02,
    2.57528229e+02, 3.85788208e+02, 2.60487122e+02, 4.04912537e+02,
    2.63457153e+02, 4.24720093e+02, 2.44876114e+02, 3.58819672e+02,
    2.47555222e+02, 3.77766296e+02, 2.50446106e+02, 3.96788483e+02,
    2.53321548e+02, 4.16170349e+02, 2.37766678e+02, 3.69627228e+02,
    2.40360672e+02, 3.88635925e+02, 2.43287735e+02, 4.07904175e+02,
    2.46009857e+02, 4.27276611e+02, 2.27859482e+02, 3.61971741e+02,
    2.30481827e+02, 3.80902100e+02, 2.33160599e+02, 3.99705841e+02,
    2.35969482e+02, 4.18857483e+02, 2.20813828e+02, 3.72812012e+02,
    2.23446915e+02, 3.91658447e+02, 2.26053970e+02, 4.10668304e+02,
    2.28712738e+02, 4.30163116e+02, 2.11204391e+02, 3.65015808e+02,
    2.13660263e+02, 3.83807251e+02, 2.16284500e+02, 4.02595062e+02,
    2.18792496e+02, 4.21705139e+02, 2.03990311e+02, 3.76084961e+02,
    2.06569824e+02, 3.94639496e+02, 2.09070587e+02, 4.13559052e+02,
    2.11733765e+02, 4.32792297e+02, 1.94361023e+02, 3.68354370e+02,
    1.96925125e+02, 3.86678040e+02, 1.99524963e+02, 4.05415527e+02,
    2.02105637e+02, 4.24353821e+02, 1.87471161e+02, 3.79030518e+02,
    1.89785690e+02, 3.97506561e+02, 1.92237946e+02, 4.16279572e+02,
    1.94831009e+02, 4.35279724e+02, 1.77909943e+02, 3.71505493e+02,
    1.80111603e+02, 3.90005005e+02, 1.82664734e+02, 4.08451324e+02,
    1.84991867e+02, 4.27265076e+02 ]
CalibrationFramePatternWorld: [ 0., 0., 0., 0., 7.00000003e-02, 0., 0.,
    1.40000001e-01, 0., 0., 2.10000008e-01, 0., 3.50000001e-02,
    3.50000001e-02, 0., 3.50000001e-02, 1.05000004e-01, 0.,
    3.50000001e-02, 1.74999997e-01, 0., 3.50000001e-02, 2.45000005e-01,
    0., 7.00000003e-02, 0., 0., 7.00000003e-02, 7.00000003e-02, 0.,
    7.00000003e-02, 1.40000001e-01, 0., 7.00000003e-02, 2.10000008e-01,
    0., 1.05000004e-01, 3.50000001e-02, 0., 1.05000004e-01,
    1.05000004e-01, 0., 1.05000004e-01, 1.74999997e-01, 0.,
    1.05000004e-01, 2.45000005e-01, 0., 1.40000001e-01, 0., 0.,
    1.40000001e-01, 7.00000003e-02, 0., 1.40000001e-01, 1.40000001e-01,
    0., 1.40000001e-01, 2.10000008e-01, 0., 1.74999997e-01,
    3.50000001e-02, 0., 1.74999997e-01, 1.05000004e-01, 0.,
    1.74999997e-01, 1.74999997e-01, 0., 1.74999997e-01, 2.45000005e-01,
    0., 2.10000008e-01, 0., 0., 2.10000008e-01, 7.00000003e-02, 0.,
    2.10000008e-01, 1.40000001e-01, 0., 2.10000008e-01, 2.10000008e-01,
    0., 2.45000005e-01, 3.50000001e-02, 0., 2.45000005e-01,
    1.05000004e-01, 0., 2.45000005e-01, 1.74999997e-01, 0.,
    2.45000005e-01, 2.45000005e-01, 0., 2.80000001e-01, 0., 0.,
    2.80000001e-01, 7.00000003e-02, 0., 2.80000001e-01, 1.40000001e-01,
    0., 2.80000001e-01, 2.10000008e-01, 0., 3.14999998e-01,
    3.50000001e-02, 0., 3.14999998e-01, 1.05000004e-01, 0.,
    3.14999998e-01, 1.74999997e-01, 0., 3.14999998e-01, 2.45000005e-01,
    0., 3.49999994e-01, 0., 0., 3.49999994e-01, 7.00000003e-02, 0.,
    3.49999994e-01, 1.40000001e-01, 0., 3.49999994e-01, 2.10000008e-01,
    0. ]
CalibrationFrameExtRotation: !!opencv-matrix
   rows: 3
   cols: 1
   dt: d
   data: [ -2.9145914768170833e-01, -2.8879640653820666e+00,
       2.1434892474193967e-01 ]
CalibrationFrameExtTranslation: !!opencv-matrix
   rows: 3
   cols: 1
   dt: d
   data: [ -3.3213761443798084e-01, 4.8927686855656127e-01,
       2.3437934559291893e+00 ]
CalibrationFrameRMSerror: 1.5816649794578552e-01
