%YAML:1.0
---
CalibrationFramePatternImage: [ 3.99489410e+02, 1.44645889e+02,
    4.03910248e+02, 1.59611008e+02, 4.08317474e+02, 1.74131775e+02,
    4.12868927e+02, 1.88791336e+02, 3.94254883e+02, 1.54284851e+02,
    3.98740692e+02, 1.69120682e+02, 4.03207306e+02, 1.83891617e+02,
    4.07889099e+02, 1.98573853e+02, 3.84834229e+02, 1.49110931e+02,
    3.89209442e+02, 1.64055344e+02, 3.93735596e+02, 1.78864746e+02,
    3.98217987e+02, 1.93658066e+02, 3.79750946e+02, 1.58911514e+02,
    3.84013062e+02, 1.73625534e+02, 3.88725067e+02, 1.88499237e+02,
    3.93419983e+02, 2.03240067e+02, 3.70208221e+02, 1.53795258e+02,
    3.74566986e+02, 1.68801956e+02, 3.79172333e+02, 1.83438385e+02,
    3.83895386e+02, 1.98167374e+02, 3.64995941e+02, 1.63552338e+02,
    3.69579742e+02, 1.78392181e+02, 3.74215485e+02, 1.93204178e+02,
    3.78944641e+02, 2.08117371e+02, 3.55459442e+02, 1.58246323e+02,
    3.59817139e+02, 1.73223862e+02, 3.64671539e+02, 1.88155716e+02,
    3.69292175e+02, 2.02975159e+02, 3.50149994e+02, 1.68129715e+02,
    3.54906158e+02, 1.82884018e+02, 3.59699097e+02, 1.97900269e+02,
    3.64523102e+02, 2.12794601e+02, 3.40640106e+02, 1.63099548e+02,
    3.45148010e+02, 1.78109055e+02, 3.49775024e+02, 1.92917740e+02,
    3.54769379e+02, 2.07653519e+02, 3.35323486e+02, 1.72835571e+02,
    3.40091492e+02, 1.87743652e+02, 3.44956909e+02, 2.02832336e+02,
    3.49794495e+02, 2.17727585e+02, 3.25773407e+02, 1.67443344e+02,
    3.30583740e+02, 1.82613831e+02, 3.35158356e+02, 1.97460632e+02,
    3.40157013e+02, 2.12603302e+02 ]
CalibrationFramePatternWorld: [ 0., 0., 0., 0., 7.00000003e-02, 0., 0.,
    1.40000001e-01, 0., 0., 2.10000008e-01, 0., 3.50000001e-02,
    3.50000001e-02, 0., 3.50000001e-02, 1.05000004e-01, 0.,
    3.50000001e-02, 1.74999997e-01, 0., 3.50000001e-02, 2.45000005e-01,
    0., 7.00000003e-02, 0., 0., 7.00000003e-02, 7.00000003e-02, 0.,
    7.00000003e-02, 1.40000001e-01, 0., 7.00000003e-02, 2.10000008e-01,
    0., 1.05000004e-01, 3.50000001e-02, 0., 1.05000004e-01,
    1.05000004e-01, 0., 1.05000004e-01, 1.74999997e-01, 0.,
    1.05000004e-01, 2.45000005e-01, 0., 1.40000001e-01, 0., 0.,
    1.40000001e-01, 7.00000003e-02, 0., 1.40000001e-01, 1.40000001e-01,
    0., 1.40000001e-01, 2.10000008e-01, 0., 1.74999997e-01,
    3.50000001e-02, 0., 1.74999997e-01, 1.05000004e-01, 0.,
    1.74999997e-01, 1.74999997e-01, 0., 1.74999997e-01, 2.45000005e-01,
    0., 2.10000008e-01, 0., 0., 2.10000008e-01, 7.00000003e-02, 0.,
    2.10000008e-01, 1.40000001e-01, 0., 2.10000008e-01, 2.10000008e-01,
    0., 2.45000005e-01, 3.50000001e-02, 0., 2.45000005e-01,
    1.05000004e-01, 0., 2.45000005e-01, 1.74999997e-01, 0.,
    2.45000005e-01, 2.45000005e-01, 0., 2.80000001e-01, 0., 0.,
    2.80000001e-01, 7.00000003e-02, 0., 2.80000001e-01, 1.40000001e-01,
    0., 2.80000001e-01, 2.10000008e-01, 0., 3.14999998e-01,
    3.50000001e-02, 0., 3.14999998e-01, 1.05000004e-01, 0.,
    3.14999998e-01, 1.74999997e-01, 0., 3.14999998e-01, 2.45000005e-01,
    0., 3.49999994e-01, 0., 0., 3.49999994e-01, 7.00000003e-02, 0.,
    3.49999994e-01, 1.40000001e-01, 0., 3.49999994e-01, 2.10000008e-01,
    0. ]
CalibrationFrameExtRotation: !!opencv-matrix
   rows: 3
   cols: 1
   dt: d
   data: [ 4.6366122620792433e-01, 2.9485809389164288e+00,
       1.0215842269287213e-01 ]
CalibrationFrameExtTranslation: !!opencv-matrix
   rows: 3
   cols: 1
   dt: d
   data: [ 2.1760336495947791e-01, -3.6514325469636938e-01,
       2.8200699791516355e+00 ]
CalibrationFrameRMSerror: 1.5815559029579163e-01
