%YAML:1.0
---
CalibrationFramePatternImage: [ 5.92938660e+02, 3.57023773e+01,
    5.89319275e+02, 5.39637604e+01, 5.85781372e+02, 7.19648209e+01,
    5.82018616e+02, 9.00186234e+01, 5.81904419e+02, 4.33844185e+01,
    5.78269287e+02, 6.13487816e+01, 5.74730957e+02, 7.95486984e+01,
    5.71127380e+02, 9.77553940e+01, 5.74791016e+02, 3.27287178e+01,
    5.71131592e+02, 5.07316971e+01, 5.67369507e+02, 6.88452835e+01,
    5.63827454e+02, 8.70656052e+01, 5.63721436e+02, 4.02605667e+01,
    5.60101013e+02, 5.83061104e+01, 5.56597717e+02, 7.66017609e+01,
    5.53298584e+02, 9.46705856e+01, 5.56616455e+02, 2.94560452e+01,
    5.52902222e+02, 4.76842766e+01, 5.49241638e+02, 6.58016586e+01,
    5.45994995e+02, 8.39459839e+01, 5.45616516e+02, 3.71184196e+01,
    5.42024963e+02, 5.52690048e+01, 5.38586304e+02, 7.33804932e+01,
    5.35202942e+02, 9.16800003e+01, 5.38499023e+02, 2.63643570e+01,
    5.34855713e+02, 4.45129814e+01, 5.31180969e+02, 6.27700653e+01,
    5.27828735e+02, 8.08957062e+01, 5.27441956e+02, 3.40269661e+01,
    5.23971497e+02, 5.21204529e+01, 5.20557190e+02, 7.04950256e+01,
    5.17220398e+02, 8.86997604e+01, 5.20236511e+02, 2.33096619e+01,
    5.16687622e+02, 4.13119507e+01, 5.13150879e+02, 5.96063805e+01,
    5.09859772e+02, 7.78689880e+01, 5.09519440e+02, 3.07314129e+01,
    5.05965759e+02, 4.89927521e+01, 5.02484711e+02, 6.72771225e+01,
    4.99377197e+02, 8.54925079e+01, 5.02368164e+02, 1.99659653e+01,
    4.98904877e+02, 3.82378654e+01, 4.95178406e+02, 5.65964317e+01,
    4.91845398e+02, 7.46506119e+01 ]
CalibrationFramePatternWorld: [ 0., 0., 0., 0., 7.00000003e-02, 0., 0.,
    1.40000001e-01, 0., 0., 2.10000008e-01, 0., 3.50000001e-02,
    3.50000001e-02, 0., 3.50000001e-02, 1.05000004e-01, 0.,
    3.50000001e-02, 1.74999997e-01, 0., 3.50000001e-02, 2.45000005e-01,
    0., 7.00000003e-02, 0., 0., 7.00000003e-02, 7.00000003e-02, 0.,
    7.00000003e-02, 1.40000001e-01, 0., 7.00000003e-02, 2.10000008e-01,
    0., 1.05000004e-01, 3.50000001e-02, 0., 1.05000004e-01,
    1.05000004e-01, 0., 1.05000004e-01, 1.74999997e-01, 0.,
    1.05000004e-01, 2.45000005e-01, 0., 1.40000001e-01, 0., 0.,
    1.40000001e-01, 7.00000003e-02, 0., 1.40000001e-01, 1.40000001e-01,
    0., 1.40000001e-01, 2.10000008e-01, 0., 1.74999997e-01,
    3.50000001e-02, 0., 1.74999997e-01, 1.05000004e-01, 0.,
    1.74999997e-01, 1.74999997e-01, 0., 1.74999997e-01, 2.45000005e-01,
    0., 2.10000008e-01, 0., 0., 2.10000008e-01, 7.00000003e-02, 0.,
    2.10000008e-01, 1.40000001e-01, 0., 2.10000008e-01, 2.10000008e-01,
    0., 2.45000005e-01, 3.50000001e-02, 0., 2.45000005e-01,
    1.05000004e-01, 0., 2.45000005e-01, 1.74999997e-01, 0.,
    2.45000005e-01, 2.45000005e-01, 0., 2.80000001e-01, 0., 0.,
    2.80000001e-01, 7.00000003e-02, 0., 2.80000001e-01, 1.40000001e-01,
    0., 2.80000001e-01, 2.10000008e-01, 0., 3.14999998e-01,
    3.50000001e-02, 0., 3.14999998e-01, 1.05000004e-01, 0.,
    3.14999998e-01, 1.74999997e-01, 0., 3.14999998e-01, 2.45000005e-01,
    0., 3.49999994e-01, 0., 0., 3.49999994e-01, 7.00000003e-02, 0.,
    3.49999994e-01, 1.40000001e-01, 0., 3.49999994e-01, 2.10000008e-01,
    0. ]
CalibrationFrameExtRotation: !!opencv-matrix
   rows: 3
   cols: 1
   dt: d
   data: [ 2.7051618072749573e-01, -3.1535641862457457e+00,
       -6.8369205467263203e-02 ]
CalibrationFrameExtTranslation: !!opencv-matrix
   rows: 3
   cols: 1
   dt: d
   data: [ 9.2032444200475239e-01, -7.2854309094132230e-01,
       2.4160769327749199e+00 ]
CalibrationFrameRMSerror: 1.4969059824943542e-01
