%YAML:1.0
---
CalibrationFramePatternImage: [ 3.97762207e+02, 1.46589676e+02,
    4.01117859e+02, 1.61780533e+02, 4.04847290e+02, 1.76531982e+02,
    4.08411224e+02, 1.91286499e+02, 3.91934753e+02, 1.55804794e+02,
    3.95482910e+02, 1.70964554e+02, 3.99119995e+02, 1.86001785e+02,
    4.02940826e+02, 2.00930130e+02, 3.82842010e+02, 1.50404251e+02,
    3.86323059e+02, 1.65358551e+02, 3.90125031e+02, 1.80276672e+02,
    3.93807526e+02, 1.95362366e+02, 3.77115601e+02, 1.59916763e+02,
    3.80713440e+02, 1.74872253e+02, 3.84635468e+02, 1.89952454e+02,
    3.88338440e+02, 2.04865204e+02, 3.67834839e+02, 1.54175171e+02,
    3.71540436e+02, 1.69443466e+02, 3.75342712e+02, 1.84443008e+02,
    3.79281189e+02, 1.99441605e+02, 3.62198975e+02, 1.63751144e+02,
    3.65878296e+02, 1.78784775e+02, 3.69902740e+02, 1.93833725e+02,
    3.73744385e+02, 2.08986450e+02, 3.52879913e+02, 1.58020905e+02,
    3.56596954e+02, 1.73111832e+02, 3.60433380e+02, 1.88378433e+02,
    3.64335236e+02, 2.03348160e+02, 3.47196899e+02, 1.67537796e+02,
    3.51078674e+02, 1.82624863e+02, 3.55095398e+02, 1.97960587e+02,
    3.59083649e+02, 2.13001099e+02, 3.37877594e+02, 1.61836075e+02,
    3.41675354e+02, 1.77018280e+02, 3.45646820e+02, 1.92304474e+02,
    3.49664398e+02, 2.07467422e+02, 3.32209930e+02, 1.71575226e+02,
    3.35966553e+02, 1.86797760e+02, 3.40173645e+02, 2.02055222e+02,
    3.44172791e+02, 2.17224274e+02, 3.22701294e+02, 1.65770416e+02,
    3.26696198e+02, 1.81310150e+02, 3.30765900e+02, 1.96491867e+02,
    3.34780884e+02, 2.11677002e+02 ]
CalibrationFramePatternWorld: [ 0., 0., 0., 0., 7.00000003e-02, 0., 0.,
    1.40000001e-01, 0., 0., 2.10000008e-01, 0., 3.50000001e-02,
    3.50000001e-02, 0., 3.50000001e-02, 1.05000004e-01, 0.,
    3.50000001e-02, 1.74999997e-01, 0., 3.50000001e-02, 2.45000005e-01,
    0., 7.00000003e-02, 0., 0., 7.00000003e-02, 7.00000003e-02, 0.,
    7.00000003e-02, 1.40000001e-01, 0., 7.00000003e-02, 2.10000008e-01,
    0., 1.05000004e-01, 3.50000001e-02, 0., 1.05000004e-01,
    1.05000004e-01, 0., 1.05000004e-01, 1.74999997e-01, 0.,
    1.05000004e-01, 2.45000005e-01, 0., 1.40000001e-01, 0., 0.,
    1.40000001e-01, 7.00000003e-02, 0., 1.40000001e-01, 1.40000001e-01,
    0., 1.40000001e-01, 2.10000008e-01, 0., 1.74999997e-01,
    3.50000001e-02, 0., 1.74999997e-01, 1.05000004e-01, 0.,
    1.74999997e-01, 1.74999997e-01, 0., 1.74999997e-01, 2.45000005e-01,
    0., 2.10000008e-01, 0., 0., 2.10000008e-01, 7.00000003e-02, 0.,
    2.10000008e-01, 1.40000001e-01, 0., 2.10000008e-01, 2.10000008e-01,
    0., 2.45000005e-01, 3.50000001e-02, 0., 2.45000005e-01,
    1.05000004e-01, 0., 2.45000005e-01, 1.74999997e-01, 0.,
    2.45000005e-01, 2.45000005e-01, 0., 2.80000001e-01, 0., 0.,
    2.80000001e-01, 7.00000003e-02, 0., 2.80000001e-01, 1.40000001e-01,
    0., 2.80000001e-01, 2.10000008e-01, 0., 3.14999998e-01,
    3.50000001e-02, 0., 3.14999998e-01, 1.05000004e-01, 0.,
    3.14999998e-01, 1.74999997e-01, 0., 3.14999998e-01, 2.45000005e-01,
    0., 3.49999994e-01, 0., 0., 3.49999994e-01, 7.00000003e-02, 0.,
    3.49999994e-01, 1.40000001e-01, 0., 3.49999994e-01, 2.10000008e-01,
    0. ]
CalibrationFrameExtRotation: !!opencv-matrix
   rows: 3
   cols: 1
   dt: d
   data: [ 3.8645392602923551e-01, 2.9354424472289580e+00,
       1.4834230555023797e-01 ]
CalibrationFrameExtTranslation: !!opencv-matrix
   rows: 3
   cols: 1
   dt: d
   data: [ 2.0870609171834076e-01, -3.5589258660462658e-01,
       2.8124972726580579e+00 ]
CalibrationFrameRMSerror: 1.5791222453117371e-01
