%YAML:1.0
---
CalibrationFramePatternImage: [ 5.46761108e+02, 2.33101486e+02,
    5.33292603e+02, 2.73240936e+02, 5.19352234e+02, 3.14120575e+02,
    5.04886108e+02, 3.56552734e+02, 5.19802002e+02, 2.44897552e+02,
    5.06203125e+02, 2.85442993e+02, 4.91537537e+02, 3.27071472e+02,
    4.76427795e+02, 3.69921722e+02, 5.06933746e+02, 2.17132324e+02,
    4.92956696e+02, 2.57079285e+02, 4.78670502e+02, 2.98064240e+02,
    4.63675110e+02, 3.40507904e+02, 4.80034576e+02, 2.29027054e+02,
    4.65505585e+02, 2.69226471e+02, 4.50664581e+02, 3.10977448e+02,
    4.35620911e+02, 3.53779419e+02, 4.67070892e+02, 2.01122467e+02,
    4.52612396e+02, 2.41070251e+02, 4.37669922e+02, 2.81818481e+02,
    4.22661652e+02, 3.24213684e+02, 4.39983337e+02, 2.12877640e+02,
    4.24849426e+02, 2.53305161e+02, 4.09797607e+02, 2.94684509e+02,
    3.94034058e+02, 3.37720612e+02, 4.27205444e+02, 1.85021973e+02,
    4.12070496e+02, 2.24849167e+02, 3.96817230e+02, 2.65854492e+02,
    3.81047821e+02, 3.07806305e+02, 3.99595367e+02, 1.96787323e+02,
    3.84189758e+02, 2.36927338e+02, 3.68323639e+02, 2.78574249e+02,
    3.52220612e+02, 3.21351807e+02, 3.87041718e+02, 1.69044250e+02,
    3.71618347e+02, 2.08521484e+02, 3.55640503e+02, 2.49388412e+02,
    3.39338837e+02, 2.91617523e+02, 3.59236206e+02, 1.80344635e+02,
    3.43223572e+02, 2.20547119e+02, 3.26612427e+02, 2.62034576e+02,
    3.09981781e+02, 3.04832214e+02, 3.46946899e+02, 1.52331787e+02,
    3.30935669e+02, 1.91965256e+02, 3.14242493e+02, 2.32837112e+02,
    2.97359039e+02, 2.75000092e+02 ]
CalibrationFramePatternWorld: [ 0., 0., 0., 0., 7.00000003e-02, 0., 0.,
    1.40000001e-01, 0., 0., 2.10000008e-01, 0., 3.50000001e-02,
    3.50000001e-02, 0., 3.50000001e-02, 1.05000004e-01, 0.,
    3.50000001e-02, 1.74999997e-01, 0., 3.50000001e-02, 2.45000005e-01,
    0., 7.00000003e-02, 0., 0., 7.00000003e-02, 7.00000003e-02, 0.,
    7.00000003e-02, 1.40000001e-01, 0., 7.00000003e-02, 2.10000008e-01,
    0., 1.05000004e-01, 3.50000001e-02, 0., 1.05000004e-01,
    1.05000004e-01, 0., 1.05000004e-01, 1.74999997e-01, 0.,
    1.05000004e-01, 2.45000005e-01, 0., 1.40000001e-01, 0., 0.,
    1.40000001e-01, 7.00000003e-02, 0., 1.40000001e-01, 1.40000001e-01,
    0., 1.40000001e-01, 2.10000008e-01, 0., 1.74999997e-01,
    3.50000001e-02, 0., 1.74999997e-01, 1.05000004e-01, 0.,
    1.74999997e-01, 1.74999997e-01, 0., 1.74999997e-01, 2.45000005e-01,
    0., 2.10000008e-01, 0., 0., 2.10000008e-01, 7.00000003e-02, 0.,
    2.10000008e-01, 1.40000001e-01, 0., 2.10000008e-01, 2.10000008e-01,
    0., 2.45000005e-01, 3.50000001e-02, 0., 2.45000005e-01,
    1.05000004e-01, 0., 2.45000005e-01, 1.74999997e-01, 0.,
    2.45000005e-01, 2.45000005e-01, 0., 2.80000001e-01, 0., 0.,
    2.80000001e-01, 7.00000003e-02, 0., 2.80000001e-01, 1.40000001e-01,
    0., 2.80000001e-01, 2.10000008e-01, 0., 3.14999998e-01,
    3.50000001e-02, 0., 3.14999998e-01, 1.05000004e-01, 0.,
    3.14999998e-01, 1.74999997e-01, 0., 3.14999998e-01, 2.45000005e-01,
    0., 3.49999994e-01, 0., 0., 3.49999994e-01, 7.00000003e-02, 0.,
    3.49999994e-01, 1.40000001e-01, 0., 3.49999994e-01, 2.10000008e-01,
    0. ]
CalibrationFrameExtRotation: !!opencv-matrix
   rows: 3
   cols: 1
   dt: d
   data: [ -5.6611585627304595e-01, 2.9779329083052009e+00,
       -1.8817177815998859e-01 ]
CalibrationFrameExtTranslation: !!opencv-matrix
   rows: 3
   cols: 1
   dt: d
   data: [ 3.1672578611514668e-01, 1.2813633798085339e-02,
       1.0207776017370476e+00 ]
CalibrationFrameRMSerror: 3.5992643237113953e-01
