%YAML:1.0
---
CalibrationFramePatternImage: [ 6.21661743e+02, 3.38689178e+02,
    6.18757568e+02, 3.54210876e+02, 6.15855164e+02, 3.69592102e+02,
    6.12817261e+02, 3.85293152e+02, 6.11529053e+02, 3.44744568e+02,
    6.08697083e+02, 3.60282990e+02, 6.05650146e+02, 3.75729767e+02,
    6.02601746e+02, 3.91297302e+02, 6.04609985e+02, 3.35535065e+02,
    6.01783813e+02, 3.50757385e+02, 5.98910950e+02, 3.66367920e+02,
    5.95888428e+02, 3.82048187e+02, 5.94891235e+02, 3.41638458e+02,
    5.92049744e+02, 3.56859924e+02, 5.89168457e+02, 3.72382721e+02,
    5.86326233e+02, 3.87917114e+02, 5.87793030e+02, 3.32519409e+02,
    5.84943726e+02, 3.47791656e+02, 5.82064331e+02, 3.62901825e+02,
    5.79318481e+02, 3.78669769e+02, 5.78098145e+02, 3.38589081e+02,
    5.75287415e+02, 3.53738892e+02, 5.72474792e+02, 3.69005310e+02,
    5.69573425e+02, 3.84644012e+02, 5.71398621e+02, 3.29435242e+02,
    5.68560486e+02, 3.44644928e+02, 5.65781067e+02, 3.59829285e+02,
    5.62871399e+02, 3.75271820e+02, 5.61681458e+02, 3.35594299e+02,
    5.58913757e+02, 3.50669067e+02, 5.56286011e+02, 3.65940643e+02,
    5.53411865e+02, 3.81275360e+02, 5.54696960e+02, 3.26503296e+02,
    5.52087036e+02, 3.41533630e+02, 5.49382019e+02, 3.56773102e+02,
    5.46587219e+02, 3.71958435e+02, 5.45451355e+02, 3.32612305e+02,
    5.42598511e+02, 3.47627869e+02, 5.39783752e+02, 3.62817444e+02,
    5.37205750e+02, 3.78111572e+02, 5.38671936e+02, 3.23609436e+02,
    5.35828064e+02, 3.38921539e+02, 5.33187988e+02, 3.53792816e+02,
    5.30508850e+02, 3.68969299e+02 ]
CalibrationFramePatternWorld: [ 0., 0., 0., 0., 7.00000003e-02, 0., 0.,
    1.40000001e-01, 0., 0., 2.10000008e-01, 0., 3.50000001e-02,
    3.50000001e-02, 0., 3.50000001e-02, 1.05000004e-01, 0.,
    3.50000001e-02, 1.74999997e-01, 0., 3.50000001e-02, 2.45000005e-01,
    0., 7.00000003e-02, 0., 0., 7.00000003e-02, 7.00000003e-02, 0.,
    7.00000003e-02, 1.40000001e-01, 0., 7.00000003e-02, 2.10000008e-01,
    0., 1.05000004e-01, 3.50000001e-02, 0., 1.05000004e-01,
    1.05000004e-01, 0., 1.05000004e-01, 1.74999997e-01, 0.,
    1.05000004e-01, 2.45000005e-01, 0., 1.40000001e-01, 0., 0.,
    1.40000001e-01, 7.00000003e-02, 0., 1.40000001e-01, 1.40000001e-01,
    0., 1.40000001e-01, 2.10000008e-01, 0., 1.74999997e-01,
    3.50000001e-02, 0., 1.74999997e-01, 1.05000004e-01, 0.,
    1.74999997e-01, 1.74999997e-01, 0., 1.74999997e-01, 2.45000005e-01,
    0., 2.10000008e-01, 0., 0., 2.10000008e-01, 7.00000003e-02, 0.,
    2.10000008e-01, 1.40000001e-01, 0., 2.10000008e-01, 2.10000008e-01,
    0., 2.45000005e-01, 3.50000001e-02, 0., 2.45000005e-01,
    1.05000004e-01, 0., 2.45000005e-01, 1.74999997e-01, 0.,
    2.45000005e-01, 2.45000005e-01, 0., 2.80000001e-01, 0., 0.,
    2.80000001e-01, 7.00000003e-02, 0., 2.80000001e-01, 1.40000001e-01,
    0., 2.80000001e-01, 2.10000008e-01, 0., 3.14999998e-01,
    3.50000001e-02, 0., 3.14999998e-01, 1.05000004e-01, 0.,
    3.14999998e-01, 1.74999997e-01, 0., 3.14999998e-01, 2.45000005e-01,
    0., 3.49999994e-01, 0., 0., 3.49999994e-01, 7.00000003e-02, 0.,
    3.49999994e-01, 1.40000001e-01, 0., 3.49999994e-01, 2.10000008e-01,
    0. ]
CalibrationFrameExtRotation: !!opencv-matrix
   rows: 3
   cols: 1
   dt: d
   data: [ 2.4156344352132150e-01, -3.0002427251370500e+00,
       -1.1025879785116288e-01 ]
CalibrationFrameExtTranslation: !!opencv-matrix
   rows: 3
   cols: 1
   dt: d
   data: [ 1.1755044705042956e+00, 4.9471688535992003e-01,
       2.7623332496883535e+00 ]
CalibrationFrameRMSerror: 1.7747093737125397e-01
