%YAML:1.0
---
CalibrationFramePatternImage: [ 3.49395996e+02, 2.05385788e+02,
    3.45830963e+02, 2.20277466e+02, 3.42314789e+02, 2.34607727e+02,
    3.38707916e+02, 2.48958755e+02, 3.40218353e+02, 2.10941391e+02,
    3.36769714e+02, 2.25448318e+02, 3.33088470e+02, 2.39817337e+02,
    3.29727875e+02, 2.54492416e+02, 3.34426331e+02, 2.01778503e+02,
    3.30881073e+02, 2.16325043e+02, 3.27424591e+02, 2.30781265e+02,
    3.23940887e+02, 2.45480820e+02, 3.25193298e+02, 2.07218292e+02,
    3.21701172e+02, 2.21635010e+02, 3.18180908e+02, 2.36397141e+02,
    3.14877441e+02, 2.50939880e+02, 3.19459015e+02, 1.97856125e+02,
    3.15965759e+02, 2.12733505e+02, 3.12548340e+02, 2.27356613e+02,
    3.09283325e+02, 2.41821503e+02, 3.10123108e+02, 2.03504974e+02,
    3.06892975e+02, 2.18146851e+02, 3.03517395e+02, 2.32677811e+02,
    3.00089478e+02, 2.47377441e+02, 3.04414001e+02, 1.94453995e+02,
    3.01137665e+02, 2.09160080e+02, 2.97801514e+02, 2.23794571e+02,
    2.94460388e+02, 2.38362427e+02, 2.95383148e+02, 2.00026459e+02,
    2.92057800e+02, 2.14612823e+02, 2.88807343e+02, 2.29401764e+02,
    2.85570251e+02, 2.44018417e+02, 2.89514160e+02, 1.90862930e+02,
    2.86249359e+02, 2.05545395e+02, 2.82981293e+02, 2.20243210e+02,
    2.79934631e+02, 2.34835251e+02, 2.80421143e+02, 1.96462967e+02,
    2.77210388e+02, 2.11223175e+02, 2.74112732e+02, 2.25773605e+02,
    2.70957916e+02, 2.40295807e+02, 2.74573730e+02, 1.87399048e+02,
    2.71328827e+02, 2.02228149e+02, 2.68288635e+02, 2.16760254e+02,
    2.65167358e+02, 2.31325790e+02 ]
CalibrationFramePatternWorld: [ 0., 0., 0., 0., 7.00000003e-02, 0., 0.,
    1.40000001e-01, 0., 0., 2.10000008e-01, 0., 3.50000001e-02,
    3.50000001e-02, 0., 3.50000001e-02, 1.05000004e-01, 0.,
    3.50000001e-02, 1.74999997e-01, 0., 3.50000001e-02, 2.45000005e-01,
    0., 7.00000003e-02, 0., 0., 7.00000003e-02, 7.00000003e-02, 0.,
    7.00000003e-02, 1.40000001e-01, 0., 7.00000003e-02, 2.10000008e-01,
    0., 1.05000004e-01, 3.50000001e-02, 0., 1.05000004e-01,
    1.05000004e-01, 0., 1.05000004e-01, 1.74999997e-01, 0.,
    1.05000004e-01, 2.45000005e-01, 0., 1.40000001e-01, 0., 0.,
    1.40000001e-01, 7.00000003e-02, 0., 1.40000001e-01, 1.40000001e-01,
    0., 1.40000001e-01, 2.10000008e-01, 0., 1.74999997e-01,
    3.50000001e-02, 0., 1.74999997e-01, 1.05000004e-01, 0.,
    1.74999997e-01, 1.74999997e-01, 0., 1.74999997e-01, 2.45000005e-01,
    0., 2.10000008e-01, 0., 0., 2.10000008e-01, 7.00000003e-02, 0.,
    2.10000008e-01, 1.40000001e-01, 0., 2.10000008e-01, 2.10000008e-01,
    0., 2.45000005e-01, 3.50000001e-02, 0., 2.45000005e-01,
    1.05000004e-01, 0., 2.45000005e-01, 1.74999997e-01, 0.,
    2.45000005e-01, 2.45000005e-01, 0., 2.80000001e-01, 0., 0.,
    2.80000001e-01, 7.00000003e-02, 0., 2.80000001e-01, 1.40000001e-01,
    0., 2.80000001e-01, 2.10000008e-01, 0., 3.14999998e-01,
    3.50000001e-02, 0., 3.14999998e-01, 1.05000004e-01, 0.,
    3.14999998e-01, 1.74999997e-01, 0., 3.14999998e-01, 2.45000005e-01,
    0., 3.49999994e-01, 0., 0., 3.49999994e-01, 7.00000003e-02, 0.,
    3.49999994e-01, 1.40000001e-01, 0., 3.49999994e-01, 2.10000008e-01,
    0. ]
CalibrationFrameExtRotation: !!opencv-matrix
   rows: 3
   cols: 1
   dt: d
   data: [ 3.6549006219661706e-01, -3.0779523482002853e+00,
       -2.5170399338114963e-01 ]
CalibrationFrameExtTranslation: !!opencv-matrix
   rows: 3
   cols: 1
   dt: d
   data: [ -6.7541608607526111e-03, -9.1663891678462964e-02,
       2.8444301117231130e+00 ]
CalibrationFrameRMSerror: 1.4294572174549103e-01
