%YAML:1.0
---
CalibrationFramePatternImage: [ 1.81690262e+02, 1.77399536e+02,
    1.80271606e+02, 2.03550262e+02, 1.78804779e+02, 2.29300186e+02,
    1.77273819e+02, 2.55869690e+02, 1.67691071e+02, 1.89970428e+02,
    1.66101883e+02, 2.16151154e+02, 1.64506973e+02, 2.42576904e+02,
    1.62868164e+02, 2.69417877e+02, 1.54959808e+02, 1.77140411e+02,
    1.53376755e+02, 2.03065277e+02, 1.51917343e+02, 2.29054092e+02,
    1.50200699e+02, 2.55838867e+02, 1.40891998e+02, 1.89790573e+02,
    1.39045425e+02, 2.15950455e+02, 1.37523819e+02, 2.42451965e+02,
    1.35741074e+02, 2.69162689e+02, 1.28285309e+02, 1.76825882e+02,
    1.26594711e+02, 2.02779877e+02, 1.24876335e+02, 2.28945862e+02,
    1.23060822e+02, 2.55558197e+02, 1.14004478e+02, 1.89532059e+02,
    1.12324211e+02, 2.15594650e+02, 1.10426178e+02, 2.42182877e+02,
    1.08376015e+02, 2.69060638e+02, 1.01492577e+02, 1.76560043e+02,
    9.95133896e+01, 2.02481064e+02, 9.78022003e+01, 2.28810730e+02,
    9.57005234e+01, 2.55400986e+02, 8.72153854e+01, 1.89417526e+02,
    8.52954559e+01, 2.15552811e+02, 8.32154312e+01, 2.42063828e+02,
    8.11668854e+01, 2.68994415e+02, 7.47255936e+01, 1.76374969e+02,
    7.27209396e+01, 2.02280380e+02, 7.05573425e+01, 2.28480453e+02,
    6.86517029e+01, 2.55274689e+02, 6.01044922e+01, 1.89030441e+02,
    5.79701691e+01, 2.15187241e+02, 5.59097633e+01, 2.41729843e+02,
    5.36973114e+01, 2.68620422e+02, 4.75453415e+01, 1.75809662e+02,
    4.52643166e+01, 2.01871689e+02, 4.32789040e+01, 2.28287125e+02,
    4.08243523e+01, 2.55100296e+02 ]
CalibrationFramePatternWorld: [ 0., 0., 0., 0., 7.00000003e-02, 0., 0.,
    1.40000001e-01, 0., 0., 2.10000008e-01, 0., 3.50000001e-02,
    3.50000001e-02, 0., 3.50000001e-02, 1.05000004e-01, 0.,
    3.50000001e-02, 1.74999997e-01, 0., 3.50000001e-02, 2.45000005e-01,
    0., 7.00000003e-02, 0., 0., 7.00000003e-02, 7.00000003e-02, 0.,
    7.00000003e-02, 1.40000001e-01, 0., 7.00000003e-02, 2.10000008e-01,
    0., 1.05000004e-01, 3.50000001e-02, 0., 1.05000004e-01,
    1.05000004e-01, 0., 1.05000004e-01, 1.74999997e-01, 0.,
    1.05000004e-01, 2.45000005e-01, 0., 1.40000001e-01, 0., 0.,
    1.40000001e-01, 7.00000003e-02, 0., 1.40000001e-01, 1.40000001e-01,
    0., 1.40000001e-01, 2.10000008e-01, 0., 1.74999997e-01,
    3.50000001e-02, 0., 1.74999997e-01, 1.05000004e-01, 0.,
    1.74999997e-01, 1.74999997e-01, 0., 1.74999997e-01, 2.45000005e-01,
    0., 2.10000008e-01, 0., 0., 2.10000008e-01, 7.00000003e-02, 0.,
    2.10000008e-01, 1.40000001e-01, 0., 2.10000008e-01, 2.10000008e-01,
    0., 2.45000005e-01, 3.50000001e-02, 0., 2.45000005e-01,
    1.05000004e-01, 0., 2.45000005e-01, 1.74999997e-01, 0.,
    2.45000005e-01, 2.45000005e-01, 0., 2.80000001e-01, 0., 0.,
    2.80000001e-01, 7.00000003e-02, 0., 2.80000001e-01, 1.40000001e-01,
    0., 2.80000001e-01, 2.10000008e-01, 0., 3.14999998e-01,
    3.50000001e-02, 0., 3.14999998e-01, 1.05000004e-01, 0.,
    3.14999998e-01, 1.74999997e-01, 0., 3.14999998e-01, 2.45000005e-01,
    0., 3.49999994e-01, 0., 0., 3.49999994e-01, 7.00000003e-02, 0.,
    3.49999994e-01, 1.40000001e-01, 0., 3.49999994e-01, 2.10000008e-01,
    0. ]
CalibrationFrameExtRotation: !!opencv-matrix
   rows: 3
   cols: 1
   dt: d
   data: [ -1.5242749450549398e-02, 3.1222216431301928e+00,
       -2.3555003367478691e-01 ]
CalibrationFrameExtTranslation: !!opencv-matrix
   rows: 3
   cols: 1
   dt: d
   data: [ -4.4839361756112600e-01, -1.2770035978122257e-01,
       1.6573428373545791e+00 ]
CalibrationFrameRMSerror: 1.4290480315685272e-01
