%YAML:1.0
---
CalibrationFramePatternImage: [ 6.05408936e+02, 3.55439728e+02,
    5.95073425e+02, 3.81812378e+02, 5.84635498e+02, 4.08156616e+02,
    5.74096436e+02, 4.34575226e+02, 5.85855957e+02, 3.62732880e+02,
    5.75559875e+02, 3.88840485e+02, 5.65077087e+02, 4.15085876e+02,
    5.54468384e+02, 4.41397247e+02, 5.76510010e+02, 3.44099976e+02,
    5.66577698e+02, 3.69924835e+02, 5.56335022e+02, 3.95825226e+02,
    5.45858765e+02, 4.21960388e+02, 5.57514709e+02, 3.51323822e+02,
    5.47563354e+02, 3.76969879e+02, 5.37371399e+02, 4.02796448e+02,
    5.26985413e+02, 4.28906952e+02, 5.48654480e+02, 3.33031403e+02,
    5.38741455e+02, 3.58648773e+02, 5.28818848e+02, 3.84033051e+02,
    5.18659851e+02, 4.09822021e+02, 5.30041443e+02, 3.40314240e+02,
    5.20309021e+02, 3.65540009e+02, 5.10291504e+02, 3.90946320e+02,
    5.00131866e+02, 4.16649048e+02, 5.21391296e+02, 3.22402283e+02,
    5.11697418e+02, 3.47484283e+02, 5.01949341e+02, 3.72599579e+02,
    4.91970123e+02, 3.97946075e+02, 5.03391541e+02, 3.29680725e+02,
    4.93732208e+02, 3.54531128e+02, 4.83892853e+02, 3.79662781e+02,
    4.73951111e+02, 4.04899658e+02, 4.95034912e+02, 3.12152283e+02,
    4.85468842e+02, 3.36747284e+02, 4.75843445e+02, 3.61528107e+02,
    4.66041351e+02, 3.86579620e+02, 4.77367188e+02, 3.19223083e+02,
    4.67862030e+02, 3.43766846e+02, 4.58244415e+02, 3.68579803e+02,
    4.48345398e+02, 3.93346680e+02, 4.69198975e+02, 3.02040009e+02,
    4.59798035e+02, 3.26538727e+02, 4.50382660e+02, 3.50974701e+02,
    4.40830841e+02, 3.75555298e+02 ]
CalibrationFramePatternWorld: [ 0., 0., 0., 0., 7.00000003e-02, 0., 0.,
    1.40000001e-01, 0., 0., 2.10000008e-01, 0., 3.50000001e-02,
    3.50000001e-02, 0., 3.50000001e-02, 1.05000004e-01, 0.,
    3.50000001e-02, 1.74999997e-01, 0., 3.50000001e-02, 2.45000005e-01,
    0., 7.00000003e-02, 0., 0., 7.00000003e-02, 7.00000003e-02, 0.,
    7.00000003e-02, 1.40000001e-01, 0., 7.00000003e-02, 2.10000008e-01,
    0., 1.05000004e-01, 3.50000001e-02, 0., 1.05000004e-01,
    1.05000004e-01, 0., 1.05000004e-01, 1.74999997e-01, 0.,
    1.05000004e-01, 2.45000005e-01, 0., 1.40000001e-01, 0., 0.,
    1.40000001e-01, 7.00000003e-02, 0., 1.40000001e-01, 1.40000001e-01,
    0., 1.40000001e-01, 2.10000008e-01, 0., 1.74999997e-01,
    3.50000001e-02, 0., 1.74999997e-01, 1.05000004e-01, 0.,
    1.74999997e-01, 1.74999997e-01, 0., 1.74999997e-01, 2.45000005e-01,
    0., 2.10000008e-01, 0., 0., 2.10000008e-01, 7.00000003e-02, 0.,
    2.10000008e-01, 1.40000001e-01, 0., 2.10000008e-01, 2.10000008e-01,
    0., 2.45000005e-01, 3.50000001e-02, 0., 2.45000005e-01,
    1.05000004e-01, 0., 2.45000005e-01, 1.74999997e-01, 0.,
    2.45000005e-01, 2.45000005e-01, 0., 2.80000001e-01, 0., 0.,
    2.80000001e-01, 7.00000003e-02, 0., 2.80000001e-01, 1.40000001e-01,
    0., 2.80000001e-01, 2.10000008e-01, 0., 3.14999998e-01,
    3.50000001e-02, 0., 3.14999998e-01, 1.05000004e-01, 0.,
    3.14999998e-01, 1.74999997e-01, 0., 3.14999998e-01, 2.45000005e-01,
    0., 3.49999994e-01, 0., 0., 3.49999994e-01, 7.00000003e-02, 0.,
    3.49999994e-01, 1.40000001e-01, 0., 3.49999994e-01, 2.10000008e-01,
    0. ]
CalibrationFrameExtRotation: !!opencv-matrix
   rows: 3
   cols: 1
   dt: d
   data: [ 5.3403423836278419e-01, -2.8593080253858929e+00,
       3.5773364404334360e-02 ]
CalibrationFrameExtTranslation: !!opencv-matrix
   rows: 3
   cols: 1
   dt: d
   data: [ 6.2827487383458946e-01, 3.2444352592990405e-01,
       1.5719447043013146e+00 ]
CalibrationFrameRMSerror: 3.2413652539253235e-01
