%YAML:1.0
---
CalibrationFramePatternImage: [ 6.11558289e+02, 3.23837952e+02,
    6.09710510e+02, 3.42997253e+02, 6.07717957e+02, 3.61966827e+02,
    6.05851318e+02, 3.80874023e+02, 6.00185364e+02, 3.32329620e+02,
    5.98265259e+02, 3.51476044e+02, 5.96336609e+02, 3.70369385e+02,
    5.94519775e+02, 3.89244354e+02, 5.90599060e+02, 3.21986694e+02,
    5.88890320e+02, 3.40948944e+02, 5.87068237e+02, 3.59646759e+02,
    5.85238831e+02, 3.78713684e+02, 5.79621399e+02, 3.30588104e+02,
    5.77786804e+02, 3.49521851e+02, 5.75967529e+02, 3.68214264e+02,
    5.74148254e+02, 3.87174957e+02, 5.69927612e+02, 3.20039734e+02,
    5.68474548e+02, 3.39314911e+02, 5.66557861e+02, 3.57798157e+02,
    5.64919250e+02, 3.76709961e+02, 5.59175598e+02, 3.28888428e+02,
    5.57436218e+02, 3.47366669e+02, 5.55601868e+02, 3.66286835e+02,
    5.54119690e+02, 3.85161652e+02, 5.49700012e+02, 3.18545654e+02,
    5.48046021e+02, 3.37433594e+02, 5.46371765e+02, 3.56007874e+02,
    5.44752441e+02, 3.74575928e+02, 5.38902161e+02, 3.27006653e+02,
    5.37376221e+02, 3.45564728e+02, 5.35746155e+02, 3.64405243e+02,
    5.34199646e+02, 3.83129822e+02, 5.29543884e+02, 3.16977234e+02,
    5.28168823e+02, 3.35332001e+02, 5.26577881e+02, 3.54074982e+02,
    5.24784912e+02, 3.72644714e+02, 5.18877563e+02, 3.25377380e+02,
    5.17465454e+02, 3.43884552e+02, 5.15903442e+02, 3.62404266e+02,
    5.14469482e+02, 3.80993591e+02, 5.09662170e+02, 3.15360687e+02,
    5.08279358e+02, 3.33970215e+02, 5.06757019e+02, 3.52412140e+02,
    5.05425262e+02, 3.70936279e+02 ]
CalibrationFramePatternWorld: [ 0., 0., 0., 0., 7.00000003e-02, 0., 0.,
    1.40000001e-01, 0., 0., 2.10000008e-01, 0., 3.50000001e-02,
    3.50000001e-02, 0., 3.50000001e-02, 1.05000004e-01, 0.,
    3.50000001e-02, 1.74999997e-01, 0., 3.50000001e-02, 2.45000005e-01,
    0., 7.00000003e-02, 0., 0., 7.00000003e-02, 7.00000003e-02, 0.,
    7.00000003e-02, 1.40000001e-01, 0., 7.00000003e-02, 2.10000008e-01,
    0., 1.05000004e-01, 3.50000001e-02, 0., 1.05000004e-01,
    1.05000004e-01, 0., 1.05000004e-01, 1.74999997e-01, 0.,
    1.05000004e-01, 2.45000005e-01, 0., 1.40000001e-01, 0., 0.,
    1.40000001e-01, 7.00000003e-02, 0., 1.40000001e-01, 1.40000001e-01,
    0., 1.40000001e-01, 2.10000008e-01, 0., 1.74999997e-01,
    3.50000001e-02, 0., 1.74999997e-01, 1.05000004e-01, 0.,
    1.74999997e-01, 1.74999997e-01, 0., 1.74999997e-01, 2.45000005e-01,
    0., 2.10000008e-01, 0., 0., 2.10000008e-01, 7.00000003e-02, 0.,
    2.10000008e-01, 1.40000001e-01, 0., 2.10000008e-01, 2.10000008e-01,
    0., 2.45000005e-01, 3.50000001e-02, 0., 2.45000005e-01,
    1.05000004e-01, 0., 2.45000005e-01, 1.74999997e-01, 0.,
    2.45000005e-01, 2.45000005e-01, 0., 2.80000001e-01, 0., 0.,
    2.80000001e-01, 7.00000003e-02, 0., 2.80000001e-01, 1.40000001e-01,
    0., 2.80000001e-01, 2.10000008e-01, 0., 3.14999998e-01,
    3.50000001e-02, 0., 3.14999998e-01, 1.05000004e-01, 0.,
    3.14999998e-01, 1.74999997e-01, 0., 3.14999998e-01, 2.45000005e-01,
    0., 3.49999994e-01, 0., 0., 3.49999994e-01, 7.00000003e-02, 0.,
    3.49999994e-01, 1.40000001e-01, 0., 3.49999994e-01, 2.10000008e-01,
    0. ]
CalibrationFrameExtRotation: !!opencv-matrix
   rows: 3
   cols: 1
   dt: d
   data: [ 9.3121052813374627e-02, -3.0255818348340386e+00,
       -1.7338099688791045e-01 ]
CalibrationFrameExtTranslation: !!opencv-matrix
   rows: 3
   cols: 1
   dt: d
   data: [ 9.2325961931129796e-01, 3.5083828826797259e-01,
       2.2512384298506998e+00 ]
CalibrationFrameRMSerror: 1.7250972986221313e-01
