%YAML:1.0
---
CalibrationFramePatternImage: [ 2.36518799e+02, 3.69610046e+02,
    2.29589020e+02, 3.84030396e+02, 2.22268402e+02, 3.98175201e+02,
    2.14957031e+02, 4.12731689e+02, 2.25905197e+02, 3.73609070e+02,
    2.18469528e+02, 3.87985962e+02, 2.11419632e+02, 4.02347534e+02,
    2.03813278e+02, 4.16899689e+02, 2.22122513e+02, 3.63429382e+02,
    2.14920135e+02, 3.77592834e+02, 2.07694809e+02, 3.91997375e+02,
    2.00143250e+02, 4.06641388e+02, 2.11422745e+02, 3.67217163e+02,
    2.03761856e+02, 3.81610229e+02, 1.96582809e+02, 3.96163361e+02,
    1.89187576e+02, 4.10895966e+02, 2.07529251e+02, 3.56878387e+02,
    2.00089401e+02, 3.71415070e+02, 1.92904449e+02, 3.85719055e+02,
    1.85544388e+02, 4.00517426e+02, 1.96531464e+02, 3.60842957e+02,
    1.88856918e+02, 3.75495819e+02, 1.81737457e+02, 3.89888519e+02,
    1.74141159e+02, 4.04814606e+02, 1.92696930e+02, 3.50501099e+02,
    1.85266541e+02, 3.64958588e+02, 1.78039108e+02, 3.79486969e+02,
    1.70450623e+02, 3.94164551e+02, 1.81495560e+02, 3.54457886e+02,
    1.74129395e+02, 3.68990479e+02, 1.66596375e+02, 3.83769409e+02,
    1.59093735e+02, 3.98567352e+02, 1.77536652e+02, 3.43952972e+02,
    1.70155258e+02, 3.58416077e+02, 1.62963379e+02, 3.73166962e+02,
    1.55075836e+02, 3.87932556e+02, 1.66466263e+02, 3.47993134e+02,
    1.58757034e+02, 3.62594147e+02, 1.51548553e+02, 3.77312988e+02,
    1.43750000e+02, 3.92333832e+02, 1.62347382e+02, 3.37520691e+02,
    1.54947769e+02, 3.52350708e+02, 1.47542282e+02, 3.66950073e+02,
    1.39988953e+02, 3.81776550e+02 ]
CalibrationFramePatternWorld: [ 0., 0., 0., 0., 7.00000003e-02, 0., 0.,
    1.40000001e-01, 0., 0., 2.10000008e-01, 0., 3.50000001e-02,
    3.50000001e-02, 0., 3.50000001e-02, 1.05000004e-01, 0.,
    3.50000001e-02, 1.74999997e-01, 0., 3.50000001e-02, 2.45000005e-01,
    0., 7.00000003e-02, 0., 0., 7.00000003e-02, 7.00000003e-02, 0.,
    7.00000003e-02, 1.40000001e-01, 0., 7.00000003e-02, 2.10000008e-01,
    0., 1.05000004e-01, 3.50000001e-02, 0., 1.05000004e-01,
    1.05000004e-01, 0., 1.05000004e-01, 1.74999997e-01, 0.,
    1.05000004e-01, 2.45000005e-01, 0., 1.40000001e-01, 0., 0.,
    1.40000001e-01, 7.00000003e-02, 0., 1.40000001e-01, 1.40000001e-01,
    0., 1.40000001e-01, 2.10000008e-01, 0., 1.74999997e-01,
    3.50000001e-02, 0., 1.74999997e-01, 1.05000004e-01, 0.,
    1.74999997e-01, 1.74999997e-01, 0., 1.74999997e-01, 2.45000005e-01,
    0., 2.10000008e-01, 0., 0., 2.10000008e-01, 7.00000003e-02, 0.,
    2.10000008e-01, 1.40000001e-01, 0., 2.10000008e-01, 2.10000008e-01,
    0., 2.45000005e-01, 3.50000001e-02, 0., 2.45000005e-01,
    1.05000004e-01, 0., 2.45000005e-01, 1.74999997e-01, 0.,
    2.45000005e-01, 2.45000005e-01, 0., 2.80000001e-01, 0., 0.,
    2.80000001e-01, 7.00000003e-02, 0., 2.80000001e-01, 1.40000001e-01,
    0., 2.80000001e-01, 2.10000008e-01, 0., 3.14999998e-01,
    3.50000001e-02, 0., 3.14999998e-01, 1.05000004e-01, 0.,
    3.14999998e-01, 1.74999997e-01, 0., 3.14999998e-01, 2.45000005e-01,
    0., 3.49999994e-01, 0., 0., 3.49999994e-01, 7.00000003e-02, 0.,
    3.49999994e-01, 1.40000001e-01, 0., 3.49999994e-01, 2.10000008e-01,
    0. ]
CalibrationFrameExtRotation: !!opencv-matrix
   rows: 3
   cols: 1
   dt: d
   data: [ -6.7944776833075970e-01, 2.8571976231311504e+00,
       3.5298854415541904e-02 ]
CalibrationFrameExtTranslation: !!opencv-matrix
   rows: 3
   cols: 1
   dt: d
   data: [ -5.0336834485498128e-01, 6.3796094512093171e-01,
       2.7654734202096436e+00 ]
CalibrationFrameRMSerror: 1.4930915832519531e-01
