%YAML:1.0
---
CalibrationFramePatternImage: [ 3.15790771e+02, 2.08522049e+02,
    3.21480804e+02, 2.49054169e+02, 3.27245850e+02, 2.87485596e+02,
    3.32800201e+02, 3.25222290e+02, 2.99077057e+02, 2.33757217e+02,
    3.05414795e+02, 2.73970886e+02, 3.11499176e+02, 3.12672607e+02,
    3.17587677e+02, 3.50398804e+02, 2.76168579e+02, 2.18980591e+02,
    2.82743500e+02, 2.60135773e+02, 2.89324249e+02, 2.99474609e+02,
    2.96115570e+02, 3.38391571e+02, 2.58918884e+02, 2.45071686e+02,
    2.66087189e+02, 2.85930450e+02, 2.73247833e+02, 3.25749969e+02,
    2.80454559e+02, 3.64298767e+02, 2.34102158e+02, 2.29576492e+02,
    2.42047470e+02, 2.72103943e+02, 2.49332581e+02, 3.12407166e+02,
    2.57296844e+02, 3.52236664e+02, 2.16290680e+02, 2.56792419e+02,
    2.24640305e+02, 2.98619202e+02, 2.32948669e+02, 3.39355438e+02,
    2.41178314e+02, 3.79532837e+02, 1.89463043e+02, 2.41347122e+02,
    1.98510178e+02, 2.84767914e+02, 2.07446838e+02, 3.26392609e+02,
    2.16024887e+02, 3.67053528e+02, 1.70845993e+02, 2.69488525e+02,
    1.80391113e+02, 3.12331512e+02, 1.90086624e+02, 3.54492035e+02,
    1.99216919e+02, 3.95342407e+02, 1.41657196e+02, 2.53921341e+02,
    1.52141968e+02, 2.98191620e+02, 1.62324020e+02, 3.41061676e+02,
    1.72374710e+02, 3.82687256e+02, 1.22519333e+02, 2.83283173e+02,
    1.33260956e+02, 3.27255676e+02, 1.44102890e+02, 3.70074615e+02,
    1.54701965e+02, 4.12047241e+02, 9.07810364e+01, 2.67440796e+02,
    1.02976906e+02, 3.13452881e+02, 1.14576782e+02, 3.57119019e+02,
    1.25913666e+02, 4.00145660e+02 ]
CalibrationFramePatternWorld: [ 0., 0., 0., 0., 7.00000003e-02, 0., 0.,
    1.40000001e-01, 0., 0., 2.10000008e-01, 0., 3.50000001e-02,
    3.50000001e-02, 0., 3.50000001e-02, 1.05000004e-01, 0.,
    3.50000001e-02, 1.74999997e-01, 0., 3.50000001e-02, 2.45000005e-01,
    0., 7.00000003e-02, 0., 0., 7.00000003e-02, 7.00000003e-02, 0.,
    7.00000003e-02, 1.40000001e-01, 0., 7.00000003e-02, 2.10000008e-01,
    0., 1.05000004e-01, 3.50000001e-02, 0., 1.05000004e-01,
    1.05000004e-01, 0., 1.05000004e-01, 1.74999997e-01, 0.,
    1.05000004e-01, 2.45000005e-01, 0., 1.40000001e-01, 0., 0.,
    1.40000001e-01, 7.00000003e-02, 0., 1.40000001e-01, 1.40000001e-01,
    0., 1.40000001e-01, 2.10000008e-01, 0., 1.74999997e-01,
    3.50000001e-02, 0., 1.74999997e-01, 1.05000004e-01, 0.,
    1.74999997e-01, 1.74999997e-01, 0., 1.74999997e-01, 2.45000005e-01,
    0., 2.10000008e-01, 0., 0., 2.10000008e-01, 7.00000003e-02, 0.,
    2.10000008e-01, 1.40000001e-01, 0., 2.10000008e-01, 2.10000008e-01,
    0., 2.45000005e-01, 3.50000001e-02, 0., 2.45000005e-01,
    1.05000004e-01, 0., 2.45000005e-01, 1.74999997e-01, 0.,
    2.45000005e-01, 2.45000005e-01, 0., 2.80000001e-01, 0., 0.,
    2.80000001e-01, 7.00000003e-02, 0., 2.80000001e-01, 1.40000001e-01,
    0., 2.80000001e-01, 2.10000008e-01, 0., 3.14999998e-01,
    3.50000001e-02, 0., 3.14999998e-01, 1.05000004e-01, 0.,
    3.14999998e-01, 1.74999997e-01, 0., 3.14999998e-01, 2.45000005e-01,
    0., 3.49999994e-01, 0., 0., 3.49999994e-01, 7.00000003e-02, 0.,
    3.49999994e-01, 1.40000001e-01, 0., 3.49999994e-01, 2.10000008e-01,
    0. ]
CalibrationFrameExtRotation: !!opencv-matrix
   rows: 3
   cols: 1
   dt: d
   data: [ 2.6997039870053563e-01, 2.6242558442376636e+00,
       3.1103576476303368e-01 ]
CalibrationFrameExtTranslation: !!opencv-matrix
   rows: 3
   cols: 1
   dt: d
   data: [ -5.9203373120840320e-02, -2.7347507995903134e-02,
       1.0266874871421605e+00 ]
CalibrationFrameRMSerror: 4.5147073268890381e-01
