%YAML:1.0
---
CalibrationFramePatternImage: [ 1.96399429e+02, 1.39235168e+02,
    1.88505447e+02, 1.55962753e+02, 1.81115265e+02, 1.72688202e+02,
    1.73453125e+02, 1.89418594e+02, 1.84184311e+02, 1.43460663e+02,
    1.76406158e+02, 1.60362732e+02, 1.68747086e+02, 1.77070724e+02,
    1.60995300e+02, 1.93875839e+02, 1.79253052e+02, 1.31180145e+02,
    1.71652191e+02, 1.48054306e+02, 1.64167557e+02, 1.64686737e+02,
    1.56427582e+02, 1.81624176e+02, 1.66972015e+02, 1.35559967e+02,
    1.59363083e+02, 1.52268707e+02, 1.51845261e+02, 1.69218048e+02,
    1.44062973e+02, 1.85938171e+02, 1.62253357e+02, 1.22973427e+02,
    1.54614761e+02, 1.39991150e+02, 1.46943039e+02, 1.56818527e+02,
    1.39452194e+02, 1.73608337e+02, 1.49820160e+02, 1.27526398e+02,
    1.42359589e+02, 1.44255951e+02, 1.34546188e+02, 1.61190109e+02,
    1.26904716e+02, 1.78159225e+02, 1.45324692e+02, 1.15084625e+02,
    1.37424728e+02, 1.31738449e+02, 1.29880966e+02, 1.48806519e+02,
    1.22242523e+02, 1.65737656e+02, 1.32866791e+02, 1.19265556e+02,
    1.25168663e+02, 1.36342422e+02, 1.17341103e+02, 1.53201782e+02,
    1.09649284e+02, 1.70259628e+02, 1.27971191e+02, 1.06947243e+02,
    1.20241951e+02, 1.23865784e+02, 1.12614021e+02, 1.40660080e+02,
    1.04843521e+02, 1.57745834e+02, 1.15622505e+02, 1.11292427e+02,
    1.07786072e+02, 1.28100006e+02, 1.00133614e+02, 1.45374893e+02,
    9.23888016e+01, 1.62075409e+02, 1.10744133e+02, 9.87140808e+01,
    1.02997284e+02, 1.15707825e+02, 9.52241669e+01, 1.32777496e+02,
    8.74960480e+01, 1.49536942e+02 ]
CalibrationFramePatternWorld: [ 0., 0., 0., 0., 7.00000003e-02, 0., 0.,
    1.40000001e-01, 0., 0., 2.10000008e-01, 0., 3.50000001e-02,
    3.50000001e-02, 0., 3.50000001e-02, 1.05000004e-01, 0.,
    3.50000001e-02, 1.74999997e-01, 0., 3.50000001e-02, 2.45000005e-01,
    0., 7.00000003e-02, 0., 0., 7.00000003e-02, 7.00000003e-02, 0.,
    7.00000003e-02, 1.40000001e-01, 0., 7.00000003e-02, 2.10000008e-01,
    0., 1.05000004e-01, 3.50000001e-02, 0., 1.05000004e-01,
    1.05000004e-01, 0., 1.05000004e-01, 1.74999997e-01, 0.,
    1.05000004e-01, 2.45000005e-01, 0., 1.40000001e-01, 0., 0.,
    1.40000001e-01, 7.00000003e-02, 0., 1.40000001e-01, 1.40000001e-01,
    0., 1.40000001e-01, 2.10000008e-01, 0., 1.74999997e-01,
    3.50000001e-02, 0., 1.74999997e-01, 1.05000004e-01, 0.,
    1.74999997e-01, 1.74999997e-01, 0., 1.74999997e-01, 2.45000005e-01,
    0., 2.10000008e-01, 0., 0., 2.10000008e-01, 7.00000003e-02, 0.,
    2.10000008e-01, 1.40000001e-01, 0., 2.10000008e-01, 2.10000008e-01,
    0., 2.45000005e-01, 3.50000001e-02, 0., 2.45000005e-01,
    1.05000004e-01, 0., 2.45000005e-01, 1.74999997e-01, 0.,
    2.45000005e-01, 2.45000005e-01, 0., 2.80000001e-01, 0., 0.,
    2.80000001e-01, 7.00000003e-02, 0., 2.80000001e-01, 1.40000001e-01,
    0., 2.80000001e-01, 2.10000008e-01, 0., 3.14999998e-01,
    3.50000001e-02, 0., 3.14999998e-01, 1.05000004e-01, 0.,
    3.14999998e-01, 1.74999997e-01, 0., 3.14999998e-01, 2.45000005e-01,
    0., 3.49999994e-01, 0., 0., 3.49999994e-01, 7.00000003e-02, 0.,
    3.49999994e-01, 1.40000001e-01, 0., 3.49999994e-01, 2.10000008e-01,
    0. ]
CalibrationFrameExtRotation: !!opencv-matrix
   rows: 3
   cols: 1
   dt: d
   data: [ -6.8223406068251746e-01, 3.0384693893335650e+00,
       8.9121326371613352e-02 ]
CalibrationFrameExtTranslation: !!opencv-matrix
   rows: 3
   cols: 1
   dt: d
   data: [ -5.8043930215560535e-01, -3.2594461126577873e-01,
       2.3537450328889102e+00 ]
CalibrationFrameRMSerror: 1.3546855747699738e-01
