%YAML:1.0
---
CalibrationFramePatternImage: [ 3.36940918e+02, 3.30026550e+02,
    3.39836487e+02, 3.48550507e+02, 3.42907013e+02, 3.66801086e+02,
    3.45960144e+02, 3.85507233e+02, 3.29458282e+02, 3.40701324e+02,
    3.32418091e+02, 3.59012878e+02, 3.35334137e+02, 3.77647583e+02,
    3.38542450e+02, 3.96530914e+02, 3.19163757e+02, 3.33186676e+02,
    3.21835693e+02, 3.51575836e+02, 3.24863953e+02, 3.70062744e+02,
    3.28013947e+02, 3.88908783e+02, 3.11477600e+02, 3.43898041e+02,
    3.14243195e+02, 3.62446686e+02, 3.17417755e+02, 3.81228577e+02,
    3.20787628e+02, 4.00241058e+02, 3.00919556e+02, 3.35976959e+02,
    3.03957489e+02, 3.54937714e+02, 3.06790894e+02, 3.73498840e+02,
    3.10050171e+02, 3.92504913e+02, 2.93286560e+02, 3.46985779e+02,
    2.96063995e+02, 3.65637817e+02, 2.99273743e+02, 3.84688873e+02,
    3.02423645e+02, 4.03872009e+02, 2.82818329e+02, 3.39322693e+02,
    2.85443756e+02, 3.58184509e+02, 2.88517090e+02, 3.77032532e+02,
    2.91582550e+02, 3.96001526e+02, 2.74823395e+02, 3.50312439e+02,
    2.77774628e+02, 3.69066528e+02, 2.80843445e+02, 3.88515442e+02,
    2.84132111e+02, 4.07566345e+02, 2.64274445e+02, 3.42662994e+02,
    2.66966888e+02, 3.61552765e+02, 2.69824493e+02, 3.80409027e+02,
    2.73097717e+02, 3.99791107e+02, 2.56389221e+02, 3.53611725e+02,
    2.58958923e+02, 3.72645294e+02, 2.62094269e+02, 3.91987366e+02,
    2.65282349e+02, 4.11488342e+02, 2.45307571e+02, 3.45909363e+02,
    2.48274445e+02, 3.64984985e+02, 2.51171799e+02, 3.84138855e+02,
    2.54160309e+02, 4.03799133e+02 ]
CalibrationFramePatternWorld: [ 0., 0., 0., 0., 7.00000003e-02, 0., 0.,
    1.40000001e-01, 0., 0., 2.10000008e-01, 0., 3.50000001e-02,
    3.50000001e-02, 0., 3.50000001e-02, 1.05000004e-01, 0.,
    3.50000001e-02, 1.74999997e-01, 0., 3.50000001e-02, 2.45000005e-01,
    0., 7.00000003e-02, 0., 0., 7.00000003e-02, 7.00000003e-02, 0.,
    7.00000003e-02, 1.40000001e-01, 0., 7.00000003e-02, 2.10000008e-01,
    0., 1.05000004e-01, 3.50000001e-02, 0., 1.05000004e-01,
    1.05000004e-01, 0., 1.05000004e-01, 1.74999997e-01, 0.,
    1.05000004e-01, 2.45000005e-01, 0., 1.40000001e-01, 0., 0.,
    1.40000001e-01, 7.00000003e-02, 0., 1.40000001e-01, 1.40000001e-01,
    0., 1.40000001e-01, 2.10000008e-01, 0., 1.74999997e-01,
    3.50000001e-02, 0., 1.74999997e-01, 1.05000004e-01, 0.,
    1.74999997e-01, 1.74999997e-01, 0., 1.74999997e-01, 2.45000005e-01,
    0., 2.10000008e-01, 0., 0., 2.10000008e-01, 7.00000003e-02, 0.,
    2.10000008e-01, 1.40000001e-01, 0., 2.10000008e-01, 2.10000008e-01,
    0., 2.45000005e-01, 3.50000001e-02, 0., 2.45000005e-01,
    1.05000004e-01, 0., 2.45000005e-01, 1.74999997e-01, 0.,
    2.45000005e-01, 2.45000005e-01, 0., 2.80000001e-01, 0., 0.,
    2.80000001e-01, 7.00000003e-02, 0., 2.80000001e-01, 1.40000001e-01,
    0., 2.80000001e-01, 2.10000008e-01, 0., 3.14999998e-01,
    3.50000001e-02, 0., 3.14999998e-01, 1.05000004e-01, 0.,
    3.14999998e-01, 1.74999997e-01, 0., 3.14999998e-01, 2.45000005e-01,
    0., 3.49999994e-01, 0., 0., 3.49999994e-01, 7.00000003e-02, 0.,
    3.49999994e-01, 1.40000001e-01, 0., 3.49999994e-01, 2.10000008e-01,
    0. ]
CalibrationFrameExtRotation: !!opencv-matrix
   rows: 3
   cols: 1
   dt: d
   data: [ 2.2499434672886573e-01, 2.8862935823468940e+00,
       -2.9041224879866001e-01 ]
CalibrationFrameExtTranslation: !!opencv-matrix
   rows: 3
   cols: 1
   dt: d
   data: [ -5.5264840866037689e-02, 4.0605451805880860e-01,
       2.4192568324766444e+00 ]
CalibrationFrameRMSerror: 2.2023135423660278e-01
