%YAML:1.0
---
CalibrationFramePatternImage: [ 4.51424103e+02, 3.03869751e+02,
    4.45473236e+02, 3.20382263e+02, 4.39600220e+02, 3.37382111e+02,
    4.33454376e+02, 3.54769684e+02, 4.39615112e+02, 3.08855591e+02,
    4.33665344e+02, 3.25579376e+02, 4.27438812e+02, 3.42677460e+02,
    4.21200989e+02, 3.60050354e+02, 4.33868622e+02, 2.97723938e+02,
    4.27847839e+02, 3.13959564e+02, 4.21768829e+02, 3.30832886e+02,
    4.15531097e+02, 3.47884033e+02, 4.22157379e+02, 3.02567505e+02,
    4.16032837e+02, 3.19140747e+02, 4.09802246e+02, 3.35858551e+02,
    4.03508911e+02, 3.53205719e+02, 4.16530579e+02, 2.91441101e+02,
    4.10428955e+02, 3.07721985e+02, 4.04155975e+02, 3.24133881e+02,
    3.97788361e+02, 3.41202271e+02, 4.04964050e+02, 2.96380676e+02,
    3.98681152e+02, 3.12770294e+02, 3.92327118e+02, 3.29321289e+02,
    3.85808258e+02, 3.46521545e+02, 3.99669281e+02, 2.85435211e+02,
    3.93369446e+02, 3.01489319e+02, 3.86952667e+02, 3.17800446e+02,
    3.80450043e+02, 3.34542480e+02, 3.88264679e+02, 2.90433868e+02,
    3.81876862e+02, 3.06441498e+02, 3.75105133e+02, 3.22960754e+02,
    3.68420959e+02, 3.39783630e+02, 3.82929169e+02, 2.79724640e+02,
    3.76664032e+02, 2.95414886e+02, 3.70243195e+02, 3.11450684e+02,
    3.63388702e+02, 3.28088959e+02, 3.71497253e+02, 2.84432343e+02,
    3.65066528e+02, 3.00085571e+02, 3.58398804e+02, 3.16556427e+02,
    3.51438477e+02, 3.33116608e+02, 3.66446045e+02, 2.73782776e+02,
    3.59870728e+02, 2.89317810e+02, 3.53318909e+02, 3.05108215e+02,
    3.46597260e+02, 3.21495422e+02 ]
CalibrationFramePatternWorld: [ 0., 0., 0., 0., 7.00000003e-02, 0., 0.,
    1.40000001e-01, 0., 0., 2.10000008e-01, 0., 3.50000001e-02,
    3.50000001e-02, 0., 3.50000001e-02, 1.05000004e-01, 0.,
    3.50000001e-02, 1.74999997e-01, 0., 3.50000001e-02, 2.45000005e-01,
    0., 7.00000003e-02, 0., 0., 7.00000003e-02, 7.00000003e-02, 0.,
    7.00000003e-02, 1.40000001e-01, 0., 7.00000003e-02, 2.10000008e-01,
    0., 1.05000004e-01, 3.50000001e-02, 0., 1.05000004e-01,
    1.05000004e-01, 0., 1.05000004e-01, 1.74999997e-01, 0.,
    1.05000004e-01, 2.45000005e-01, 0., 1.40000001e-01, 0., 0.,
    1.40000001e-01, 7.00000003e-02, 0., 1.40000001e-01, 1.40000001e-01,
    0., 1.40000001e-01, 2.10000008e-01, 0., 1.74999997e-01,
    3.50000001e-02, 0., 1.74999997e-01, 1.05000004e-01, 0.,
    1.74999997e-01, 1.74999997e-01, 0., 1.74999997e-01, 2.45000005e-01,
    0., 2.10000008e-01, 0., 0., 2.10000008e-01, 7.00000003e-02, 0.,
    2.10000008e-01, 1.40000001e-01, 0., 2.10000008e-01, 2.10000008e-01,
    0., 2.45000005e-01, 3.50000001e-02, 0., 2.45000005e-01,
    1.05000004e-01, 0., 2.45000005e-01, 1.74999997e-01, 0.,
    2.45000005e-01, 2.45000005e-01, 0., 2.80000001e-01, 0., 0.,
    2.80000001e-01, 7.00000003e-02, 0., 2.80000001e-01, 1.40000001e-01,
    0., 2.80000001e-01, 2.10000008e-01, 0., 3.14999998e-01,
    3.50000001e-02, 0., 3.14999998e-01, 1.05000004e-01, 0.,
    3.14999998e-01, 1.74999997e-01, 0., 3.14999998e-01, 2.45000005e-01,
    0., 3.49999994e-01, 0., 0., 3.49999994e-01, 7.00000003e-02, 0.,
    3.49999994e-01, 1.40000001e-01, 0., 3.49999994e-01, 2.10000008e-01,
    0. ]
CalibrationFrameExtRotation: !!opencv-matrix
   rows: 3
   cols: 1
   dt: d
   data: [ 5.3809234242864523e-01, -2.8732237985162010e+00,
       5.9118069299186160e-01 ]
CalibrationFrameExtTranslation: !!opencv-matrix
   rows: 3
   cols: 1
   dt: d
   data: [ 3.8525028699543801e-01, 3.0297602857963102e-01,
       2.4111127137839450e+00 ]
CalibrationFrameRMSerror: 1.1920385062694550e-01
