%YAML:1.0
---
CalibrationFramePatternImage: [ 1.17859489e+02, 1.93326569e+02,
    1.18527924e+02, 2.17384171e+02, 1.19384544e+02, 2.41077698e+02,
    1.20494308e+02, 2.65115631e+02, 1.07369133e+02, 2.05516205e+02,
    1.08102654e+02, 2.29326859e+02, 1.09166077e+02, 2.53259735e+02,
    1.10138283e+02, 2.77331329e+02, 9.63036194e+01, 1.94124161e+02,
    9.67682266e+01, 2.17842834e+02, 9.78499680e+01, 2.41434860e+02,
    9.88994522e+01, 2.65507355e+02, 8.59073334e+01, 2.06229538e+02,
    8.66389160e+01, 2.29935287e+02, 8.75942612e+01, 2.53686691e+02,
    8.86577301e+01, 2.77573303e+02, 7.49659424e+01, 1.94817993e+02,
    7.55224838e+01, 2.18715485e+02, 7.65956268e+01, 2.42165466e+02,
    7.73591156e+01, 2.65860382e+02, 6.46745148e+01, 2.06908615e+02,
    6.55833664e+01, 2.30485748e+02, 6.64459839e+01, 2.54094376e+02,
    6.72846451e+01, 2.77982758e+02, 5.38967285e+01, 1.95563461e+02,
    5.45758133e+01, 2.19119324e+02, 5.56150017e+01, 2.42652313e+02,
    5.63218689e+01, 2.66350220e+02, 4.39343185e+01, 2.07665985e+02,
    4.48543358e+01, 2.31048401e+02, 4.55703316e+01, 2.54777496e+02,
    4.65472031e+01, 2.78429901e+02, 3.34008102e+01, 1.96315994e+02,
    3.39155312e+01, 2.19582275e+02, 3.48906097e+01, 2.43074600e+02,
    3.56647911e+01, 2.66750549e+02, 2.31678658e+01, 2.08198669e+02,
    2.40059185e+01, 2.31515778e+02, 2.49836731e+01, 2.55145416e+02,
    2.58518295e+01, 2.78593109e+02, 1.25799341e+01, 1.97005219e+02,
    1.31062241e+01, 2.20304184e+02, 1.41584291e+01, 2.43501450e+02,
    1.48695192e+01, 2.66961395e+02 ]
CalibrationFramePatternWorld: [ 0., 0., 0., 0., 7.00000003e-02, 0., 0.,
    1.40000001e-01, 0., 0., 2.10000008e-01, 0., 3.50000001e-02,
    3.50000001e-02, 0., 3.50000001e-02, 1.05000004e-01, 0.,
    3.50000001e-02, 1.74999997e-01, 0., 3.50000001e-02, 2.45000005e-01,
    0., 7.00000003e-02, 0., 0., 7.00000003e-02, 7.00000003e-02, 0.,
    7.00000003e-02, 1.40000001e-01, 0., 7.00000003e-02, 2.10000008e-01,
    0., 1.05000004e-01, 3.50000001e-02, 0., 1.05000004e-01,
    1.05000004e-01, 0., 1.05000004e-01, 1.74999997e-01, 0.,
    1.05000004e-01, 2.45000005e-01, 0., 1.40000001e-01, 0., 0.,
    1.40000001e-01, 7.00000003e-02, 0., 1.40000001e-01, 1.40000001e-01,
    0., 1.40000001e-01, 2.10000008e-01, 0., 1.74999997e-01,
    3.50000001e-02, 0., 1.74999997e-01, 1.05000004e-01, 0.,
    1.74999997e-01, 1.74999997e-01, 0., 1.74999997e-01, 2.45000005e-01,
    0., 2.10000008e-01, 0., 0., 2.10000008e-01, 7.00000003e-02, 0.,
    2.10000008e-01, 1.40000001e-01, 0., 2.10000008e-01, 2.10000008e-01,
    0., 2.45000005e-01, 3.50000001e-02, 0., 2.45000005e-01,
    1.05000004e-01, 0., 2.45000005e-01, 1.74999997e-01, 0.,
    2.45000005e-01, 2.45000005e-01, 0., 2.80000001e-01, 0., 0.,
    2.80000001e-01, 7.00000003e-02, 0., 2.80000001e-01, 1.40000001e-01,
    0., 2.80000001e-01, 2.10000008e-01, 0., 3.14999998e-01,
    3.50000001e-02, 0., 3.14999998e-01, 1.05000004e-01, 0.,
    3.14999998e-01, 1.74999997e-01, 0., 3.14999998e-01, 2.45000005e-01,
    0., 3.49999994e-01, 0., 0., 3.49999994e-01, 7.00000003e-02, 0.,
    3.49999994e-01, 1.40000001e-01, 0., 3.49999994e-01, 2.10000008e-01,
    0. ]
CalibrationFrameExtRotation: !!opencv-matrix
   rows: 3
   cols: 1
   dt: d
   data: [ -3.9038116085590879e-02, -2.9230277143080352e+00,
       -3.4883056671361726e-02 ]
CalibrationFrameExtTranslation: !!opencv-matrix
   rows: 3
   cols: 1
   dt: d
   data: [ -6.7334478749388582e-01, -9.4233428477041428e-02,
       1.8107908679386151e+00 ]
CalibrationFrameRMSerror: 2.1195386350154877e-01
