%YAML:1.0
---
CalibrationFramePatternImage: [ 4.59039734e+02, 1.45300522e+02,
    4.53766113e+02, 1.60951401e+02, 4.48402740e+02, 1.76666107e+02,
    4.42879456e+02, 1.92725311e+02, 4.48054901e+02, 1.51042358e+02,
    4.42601959e+02, 1.66606979e+02, 4.37043488e+02, 1.82382446e+02,
    4.31472412e+02, 1.98402512e+02, 4.42377197e+02, 1.41245270e+02,
    4.36948181e+02, 1.56695877e+02, 4.31465851e+02, 1.72387039e+02,
    4.25916321e+02, 1.88130630e+02, 4.31318573e+02, 1.46870819e+02,
    4.25831970e+02, 1.62272964e+02, 4.20362213e+02, 1.78065140e+02,
    4.14894867e+02, 1.93787552e+02, 4.25755951e+02, 1.37184204e+02,
    4.20430908e+02, 1.52580292e+02, 4.14976105e+02, 1.67967590e+02,
    4.09546661e+02, 1.83628830e+02, 4.15065033e+02, 1.42909393e+02,
    4.09706177e+02, 1.58129532e+02, 4.04082855e+02, 1.73518600e+02,
    3.98430023e+02, 1.89153488e+02, 4.09652954e+02, 1.33383987e+02,
    4.04150787e+02, 1.48580917e+02, 3.98639313e+02, 1.63753021e+02,
    3.92970459e+02, 1.79047470e+02, 3.98882111e+02, 1.38999359e+02,
    3.93450989e+02, 1.54035278e+02, 3.88027924e+02, 1.69358810e+02,
    3.82256653e+02, 1.84715698e+02, 3.93687988e+02, 1.29597015e+02,
    3.88335754e+02, 1.44346786e+02, 3.82721466e+02, 1.59434448e+02,
    3.77097748e+02, 1.74790054e+02, 3.83102051e+02, 1.34825668e+02,
    3.77542725e+02, 1.49680740e+02, 3.71975464e+02, 1.64885208e+02,
    3.66385895e+02, 1.80086349e+02, 3.77852417e+02, 1.25492928e+02,
    3.72477722e+02, 1.40254044e+02, 3.67150696e+02, 1.55299301e+02,
    3.61456940e+02, 1.70262848e+02 ]
CalibrationFramePatternWorld: [ 0., 0., 0., 0., 7.00000003e-02, 0., 0.,
    1.40000001e-01, 0., 0., 2.10000008e-01, 0., 3.50000001e-02,
    3.50000001e-02, 0., 3.50000001e-02, 1.05000004e-01, 0.,
    3.50000001e-02, 1.74999997e-01, 0., 3.50000001e-02, 2.45000005e-01,
    0., 7.00000003e-02, 0., 0., 7.00000003e-02, 7.00000003e-02, 0.,
    7.00000003e-02, 1.40000001e-01, 0., 7.00000003e-02, 2.10000008e-01,
    0., 1.05000004e-01, 3.50000001e-02, 0., 1.05000004e-01,
    1.05000004e-01, 0., 1.05000004e-01, 1.74999997e-01, 0.,
    1.05000004e-01, 2.45000005e-01, 0., 1.40000001e-01, 0., 0.,
    1.40000001e-01, 7.00000003e-02, 0., 1.40000001e-01, 1.40000001e-01,
    0., 1.40000001e-01, 2.10000008e-01, 0., 1.74999997e-01,
    3.50000001e-02, 0., 1.74999997e-01, 1.05000004e-01, 0.,
    1.74999997e-01, 1.74999997e-01, 0., 1.74999997e-01, 2.45000005e-01,
    0., 2.10000008e-01, 0., 0., 2.10000008e-01, 7.00000003e-02, 0.,
    2.10000008e-01, 1.40000001e-01, 0., 2.10000008e-01, 2.10000008e-01,
    0., 2.45000005e-01, 3.50000001e-02, 0., 2.45000005e-01,
    1.05000004e-01, 0., 2.45000005e-01, 1.74999997e-01, 0.,
    2.45000005e-01, 2.45000005e-01, 0., 2.80000001e-01, 0., 0.,
    2.80000001e-01, 7.00000003e-02, 0., 2.80000001e-01, 1.40000001e-01,
    0., 2.80000001e-01, 2.10000008e-01, 0., 3.14999998e-01,
    3.50000001e-02, 0., 3.14999998e-01, 1.05000004e-01, 0.,
    3.14999998e-01, 1.74999997e-01, 0., 3.14999998e-01, 2.45000005e-01,
    0., 3.49999994e-01, 0., 0., 3.49999994e-01, 7.00000003e-02, 0.,
    3.49999994e-01, 1.40000001e-01, 0., 3.49999994e-01, 2.10000008e-01,
    0. ]
CalibrationFrameExtRotation: !!opencv-matrix
   rows: 3
   cols: 1
   dt: d
   data: [ 4.6115374006521298e-01, -2.8373304636729624e+00,
       3.4792359063806982e-01 ]
CalibrationFrameExtTranslation: !!opencv-matrix
   rows: 3
   cols: 1
   dt: d
   data: [ 4.3616288857836333e-01, -3.2412600184613383e-01,
       2.5337436823238293e+00 ]
CalibrationFrameRMSerror: 1.3266289234161377e-01
