%YAML:1.0
---
CalibrationFramePatternImage: [ 5.91177429e+02, 1.17472969e+02,
    5.77454224e+02, 1.41740082e+02, 5.64209351e+02, 1.65477737e+02,
    5.50942993e+02, 1.89103683e+02, 5.71549622e+02, 1.24252670e+02,
    5.58331665e+02, 1.47995041e+02, 5.45193542e+02, 1.71576920e+02,
    5.32161194e+02, 1.95019455e+02, 5.65659485e+02, 1.07190483e+02,
    5.52431885e+02, 1.30909210e+02, 5.39512329e+02, 1.54434967e+02,
    5.26605347e+02, 1.77747467e+02, 5.46666016e+02, 1.13938339e+02,
    5.33873657e+02, 1.37387894e+02, 5.21099121e+02, 1.60598221e+02,
    5.08466949e+02, 1.83546509e+02, 5.40971313e+02, 9.71215439e+01,
    5.28230103e+02, 1.20549606e+02, 5.15696289e+02, 1.43759903e+02,
    5.03142029e+02, 1.66731644e+02, 5.22766113e+02, 1.03896233e+02,
    5.10312103e+02, 1.26976471e+02, 4.97976074e+02, 1.49983017e+02,
    4.85621002e+02, 1.72600281e+02, 5.17292297e+02, 8.75706177e+01,
    5.04862427e+02, 1.10594032e+02, 4.92663879e+02, 1.33467529e+02,
    4.80426453e+02, 1.56147812e+02, 4.99568542e+02, 9.42792664e+01,
    4.87462067e+02, 1.17139107e+02, 4.75253723e+02, 1.39730316e+02,
    4.63417084e+02, 1.62121094e+02, 4.94490234e+02, 7.83236542e+01,
    4.82443268e+02, 1.00888374e+02, 4.70519165e+02, 1.23388542e+02,
    4.58612366e+02, 1.45809692e+02, 4.77307343e+02, 8.49123001e+01,
    4.65391754e+02, 1.07402969e+02, 4.53658295e+02, 1.29630905e+02,
    4.42072449e+02, 1.51606934e+02, 4.72146698e+02, 6.90658722e+01,
    4.60219421e+02, 9.15425720e+01, 4.48739532e+02, 1.13682747e+02,
    4.37396942e+02, 1.35682846e+02 ]
CalibrationFramePatternWorld: [ 0., 0., 0., 0., 7.00000003e-02, 0., 0.,
    1.40000001e-01, 0., 0., 2.10000008e-01, 0., 3.50000001e-02,
    3.50000001e-02, 0., 3.50000001e-02, 1.05000004e-01, 0.,
    3.50000001e-02, 1.74999997e-01, 0., 3.50000001e-02, 2.45000005e-01,
    0., 7.00000003e-02, 0., 0., 7.00000003e-02, 7.00000003e-02, 0.,
    7.00000003e-02, 1.40000001e-01, 0., 7.00000003e-02, 2.10000008e-01,
    0., 1.05000004e-01, 3.50000001e-02, 0., 1.05000004e-01,
    1.05000004e-01, 0., 1.05000004e-01, 1.74999997e-01, 0.,
    1.05000004e-01, 2.45000005e-01, 0., 1.40000001e-01, 0., 0.,
    1.40000001e-01, 7.00000003e-02, 0., 1.40000001e-01, 1.40000001e-01,
    0., 1.40000001e-01, 2.10000008e-01, 0., 1.74999997e-01,
    3.50000001e-02, 0., 1.74999997e-01, 1.05000004e-01, 0.,
    1.74999997e-01, 1.74999997e-01, 0., 1.74999997e-01, 2.45000005e-01,
    0., 2.10000008e-01, 0., 0., 2.10000008e-01, 7.00000003e-02, 0.,
    2.10000008e-01, 1.40000001e-01, 0., 2.10000008e-01, 2.10000008e-01,
    0., 2.45000005e-01, 3.50000001e-02, 0., 2.45000005e-01,
    1.05000004e-01, 0., 2.45000005e-01, 1.74999997e-01, 0.,
    2.45000005e-01, 2.45000005e-01, 0., 2.80000001e-01, 0., 0.,
    2.80000001e-01, 7.00000003e-02, 0., 2.80000001e-01, 1.40000001e-01,
    0., 2.80000001e-01, 2.10000008e-01, 0., 3.14999998e-01,
    3.50000001e-02, 0., 3.14999998e-01, 1.05000004e-01, 0.,
    3.14999998e-01, 1.74999997e-01, 0., 3.14999998e-01, 2.45000005e-01,
    0., 3.49999994e-01, 0., 0., 3.49999994e-01, 7.00000003e-02, 0.,
    3.49999994e-01, 1.40000001e-01, 0., 3.49999994e-01, 2.10000008e-01,
    0. ]
CalibrationFrameExtRotation: !!opencv-matrix
   rows: 3
   cols: 1
   dt: d
   data: [ 6.7002861459466245e-01, -2.6588123306950613e+00,
       -4.0328833401577571e-02 ]
CalibrationFrameExtTranslation: !!opencv-matrix
   rows: 3
   cols: 1
   dt: d
   data: [ 6.2463085845299149e-01, -2.8310924813080696e-01,
       1.6478596784290318e+00 ]
CalibrationFrameRMSerror: 1.2220720201730728e-01
