%YAML:1.0
---
FrameWidth: 640
FrameHeight: 480
FramesInCalibration: 20
CameraMatrix: !!opencv-matrix
   rows: 3
   cols: 3
   dt: d
   data: [ 5.7119638276187277e+02, 0., 3.5310103475635765e+02, 0.,
       5.6470512153512573e+02, 2.3521398997884307e+02, 0., 0., 1. ]
DistortionCoefficients: !!opencv-matrix
   rows: 1
   cols: 5
   dt: d
   data: [ 7.1366693464092648e-02, -2.2368711835996183e-01,
       -3.8247264927138837e-03, 1.7904507746529030e-02,
       2.4816180584542280e-01 ]
CalibrationRMSerror: 3.7420424818992615e-01
CalibrationReprojectionError: 3.7420439720153809e-01
CalibrationColinearityErrorOld: 6.4681267738342285e+00
CalibrationColinearityErrorNew: 6.4698209762573242e+00
