%YAML:1.0
---
CalibrationFramePatternImage: [ 2.55076599e+02, 5.59071198e+01,
    2.72037933e+02, 6.29108543e+01, 2.88909393e+02, 7.01487427e+01,
    3.05918518e+02, 7.72171021e+01, 3.23176361e+02, 8.46020126e+01,
    3.40265167e+02, 9.21515732e+01, 3.57469879e+02, 9.94708786e+01,
    2.47722534e+02, 7.28784027e+01, 2.64533203e+02, 7.99308548e+01,
    2.81406403e+02, 8.70612335e+01, 2.98535126e+02, 9.44163361e+01,
    3.15533020e+02, 1.01694931e+02, 3.32677246e+02, 1.09200966e+02,
    3.49702026e+02, 1.16605774e+02, 2.40614273e+02, 8.96657410e+01,
    2.57401978e+02, 9.66749954e+01, 2.74127716e+02, 1.04066399e+02,
    2.91140503e+02, 1.11342262e+02, 3.08114380e+02, 1.18556839e+02,
    3.25152985e+02, 1.26175713e+02, 3.42286377e+02, 1.33584564e+02,
    2.33399597e+02, 1.06254517e+02, 2.50223953e+02, 1.13585701e+02,
    2.66995514e+02, 1.20630119e+02, 2.83821838e+02, 1.28070770e+02,
    3.00709503e+02, 1.35408508e+02, 3.17716339e+02, 1.42893417e+02,
    3.34589935e+02, 1.50331390e+02, 2.26462280e+02, 1.22846893e+02,
    2.42959457e+02, 1.30192032e+02, 2.59717590e+02, 1.37336197e+02,
    2.76636505e+02, 1.44595993e+02, 2.93470062e+02, 1.51872284e+02,
    3.10335388e+02, 1.59353317e+02, 3.27265198e+02, 1.67037277e+02 ]
CalibrationFramePatternWorld: [ 0., 0., 0., 0., 2.70000007e-02, 0., 0.,
    5.40000014e-02, 0., 0., 8.10000002e-02, 0., 0., 1.08000003e-01, 0.,
    0., 1.35000005e-01, 0., 0., 1.62000000e-01, 0., 2.70000007e-02, 0.,
    0., 2.70000007e-02, 2.70000007e-02, 0., 2.70000007e-02,
    5.40000014e-02, 0., 2.70000007e-02, 8.10000002e-02, 0.,
    2.70000007e-02, 1.08000003e-01, 0., 2.70000007e-02, 1.35000005e-01,
    0., 2.70000007e-02, 1.62000000e-01, 0., 5.40000014e-02, 0., 0.,
    5.40000014e-02, 2.70000007e-02, 0., 5.40000014e-02, 5.40000014e-02,
    0., 5.40000014e-02, 8.10000002e-02, 0., 5.40000014e-02,
    1.08000003e-01, 0., 5.40000014e-02, 1.35000005e-01, 0.,
    5.40000014e-02, 1.62000000e-01, 0., 8.10000002e-02, 0., 0.,
    8.10000002e-02, 2.70000007e-02, 0., 8.10000002e-02, 5.40000014e-02,
    0., 8.10000002e-02, 8.10000002e-02, 0., 8.10000002e-02,
    1.08000003e-01, 0., 8.10000002e-02, 1.35000005e-01, 0.,
    8.10000002e-02, 1.62000000e-01, 0., 1.08000003e-01, 0., 0.,
    1.08000003e-01, 2.70000007e-02, 0., 1.08000003e-01, 5.40000014e-02,
    0., 1.08000003e-01, 8.10000002e-02, 0., 1.08000003e-01,
    1.08000003e-01, 0., 1.08000003e-01, 1.35000005e-01, 0.,
    1.08000003e-01, 1.62000000e-01, 0. ]
CalibrationFrameExtRotation: !!opencv-matrix
   rows: 3
   cols: 1
   dt: d
   data: [ -1.5965584015391254e+00, -2.4539298610109679e+00,
       -1.2641912569749011e-01 ]
CalibrationFrameExtTranslation: !!opencv-matrix
   rows: 3
   cols: 1
   dt: d
   data: [ -1.8465369971613903e-02, -2.7771660171071999e-01,
       1.2276961652102079e+00 ]
CalibrationFrameRMSerror: 1.5139648318290710e-01
