%YAML:1.0
---
CalibrationFramePatternImage: [ 1.40269669e+02, 5.87379799e+01,
    1.57373962e+02, 6.38961601e+01, 1.74713333e+02, 6.94165955e+01,
    1.92076508e+02, 7.49268341e+01, 2.09448273e+02, 8.03937683e+01,
    2.26762222e+02, 8.60503006e+01, 2.44192657e+02, 9.15567398e+01,
    1.35294006e+02, 7.49666519e+01, 1.52502426e+02, 8.03775330e+01,
    1.69523178e+02, 8.56486053e+01, 1.86745132e+02, 9.11634598e+01,
    2.04049545e+02, 9.66426468e+01, 2.21414825e+02, 1.02240608e+02,
    2.38587952e+02, 1.07560577e+02, 1.30830658e+02, 9.07504959e+01,
    1.47665009e+02, 9.61971664e+01, 1.64818924e+02, 1.01613213e+02,
    1.81827576e+02, 1.07015030e+02, 1.99065903e+02, 1.12192924e+02,
    2.16234909e+02, 1.17701225e+02, 2.33317459e+02, 1.23072952e+02,
    1.26303345e+02, 1.06414070e+02, 1.43266953e+02, 1.11650406e+02,
    1.60228073e+02, 1.16923775e+02, 1.77047745e+02, 1.22201347e+02,
    1.93955521e+02, 1.27674034e+02, 2.11050705e+02, 1.33034622e+02,
    2.28066925e+02, 1.38453140e+02, 1.22111290e+02, 1.21768074e+02,
    1.38952942e+02, 1.26793091e+02, 1.55780823e+02, 1.32220703e+02,
    1.72561401e+02, 1.37188660e+02, 1.89364227e+02, 1.42643173e+02,
    2.06250793e+02, 1.48052444e+02, 2.22998199e+02, 1.53357407e+02 ]
CalibrationFramePatternWorld: [ 0., 0., 0., 0., 2.70000007e-02, 0., 0.,
    5.40000014e-02, 0., 0., 8.10000002e-02, 0., 0., 1.08000003e-01, 0.,
    0., 1.35000005e-01, 0., 0., 1.62000000e-01, 0., 2.70000007e-02, 0.,
    0., 2.70000007e-02, 2.70000007e-02, 0., 2.70000007e-02,
    5.40000014e-02, 0., 2.70000007e-02, 8.10000002e-02, 0.,
    2.70000007e-02, 1.08000003e-01, 0., 2.70000007e-02, 1.35000005e-01,
    0., 2.70000007e-02, 1.62000000e-01, 0., 5.40000014e-02, 0., 0.,
    5.40000014e-02, 2.70000007e-02, 0., 5.40000014e-02, 5.40000014e-02,
    0., 5.40000014e-02, 8.10000002e-02, 0., 5.40000014e-02,
    1.08000003e-01, 0., 5.40000014e-02, 1.35000005e-01, 0.,
    5.40000014e-02, 1.62000000e-01, 0., 8.10000002e-02, 0., 0.,
    8.10000002e-02, 2.70000007e-02, 0., 8.10000002e-02, 5.40000014e-02,
    0., 8.10000002e-02, 8.10000002e-02, 0., 8.10000002e-02,
    1.08000003e-01, 0., 8.10000002e-02, 1.35000005e-01, 0.,
    8.10000002e-02, 1.62000000e-01, 0., 1.08000003e-01, 0., 0.,
    1.08000003e-01, 2.70000007e-02, 0., 1.08000003e-01, 5.40000014e-02,
    0., 1.08000003e-01, 8.10000002e-02, 0., 1.08000003e-01,
    1.08000003e-01, 0., 1.08000003e-01, 1.35000005e-01, 0.,
    1.08000003e-01, 1.62000000e-01, 0. ]
CalibrationFrameExtRotation: !!opencv-matrix
   rows: 3
   cols: 1
   dt: d
   data: [ -1.5711026463344717e+00, -2.2159262123445167e+00,
       -5.7423437109807107e-01 ]
CalibrationFrameExtTranslation: !!opencv-matrix
   rows: 3
   cols: 1
   dt: d
   data: [ -1.8797741472336091e-01, -2.7613470098436260e-01,
       1.2304097189776046e+00 ]
CalibrationFrameRMSerror: 1.7747412621974945e-01
