%YAML:1.0
---
CalibrationFramePatternImage: [ 4.20902191e+02, 2.02173828e+02,
    4.39649658e+02, 2.01751099e+02, 4.58145905e+02, 2.01634460e+02,
    4.76382812e+02, 2.01030182e+02, 4.94741913e+02, 2.00776245e+02,
    5.12722168e+02, 2.00428360e+02, 5.30443115e+02, 2.00034668e+02,
    4.22371826e+02, 2.19377625e+02, 4.41339417e+02, 2.19070724e+02,
    4.59896149e+02, 2.18729431e+02, 4.78455597e+02, 2.18379089e+02,
    4.96726624e+02, 2.18054474e+02, 5.14878479e+02, 2.17673386e+02,
    5.32594177e+02, 2.17452301e+02, 4.23860443e+02, 2.36802734e+02,
    4.42845032e+02, 2.36434738e+02, 4.61581604e+02, 2.36234268e+02,
    4.80038147e+02, 2.35741592e+02, 4.98722198e+02, 2.35495361e+02,
    5.17026306e+02, 2.34865814e+02, 5.34736694e+02, 2.34494034e+02,
    4.25024353e+02, 2.54155746e+02, 4.44037872e+02, 2.53882141e+02,
    4.63050903e+02, 2.53567123e+02, 4.81991791e+02, 2.53335358e+02,
    5.00447327e+02, 2.52760254e+02, 5.18947021e+02, 2.52426239e+02,
    5.36897827e+02, 2.52035721e+02, 4.26189789e+02, 2.71589447e+02,
    4.45206573e+02, 2.71611664e+02, 4.64491211e+02, 2.71301147e+02,
    4.83261414e+02, 2.70878235e+02, 5.02030792e+02, 2.70445709e+02,
    5.20499756e+02, 2.69900787e+02, 5.38816162e+02, 2.69399841e+02 ]
CalibrationFramePatternWorld: [ 0., 0., 0., 0., 2.70000007e-02, 0., 0.,
    5.40000014e-02, 0., 0., 8.10000002e-02, 0., 0., 1.08000003e-01, 0.,
    0., 1.35000005e-01, 0., 0., 1.62000000e-01, 0., 2.70000007e-02, 0.,
    0., 2.70000007e-02, 2.70000007e-02, 0., 2.70000007e-02,
    5.40000014e-02, 0., 2.70000007e-02, 8.10000002e-02, 0.,
    2.70000007e-02, 1.08000003e-01, 0., 2.70000007e-02, 1.35000005e-01,
    0., 2.70000007e-02, 1.62000000e-01, 0., 5.40000014e-02, 0., 0.,
    5.40000014e-02, 2.70000007e-02, 0., 5.40000014e-02, 5.40000014e-02,
    0., 5.40000014e-02, 8.10000002e-02, 0., 5.40000014e-02,
    1.08000003e-01, 0., 5.40000014e-02, 1.35000005e-01, 0.,
    5.40000014e-02, 1.62000000e-01, 0., 8.10000002e-02, 0., 0.,
    8.10000002e-02, 2.70000007e-02, 0., 8.10000002e-02, 5.40000014e-02,
    0., 8.10000002e-02, 8.10000002e-02, 0., 8.10000002e-02,
    1.08000003e-01, 0., 8.10000002e-02, 1.35000005e-01, 0.,
    8.10000002e-02, 1.62000000e-01, 0., 1.08000003e-01, 0., 0.,
    1.08000003e-01, 2.70000007e-02, 0., 1.08000003e-01, 5.40000014e-02,
    0., 1.08000003e-01, 8.10000002e-02, 0., 1.08000003e-01,
    1.08000003e-01, 0., 1.08000003e-01, 1.35000005e-01, 0.,
    1.08000003e-01, 1.62000000e-01, 0. ]
CalibrationFrameExtRotation: !!opencv-matrix
   rows: 3
   cols: 1
   dt: d
   data: [ 2.0379881774739927e+00, 2.0219600776263751e+00,
       -4.6578298859333794e-01 ]
CalibrationFrameExtTranslation: !!opencv-matrix
   rows: 3
   cols: 1
   dt: d
   data: [ 2.1967452560846282e-01, -6.1963822275574440e-02,
       1.2133561690871566e+00 ]
CalibrationFrameRMSerror: 2.5576841831207275e-01
