%YAML:1.0
---
CalibrationFramePatternImage: [ 2.17987152e+02, 2.61086029e+02,
    2.43165802e+02, 2.55378265e+02, 2.68082367e+02, 2.50027863e+02,
    2.92435028e+02, 2.44411972e+02, 3.16845276e+02, 2.38953156e+02,
    3.40688263e+02, 2.33770752e+02, 3.64263611e+02, 2.28370499e+02,
    2.24505264e+02, 2.84985107e+02, 2.50160339e+02, 2.79342010e+02,
    2.75000885e+02, 2.73672638e+02, 3.00289185e+02, 2.68065948e+02,
    3.24444550e+02, 2.62570618e+02, 3.48713715e+02, 2.56710907e+02,
    3.72112793e+02, 2.51450775e+02, 2.31269119e+02, 3.09088562e+02,
    2.56914032e+02, 3.03315887e+02, 2.82451813e+02, 2.97713745e+02,
    3.07359070e+02, 2.92041962e+02, 3.32364410e+02, 2.85986237e+02,
    3.56376434e+02, 2.80228485e+02, 3.79991119e+02, 2.74442810e+02,
    2.37830765e+02, 3.33855042e+02, 2.63992798e+02, 3.27820160e+02,
    2.89313568e+02, 3.21964050e+02, 3.14812073e+02, 3.16025940e+02,
    3.39418671e+02, 3.09817291e+02, 3.64254364e+02, 3.03772614e+02,
    3.88105774e+02, 2.98073944e+02, 2.44629013e+02, 3.58689392e+02,
    2.70707367e+02, 3.52574554e+02, 2.96554413e+02, 3.46672028e+02,
    3.21944641e+02, 3.40419891e+02, 3.47070038e+02, 3.34099030e+02,
    3.71684814e+02, 3.27952576e+02, 3.95887665e+02, 3.21540955e+02 ]
CalibrationFramePatternWorld: [ 0., 0., 0., 0., 2.70000007e-02, 0., 0.,
    5.40000014e-02, 0., 0., 8.10000002e-02, 0., 0., 1.08000003e-01, 0.,
    0., 1.35000005e-01, 0., 0., 1.62000000e-01, 0., 2.70000007e-02, 0.,
    0., 2.70000007e-02, 2.70000007e-02, 0., 2.70000007e-02,
    5.40000014e-02, 0., 2.70000007e-02, 8.10000002e-02, 0.,
    2.70000007e-02, 1.08000003e-01, 0., 2.70000007e-02, 1.35000005e-01,
    0., 2.70000007e-02, 1.62000000e-01, 0., 5.40000014e-02, 0., 0.,
    5.40000014e-02, 2.70000007e-02, 0., 5.40000014e-02, 5.40000014e-02,
    0., 5.40000014e-02, 8.10000002e-02, 0., 5.40000014e-02,
    1.08000003e-01, 0., 5.40000014e-02, 1.35000005e-01, 0.,
    5.40000014e-02, 1.62000000e-01, 0., 8.10000002e-02, 0., 0.,
    8.10000002e-02, 2.70000007e-02, 0., 8.10000002e-02, 5.40000014e-02,
    0., 8.10000002e-02, 8.10000002e-02, 0., 8.10000002e-02,
    1.08000003e-01, 0., 8.10000002e-02, 1.35000005e-01, 0.,
    8.10000002e-02, 1.62000000e-01, 0., 1.08000003e-01, 0., 0.,
    1.08000003e-01, 2.70000007e-02, 0., 1.08000003e-01, 5.40000014e-02,
    0., 1.08000003e-01, 8.10000002e-02, 0., 1.08000003e-01,
    1.08000003e-01, 0., 1.08000003e-01, 1.35000005e-01, 0.,
    1.08000003e-01, 1.62000000e-01, 0. ]
CalibrationFrameExtRotation: !!opencv-matrix
   rows: 3
   cols: 1
   dt: d
   data: [ 2.1890524330745853e+00, 1.6980973882437584e+00,
       -2.0580325629958610e-01 ]
CalibrationFrameExtTranslation: !!opencv-matrix
   rows: 3
   cols: 1
   dt: d
   data: [ -5.1231537700820604e-02, 1.6496253162877467e-02,
       8.8266430168769527e-01 ]
CalibrationFrameRMSerror: 2.8396019339561462e-01
