%YAML:1.0
---
CalibrationFramePatternImage: [ 4.66621582e+02, 2.43389877e+02,
    4.82276642e+02, 2.54642700e+02, 4.97433350e+02, 2.66007599e+02,
    5.12412964e+02, 2.77014923e+02, 5.27508362e+02, 2.88223267e+02,
    5.42429321e+02, 2.99213226e+02, 5.57280762e+02, 3.10219910e+02,
    4.55546722e+02, 2.59068390e+02, 4.70929657e+02, 2.70362946e+02,
    4.86174255e+02, 2.81563660e+02, 5.01365723e+02, 2.92676727e+02,
    5.16221252e+02, 3.03647583e+02, 5.31444946e+02, 3.14945618e+02,
    5.46020691e+02, 3.25511871e+02, 4.44244629e+02, 2.74449158e+02,
    4.59569153e+02, 2.85618011e+02, 4.74896149e+02, 2.96886963e+02,
    4.90049561e+02, 3.07905396e+02, 5.05176697e+02, 3.19154419e+02,
    5.19932678e+02, 3.29862396e+02, 5.35001099e+02, 3.40914856e+02,
    4.32938721e+02, 2.89574493e+02, 4.48405884e+02, 3.01052277e+02,
    4.63632141e+02, 3.11904724e+02, 4.78974243e+02, 3.23280701e+02,
    4.93878662e+02, 3.34300385e+02, 5.09048279e+02, 3.45139709e+02,
    5.23794434e+02, 3.55753204e+02, 4.21943481e+02, 3.04978241e+02,
    4.37172516e+02, 3.16023682e+02, 4.52604889e+02, 3.27379425e+02,
    4.67791260e+02, 3.38115417e+02, 4.82890472e+02, 3.49091522e+02,
    4.97553864e+02, 3.59940125e+02, 5.12627319e+02, 3.70835876e+02 ]
CalibrationFramePatternWorld: [ 0., 0., 0., 0., 2.70000007e-02, 0., 0.,
    5.40000014e-02, 0., 0., 8.10000002e-02, 0., 0., 1.08000003e-01, 0.,
    0., 1.35000005e-01, 0., 0., 1.62000000e-01, 0., 2.70000007e-02, 0.,
    0., 2.70000007e-02, 2.70000007e-02, 0., 2.70000007e-02,
    5.40000014e-02, 0., 2.70000007e-02, 8.10000002e-02, 0.,
    2.70000007e-02, 1.08000003e-01, 0., 2.70000007e-02, 1.35000005e-01,
    0., 2.70000007e-02, 1.62000000e-01, 0., 5.40000014e-02, 0., 0.,
    5.40000014e-02, 2.70000007e-02, 0., 5.40000014e-02, 5.40000014e-02,
    0., 5.40000014e-02, 8.10000002e-02, 0., 5.40000014e-02,
    1.08000003e-01, 0., 5.40000014e-02, 1.35000005e-01, 0.,
    5.40000014e-02, 1.62000000e-01, 0., 8.10000002e-02, 0., 0.,
    8.10000002e-02, 2.70000007e-02, 0., 8.10000002e-02, 5.40000014e-02,
    0., 8.10000002e-02, 8.10000002e-02, 0., 8.10000002e-02,
    1.08000003e-01, 0., 8.10000002e-02, 1.35000005e-01, 0.,
    8.10000002e-02, 1.62000000e-01, 0., 1.08000003e-01, 0., 0.,
    1.08000003e-01, 2.70000007e-02, 0., 1.08000003e-01, 5.40000014e-02,
    0., 1.08000003e-01, 8.10000002e-02, 0., 1.08000003e-01,
    1.08000003e-01, 0., 1.08000003e-01, 1.35000005e-01, 0.,
    1.08000003e-01, 1.62000000e-01, 0. ]
CalibrationFrameExtRotation: !!opencv-matrix
   rows: 3
   cols: 1
   dt: d
   data: [ -1.3406385438696078e+00, -2.6163252726055459e+00,
       1.3565816178518611e-01 ]
CalibrationFrameExtTranslation: !!opencv-matrix
   rows: 3
   cols: 1
   dt: d
   data: [ 2.8038319418372559e-01, -1.8865943677952685e-03,
       1.1869707970903736e+00 ]
CalibrationFrameRMSerror: 2.2451788187026978e-01
