%YAML:1.0
---
CalibrationFramePatternImage: [ 1.30284912e+02, 1.32721390e+02,
    1.47130966e+02, 1.26329010e+02, 1.64331528e+02, 1.20059830e+02,
    1.81522842e+02, 1.13546944e+02, 1.98902832e+02, 1.07315880e+02,
    2.16138351e+02, 1.01119507e+02, 2.33397049e+02, 9.45740433e+01,
    1.35648239e+02, 1.49644897e+02, 1.52994308e+02, 1.43327988e+02,
    1.69975159e+02, 1.36955063e+02, 1.87531967e+02, 1.30574326e+02,
    2.04689301e+02, 1.24456970e+02, 2.22327087e+02, 1.18034515e+02,
    2.39445679e+02, 1.11780807e+02, 1.41453857e+02, 1.66362885e+02,
    1.58474228e+02, 1.60162552e+02, 1.76101273e+02, 1.54028229e+02,
    1.93047791e+02, 1.47524094e+02, 2.10741745e+02, 1.41283981e+02,
    2.28084961e+02, 1.34965027e+02, 2.45572021e+02, 1.28628372e+02,
    1.46657547e+02, 1.83563293e+02, 1.64269547e+02, 1.77022446e+02,
    1.81511398e+02, 1.70939957e+02, 1.99047989e+02, 1.64581116e+02,
    2.16351120e+02, 1.58377869e+02, 2.34143021e+02, 1.52017868e+02,
    2.51548187e+02, 1.45937363e+02, 1.52518875e+02, 2.00362701e+02,
    1.69680893e+02, 1.94324753e+02, 1.87454086e+02, 1.87938171e+02,
    2.04676865e+02, 1.81611282e+02, 2.22329926e+02, 1.75412582e+02,
    2.39822571e+02, 1.69256454e+02, 2.57479340e+02, 1.62853333e+02 ]
CalibrationFramePatternWorld: [ 0., 0., 0., 0., 2.70000007e-02, 0., 0.,
    5.40000014e-02, 0., 0., 8.10000002e-02, 0., 0., 1.08000003e-01, 0.,
    0., 1.35000005e-01, 0., 0., 1.62000000e-01, 0., 2.70000007e-02, 0.,
    0., 2.70000007e-02, 2.70000007e-02, 0., 2.70000007e-02,
    5.40000014e-02, 0., 2.70000007e-02, 8.10000002e-02, 0.,
    2.70000007e-02, 1.08000003e-01, 0., 2.70000007e-02, 1.35000005e-01,
    0., 2.70000007e-02, 1.62000000e-01, 0., 5.40000014e-02, 0., 0.,
    5.40000014e-02, 2.70000007e-02, 0., 5.40000014e-02, 5.40000014e-02,
    0., 5.40000014e-02, 8.10000002e-02, 0., 5.40000014e-02,
    1.08000003e-01, 0., 5.40000014e-02, 1.35000005e-01, 0.,
    5.40000014e-02, 1.62000000e-01, 0., 8.10000002e-02, 0., 0.,
    8.10000002e-02, 2.70000007e-02, 0., 8.10000002e-02, 5.40000014e-02,
    0., 8.10000002e-02, 8.10000002e-02, 0., 8.10000002e-02,
    1.08000003e-01, 0., 8.10000002e-02, 1.35000005e-01, 0.,
    8.10000002e-02, 1.62000000e-01, 0., 1.08000003e-01, 0., 0.,
    1.08000003e-01, 2.70000007e-02, 0., 1.08000003e-01, 5.40000014e-02,
    0., 1.08000003e-01, 8.10000002e-02, 0., 1.08000003e-01,
    1.08000003e-01, 0., 1.08000003e-01, 1.35000005e-01, 0.,
    1.08000003e-01, 1.62000000e-01, 0. ]
CalibrationFrameExtRotation: !!opencv-matrix
   rows: 3
   cols: 1
   dt: d
   data: [ 2.5498274983513540e+00, 1.8084622874388387e+00,
       -1.5351579656328807e-01 ]
CalibrationFrameExtTranslation: !!opencv-matrix
   rows: 3
   cols: 1
   dt: d
   data: [ -2.0218088471572543e-01, -1.6681017722308047e-01,
       1.2433262081160532e+00 ]
CalibrationFrameRMSerror: 2.0954240858554840e-01
