%YAML:1.0
---
CalibrationFramePatternImage: [ 2.19182800e+02, 2.26750107e+02,
    2.37674057e+02, 2.31276138e+02, 2.55924789e+02, 2.35889252e+02,
    2.74048523e+02, 2.40315445e+02, 2.92126007e+02, 2.44536118e+02,
    3.09412750e+02, 2.48986954e+02, 3.26893372e+02, 2.52892471e+02,
    2.13375214e+02, 2.44384827e+02, 2.31553238e+02, 2.48823227e+02,
    2.49825821e+02, 2.53232468e+02, 2.67987183e+02, 2.57364105e+02,
    2.85571411e+02, 2.61509003e+02, 3.03368958e+02, 2.65482544e+02,
    3.20400848e+02, 2.69295166e+02, 2.07572662e+02, 2.61430054e+02,
    2.25822266e+02, 2.65564362e+02, 2.44056091e+02, 2.69766968e+02,
    2.61998627e+02, 2.73527008e+02, 2.79590424e+02, 2.77611725e+02,
    2.97039215e+02, 2.81544952e+02, 3.14195343e+02, 2.85222290e+02,
    2.02124405e+02, 2.77938324e+02, 2.20371216e+02, 2.82004272e+02,
    2.38253784e+02, 2.85770660e+02, 2.56175079e+02, 2.89714630e+02,
    2.73634308e+02, 2.93421783e+02, 2.91083191e+02, 2.97318634e+02,
    3.07837402e+02, 3.00992889e+02, 1.96807419e+02, 2.94461853e+02,
    2.15041306e+02, 2.97898285e+02, 2.32754761e+02, 3.01678650e+02,
    2.50407059e+02, 3.05533447e+02, 2.68094025e+02, 3.09125580e+02,
    2.85243256e+02, 3.12741302e+02, 3.02289398e+02, 3.16227112e+02 ]
CalibrationFramePatternWorld: [ 0., 0., 0., 0., 2.70000007e-02, 0., 0.,
    5.40000014e-02, 0., 0., 8.10000002e-02, 0., 0., 1.08000003e-01, 0.,
    0., 1.35000005e-01, 0., 0., 1.62000000e-01, 0., 2.70000007e-02, 0.,
    0., 2.70000007e-02, 2.70000007e-02, 0., 2.70000007e-02,
    5.40000014e-02, 0., 2.70000007e-02, 8.10000002e-02, 0.,
    2.70000007e-02, 1.08000003e-01, 0., 2.70000007e-02, 1.35000005e-01,
    0., 2.70000007e-02, 1.62000000e-01, 0., 5.40000014e-02, 0., 0.,
    5.40000014e-02, 2.70000007e-02, 0., 5.40000014e-02, 5.40000014e-02,
    0., 5.40000014e-02, 8.10000002e-02, 0., 5.40000014e-02,
    1.08000003e-01, 0., 5.40000014e-02, 1.35000005e-01, 0.,
    5.40000014e-02, 1.62000000e-01, 0., 8.10000002e-02, 0., 0.,
    8.10000002e-02, 2.70000007e-02, 0., 8.10000002e-02, 5.40000014e-02,
    0., 8.10000002e-02, 8.10000002e-02, 0., 8.10000002e-02,
    1.08000003e-01, 0., 8.10000002e-02, 1.35000005e-01, 0.,
    8.10000002e-02, 1.62000000e-01, 0., 1.08000003e-01, 0., 0.,
    1.08000003e-01, 2.70000007e-02, 0., 1.08000003e-01, 5.40000014e-02,
    0., 1.08000003e-01, 8.10000002e-02, 0., 1.08000003e-01,
    1.08000003e-01, 0., 1.08000003e-01, 1.35000005e-01, 0.,
    1.08000003e-01, 1.62000000e-01, 0. ]
CalibrationFrameExtRotation: !!opencv-matrix
   rows: 3
   cols: 1
   dt: d
   data: [ -1.7602663206587343e+00, -2.3545056057164402e+00,
       -6.7761120855557677e-01 ]
CalibrationFrameExtTranslation: !!opencv-matrix
   rows: 3
   cols: 1
   dt: d
   data: [ -6.6757567321143504e-02, -2.4755471173474233e-02,
       1.1755198979438946e+00 ]
CalibrationFrameRMSerror: 2.4536187946796417e-01
