%YAML:1.0
---
CalibrationFramePatternImage: [ 1.32138107e+02, 3.02412781e+02,
    1.50404205e+02, 3.00425323e+02, 1.68499451e+02, 2.98328217e+02,
    1.86560120e+02, 2.96098541e+02, 2.04788483e+02, 2.93822632e+02,
    2.22710541e+02, 2.91721924e+02, 2.40423111e+02, 2.89496765e+02,
    1.33966782e+02, 3.20877289e+02, 1.52538300e+02, 3.18558655e+02,
    1.70632904e+02, 3.16461334e+02, 1.88729843e+02, 3.14243622e+02,
    2.06467667e+02, 3.12156525e+02, 2.24555313e+02, 3.09780518e+02,
    2.42121948e+02, 3.07713867e+02, 1.36307159e+02, 3.38736359e+02,
    1.54281769e+02, 3.36327545e+02, 1.72503418e+02, 3.34339539e+02,
    1.90516052e+02, 3.32053741e+02, 2.08322495e+02, 3.29896820e+02,
    2.26306335e+02, 3.27771576e+02, 2.44076630e+02, 3.25358093e+02,
    1.38133362e+02, 3.56146698e+02, 1.56304794e+02, 3.54151642e+02,
    1.74294815e+02, 3.51901947e+02, 1.92449234e+02, 3.49815277e+02,
    2.10242172e+02, 3.47577484e+02, 2.28222458e+02, 3.45136536e+02,
    2.45819458e+02, 3.43002014e+02, 1.40276596e+02, 3.73457123e+02,
    1.58078110e+02, 3.71648987e+02, 1.76198410e+02, 3.69279053e+02,
    1.94036667e+02, 3.67140625e+02, 2.12191895e+02, 3.64975189e+02,
    2.29660553e+02, 3.62894806e+02, 2.47426559e+02, 3.60484070e+02 ]
CalibrationFramePatternWorld: [ 0., 0., 0., 0., 2.70000007e-02, 0., 0.,
    5.40000014e-02, 0., 0., 8.10000002e-02, 0., 0., 1.08000003e-01, 0.,
    0., 1.35000005e-01, 0., 0., 1.62000000e-01, 0., 2.70000007e-02, 0.,
    0., 2.70000007e-02, 2.70000007e-02, 0., 2.70000007e-02,
    5.40000014e-02, 0., 2.70000007e-02, 8.10000002e-02, 0.,
    2.70000007e-02, 1.08000003e-01, 0., 2.70000007e-02, 1.35000005e-01,
    0., 2.70000007e-02, 1.62000000e-01, 0., 5.40000014e-02, 0., 0.,
    5.40000014e-02, 2.70000007e-02, 0., 5.40000014e-02, 5.40000014e-02,
    0., 5.40000014e-02, 8.10000002e-02, 0., 5.40000014e-02,
    1.08000003e-01, 0., 5.40000014e-02, 1.35000005e-01, 0.,
    5.40000014e-02, 1.62000000e-01, 0., 8.10000002e-02, 0., 0.,
    8.10000002e-02, 2.70000007e-02, 0., 8.10000002e-02, 5.40000014e-02,
    0., 8.10000002e-02, 8.10000002e-02, 0., 8.10000002e-02,
    1.08000003e-01, 0., 8.10000002e-02, 1.35000005e-01, 0.,
    8.10000002e-02, 1.62000000e-01, 0., 1.08000003e-01, 0., 0.,
    1.08000003e-01, 2.70000007e-02, 0., 1.08000003e-01, 5.40000014e-02,
    0., 1.08000003e-01, 8.10000002e-02, 0., 1.08000003e-01,
    1.08000003e-01, 0., 1.08000003e-01, 1.35000005e-01, 0.,
    1.08000003e-01, 1.62000000e-01, 0. ]
CalibrationFrameExtRotation: !!opencv-matrix
   rows: 3
   cols: 1
   dt: d
   data: [ -2.3957753215542001e+00, -2.1693560417593400e+00,
       -3.3727710594832472e-01 ]
CalibrationFrameExtTranslation: !!opencv-matrix
   rows: 3
   cols: 1
   dt: d
   data: [ -1.9719687773315767e-01, 8.3986802667628729e-02,
       1.2322258571319515e+00 ]
CalibrationFrameRMSerror: 2.2676450014114380e-01
