%YAML:1.0
---
CalibrationFramePatternImage: [ 2.02705582e+02, 3.43418976e+02,
    2.25310501e+02, 3.32887115e+02, 2.47718826e+02, 3.22561218e+02,
    2.69311340e+02, 3.12193634e+02, 2.90837311e+02, 3.02175873e+02,
    3.11552612e+02, 2.92435760e+02, 3.31882202e+02, 2.82673340e+02,
    2.13480927e+02, 3.67653015e+02, 2.36338379e+02, 3.56653259e+02,
    2.58363220e+02, 3.46186981e+02, 2.79882141e+02, 3.35559235e+02,
    3.01305115e+02, 3.25483704e+02, 3.21933594e+02, 3.15409393e+02,
    3.41912811e+02, 3.05595825e+02, 2.24549744e+02, 3.91302917e+02,
    2.46730362e+02, 3.80372650e+02, 2.68728821e+02, 3.69561401e+02,
    2.90203949e+02, 3.58608734e+02, 3.11339661e+02, 3.48319794e+02,
    3.31993713e+02, 3.38184265e+02, 3.51976318e+02, 3.27839203e+02,
    2.34955826e+02, 4.14992798e+02, 2.57320129e+02, 4.03525696e+02,
    2.79098785e+02, 3.92890228e+02, 3.00639008e+02, 3.81899841e+02,
    3.21624176e+02, 3.71146545e+02, 3.42208160e+02, 3.60351929e+02,
    3.61865784e+02, 3.50058075e+02, 2.45559006e+02, 4.38011292e+02,
    2.67606201e+02, 4.26893036e+02, 2.89339050e+02, 4.15522034e+02,
    3.10674347e+02, 4.04375824e+02, 3.31577576e+02, 3.93490021e+02,
    3.51815430e+02, 3.82948944e+02, 3.71824890e+02, 3.72285278e+02 ]
CalibrationFramePatternWorld: [ 0., 0., 0., 0., 2.70000007e-02, 0., 0.,
    5.40000014e-02, 0., 0., 8.10000002e-02, 0., 0., 1.08000003e-01, 0.,
    0., 1.35000005e-01, 0., 0., 1.62000000e-01, 0., 2.70000007e-02, 0.,
    0., 2.70000007e-02, 2.70000007e-02, 0., 2.70000007e-02,
    5.40000014e-02, 0., 2.70000007e-02, 8.10000002e-02, 0.,
    2.70000007e-02, 1.08000003e-01, 0., 2.70000007e-02, 1.35000005e-01,
    0., 2.70000007e-02, 1.62000000e-01, 0., 5.40000014e-02, 0., 0.,
    5.40000014e-02, 2.70000007e-02, 0., 5.40000014e-02, 5.40000014e-02,
    0., 5.40000014e-02, 8.10000002e-02, 0., 5.40000014e-02,
    1.08000003e-01, 0., 5.40000014e-02, 1.35000005e-01, 0.,
    5.40000014e-02, 1.62000000e-01, 0., 8.10000002e-02, 0., 0.,
    8.10000002e-02, 2.70000007e-02, 0., 8.10000002e-02, 5.40000014e-02,
    0., 8.10000002e-02, 8.10000002e-02, 0., 8.10000002e-02,
    1.08000003e-01, 0., 8.10000002e-02, 1.35000005e-01, 0.,
    8.10000002e-02, 1.62000000e-01, 0., 1.08000003e-01, 0., 0.,
    1.08000003e-01, 2.70000007e-02, 0., 1.08000003e-01, 5.40000014e-02,
    0., 1.08000003e-01, 8.10000002e-02, 0., 1.08000003e-01,
    1.08000003e-01, 0., 1.08000003e-01, 1.35000005e-01, 0.,
    1.08000003e-01, 1.62000000e-01, 0. ]
CalibrationFrameExtRotation: !!opencv-matrix
   rows: 3
   cols: 1
   dt: d
   data: [ 2.3208336638560225e+00, 1.5174574176986526e+00,
       3.0464758450875873e-01 ]
CalibrationFrameExtTranslation: !!opencv-matrix
   rows: 3
   cols: 1
   dt: d
   data: [ -6.5959619923036658e-02, 1.0045082262133272e-01,
       8.6199766456653470e-01 ]
CalibrationFrameRMSerror: 2.1593873202800751e-01
