%YAML:1.0
---
CalibrationFramePatternImage: [ 2.20037704e+02, 2.65257446e+02,
    2.35798386e+02, 2.64367401e+02, 2.51352219e+02, 2.63707397e+02,
    2.66213654e+02, 2.62660126e+02, 2.80954376e+02, 2.61863098e+02,
    2.94670288e+02, 2.61213959e+02, 3.08698822e+02, 2.60252258e+02,
    2.24116669e+02, 2.84678955e+02, 2.39976913e+02, 2.83782501e+02,
    2.55297638e+02, 2.82533264e+02, 2.70511261e+02, 2.81438080e+02,
    2.85185272e+02, 2.80431396e+02, 2.99500580e+02, 2.79406555e+02,
    3.12278168e+02, 2.78489655e+02, 2.28031952e+02, 3.04107727e+02,
    2.43764252e+02, 3.02859070e+02, 2.59495911e+02, 3.01667725e+02,
    2.74597046e+02, 3.00230591e+02, 2.89302216e+02, 2.98732910e+02,
    3.05073273e+02, 2.97403229e+02, 3.16520813e+02, 2.96240021e+02,
    2.31947998e+02, 3.23521820e+02, 2.47865936e+02, 3.22050537e+02,
    2.63183350e+02, 3.20472992e+02, 2.78411835e+02, 3.18794250e+02,
    2.93435455e+02, 3.17199860e+02, 3.08029480e+02, 3.15749298e+02,
    3.20334198e+02, 3.14221924e+02, 2.36074402e+02, 3.42766937e+02,
    2.51780563e+02, 3.41188232e+02, 2.67358368e+02, 3.39389801e+02,
    2.82018066e+02, 3.37664368e+02, 2.97036469e+02, 3.35837067e+02,
    3.11654510e+02, 3.34036804e+02, 3.25137695e+02, 3.32339050e+02 ]
CalibrationFramePatternWorld: [ 0., 0., 0., 0., 2.70000007e-02, 0., 0.,
    5.40000014e-02, 0., 0., 8.10000002e-02, 0., 0., 1.08000003e-01, 0.,
    0., 1.35000005e-01, 0., 0., 1.62000000e-01, 0., 2.70000007e-02, 0.,
    0., 2.70000007e-02, 2.70000007e-02, 0., 2.70000007e-02,
    5.40000014e-02, 0., 2.70000007e-02, 8.10000002e-02, 0.,
    2.70000007e-02, 1.08000003e-01, 0., 2.70000007e-02, 1.35000005e-01,
    0., 2.70000007e-02, 1.62000000e-01, 0., 5.40000014e-02, 0., 0.,
    5.40000014e-02, 2.70000007e-02, 0., 5.40000014e-02, 5.40000014e-02,
    0., 5.40000014e-02, 8.10000002e-02, 0., 5.40000014e-02,
    1.08000003e-01, 0., 5.40000014e-02, 1.35000005e-01, 0.,
    5.40000014e-02, 1.62000000e-01, 0., 8.10000002e-02, 0., 0.,
    8.10000002e-02, 2.70000007e-02, 0., 8.10000002e-02, 5.40000014e-02,
    0., 8.10000002e-02, 8.10000002e-02, 0., 8.10000002e-02,
    1.08000003e-01, 0., 8.10000002e-02, 1.35000005e-01, 0.,
    8.10000002e-02, 1.62000000e-01, 0., 1.08000003e-01, 0., 0.,
    1.08000003e-01, 2.70000007e-02, 0., 1.08000003e-01, 5.40000014e-02,
    0., 1.08000003e-01, 8.10000002e-02, 0., 1.08000003e-01,
    1.08000003e-01, 0., 1.08000003e-01, 1.35000005e-01, 0.,
    1.08000003e-01, 1.62000000e-01, 0. ]
CalibrationFrameExtRotation: !!opencv-matrix
   rows: 3
   cols: 1
   dt: d
   data: [ 1.8334682570505603e+00, 1.6030447380931951e+00,
       3.7406453713537341e-01 ]
CalibrationFrameExtTranslation: !!opencv-matrix
   rows: 3
   cols: 1
   dt: d
   data: [ -6.3689264773029122e-02, 2.7007577970438512e-02,
       1.1433829945808980e+00 ]
CalibrationFrameRMSerror: 4.7842070460319519e-01
