%YAML:1.0
---
CalibrationFramePatternImage: [ 2.69967041e+02, 1.93403427e+02,
    2.87810944e+02, 1.88311035e+02, 3.05605713e+02, 1.83336121e+02,
    3.23184235e+02, 1.78182281e+02, 3.40796387e+02, 1.73208450e+02,
    3.57977631e+02, 1.68256699e+02, 3.75091522e+02, 1.63396072e+02,
    2.75558441e+02, 2.09956299e+02, 2.93932068e+02, 2.04742661e+02,
    3.11558716e+02, 1.99665176e+02, 3.29511963e+02, 1.94555496e+02,
    3.47026215e+02, 1.89322998e+02, 3.64546417e+02, 1.84249680e+02,
    3.81655487e+02, 1.79655243e+02, 2.81465118e+02, 2.26609116e+02,
    2.99583527e+02, 2.21434433e+02, 3.17680939e+02, 2.16262680e+02,
    3.35462585e+02, 2.10778702e+02, 3.53249573e+02, 2.05713531e+02,
    3.70662903e+02, 2.00785400e+02, 3.88099915e+02, 1.95430923e+02,
    2.86963531e+02, 2.43467545e+02, 3.05576691e+02, 2.38197067e+02,
    3.23593903e+02, 2.32939133e+02, 3.41741394e+02, 2.27524414e+02,
    3.59604218e+02, 2.22177567e+02, 3.77361664e+02, 2.16991165e+02,
    3.94537262e+02, 2.11611038e+02, 2.93011688e+02, 2.60485657e+02,
    3.11265350e+02, 2.55117798e+02, 3.29715179e+02, 2.49760483e+02,
    3.47705597e+02, 2.44298233e+02, 3.66009857e+02, 2.38924347e+02,
    3.83568481e+02, 2.33745605e+02, 4.01226654e+02, 2.27898972e+02 ]
CalibrationFramePatternWorld: [ 0., 0., 0., 0., 2.70000007e-02, 0., 0.,
    5.40000014e-02, 0., 0., 8.10000002e-02, 0., 0., 1.08000003e-01, 0.,
    0., 1.35000005e-01, 0., 0., 1.62000000e-01, 0., 2.70000007e-02, 0.,
    0., 2.70000007e-02, 2.70000007e-02, 0., 2.70000007e-02,
    5.40000014e-02, 0., 2.70000007e-02, 8.10000002e-02, 0.,
    2.70000007e-02, 1.08000003e-01, 0., 2.70000007e-02, 1.35000005e-01,
    0., 2.70000007e-02, 1.62000000e-01, 0., 5.40000014e-02, 0., 0.,
    5.40000014e-02, 2.70000007e-02, 0., 5.40000014e-02, 5.40000014e-02,
    0., 5.40000014e-02, 8.10000002e-02, 0., 5.40000014e-02,
    1.08000003e-01, 0., 5.40000014e-02, 1.35000005e-01, 0.,
    5.40000014e-02, 1.62000000e-01, 0., 8.10000002e-02, 0., 0.,
    8.10000002e-02, 2.70000007e-02, 0., 8.10000002e-02, 5.40000014e-02,
    0., 8.10000002e-02, 8.10000002e-02, 0., 8.10000002e-02,
    1.08000003e-01, 0., 8.10000002e-02, 1.35000005e-01, 0.,
    8.10000002e-02, 1.62000000e-01, 0., 1.08000003e-01, 0., 0.,
    1.08000003e-01, 2.70000007e-02, 0., 1.08000003e-01, 5.40000014e-02,
    0., 1.08000003e-01, 8.10000002e-02, 0., 1.08000003e-01,
    1.08000003e-01, 0., 1.08000003e-01, 1.35000005e-01, 0.,
    1.08000003e-01, 1.62000000e-01, 0. ]
CalibrationFrameExtRotation: !!opencv-matrix
   rows: 3
   cols: 1
   dt: d
   data: [ 2.2938702444953818e+00, 1.6824717967421583e+00,
       -3.0656085488724411e-01 ]
CalibrationFrameExtTranslation: !!opencv-matrix
   rows: 3
   cols: 1
   dt: d
   data: [ 3.4821599231691720e-03, -7.4938049870878445e-02,
       1.2315641872341609e+00 ]
CalibrationFrameRMSerror: 2.0546902716159821e-01
