%YAML:1.0
---
CalibrationFramePatternImage: [ 1.65463745e+02, 1.43318665e+02,
    1.90711823e+02, 1.50133270e+02, 2.16250732e+02, 1.56627625e+02,
    2.41150208e+02, 1.63499100e+02, 2.66200470e+02, 1.70139496e+02,
    2.90593994e+02, 1.76693161e+02, 3.15223999e+02, 1.83383209e+02,
    1.58507172e+02, 1.67569031e+02, 1.83629028e+02, 1.74015594e+02,
    2.08594131e+02, 1.80360519e+02, 2.33663513e+02, 1.86994949e+02,
    2.58315918e+02, 1.93453583e+02, 2.82740417e+02, 1.99799210e+02,
    3.06664398e+02, 2.05980988e+02, 1.51830750e+02, 1.90880722e+02,
    1.76972046e+02, 1.97073807e+02, 2.01687729e+02, 2.03354675e+02,
    2.26412292e+02, 2.09369461e+02, 2.50698471e+02, 2.15946152e+02,
    2.74882324e+02, 2.22042770e+02, 2.98826660e+02, 2.28133835e+02,
    1.45679108e+02, 2.13364883e+02, 1.70351334e+02, 2.19368240e+02,
    1.94778351e+02, 2.25384064e+02, 2.19289871e+02, 2.31301743e+02,
    2.43485886e+02, 2.37601044e+02, 2.67485931e+02, 2.43506653e+02,
    2.91199432e+02, 2.49542206e+02, 1.39761749e+02, 2.35191162e+02,
    1.64179306e+02, 2.41211777e+02, 1.88362595e+02, 2.47031738e+02,
    2.12569443e+02, 2.52646240e+02, 2.36498779e+02, 2.58575348e+02,
    2.60291016e+02, 2.64444031e+02, 2.83564911e+02, 2.70253571e+02 ]
CalibrationFramePatternWorld: [ 0., 0., 0., 0., 2.70000007e-02, 0., 0.,
    5.40000014e-02, 0., 0., 8.10000002e-02, 0., 0., 1.08000003e-01, 0.,
    0., 1.35000005e-01, 0., 0., 1.62000000e-01, 0., 2.70000007e-02, 0.,
    0., 2.70000007e-02, 2.70000007e-02, 0., 2.70000007e-02,
    5.40000014e-02, 0., 2.70000007e-02, 8.10000002e-02, 0.,
    2.70000007e-02, 1.08000003e-01, 0., 2.70000007e-02, 1.35000005e-01,
    0., 2.70000007e-02, 1.62000000e-01, 0., 5.40000014e-02, 0., 0.,
    5.40000014e-02, 2.70000007e-02, 0., 5.40000014e-02, 5.40000014e-02,
    0., 5.40000014e-02, 8.10000002e-02, 0., 5.40000014e-02,
    1.08000003e-01, 0., 5.40000014e-02, 1.35000005e-01, 0.,
    5.40000014e-02, 1.62000000e-01, 0., 8.10000002e-02, 0., 0.,
    8.10000002e-02, 2.70000007e-02, 0., 8.10000002e-02, 5.40000014e-02,
    0., 8.10000002e-02, 8.10000002e-02, 0., 8.10000002e-02,
    1.08000003e-01, 0., 8.10000002e-02, 1.35000005e-01, 0.,
    8.10000002e-02, 1.62000000e-01, 0., 1.08000003e-01, 0., 0.,
    1.08000003e-01, 2.70000007e-02, 0., 1.08000003e-01, 5.40000014e-02,
    0., 1.08000003e-01, 8.10000002e-02, 0., 1.08000003e-01,
    1.08000003e-01, 0., 1.08000003e-01, 1.35000005e-01, 0.,
    1.08000003e-01, 1.62000000e-01, 0. ]
CalibrationFrameExtRotation: !!opencv-matrix
   rows: 3
   cols: 1
   dt: d
   data: [ -1.7125977409727451e+00, -2.2944918249858617e+00,
       -6.0267472972730862e-01 ]
CalibrationFrameExtTranslation: !!opencv-matrix
   rows: 3
   cols: 1
   dt: d
   data: [ -1.0432098924659629e-01, -1.0402742306526273e-01,
       8.6422035040940703e-01 ]
CalibrationFrameRMSerror: 2.5996801257133484e-01
