%YAML:1.0
---
CalibrationFramePatternImage: [ 1.47763062e+02, 3.59194733e+02,
    1.63060532e+02, 3.52006195e+02, 1.79108734e+02, 3.44113098e+02,
    1.94662598e+02, 3.36435455e+02, 2.10632874e+02, 3.28470459e+02,
    2.26493286e+02, 3.20691101e+02, 2.42531723e+02, 3.12719879e+02,
    1.55762497e+02, 3.75128540e+02, 1.71520111e+02, 3.67339966e+02,
    1.86997192e+02, 3.59822083e+02, 2.02932770e+02, 3.52083160e+02,
    2.18465225e+02, 3.44488281e+02, 2.34637070e+02, 3.36478333e+02,
    2.50494965e+02, 3.28748230e+02, 1.63882828e+02, 3.90242615e+02,
    1.79197647e+02, 3.82974091e+02, 1.95273346e+02, 3.75315063e+02,
    2.10647842e+02, 3.67635956e+02, 2.26793869e+02, 3.60138275e+02,
    2.42472137e+02, 3.52255035e+02, 2.58400452e+02, 3.44355286e+02,
    1.71594055e+02, 4.05357117e+02, 1.87397324e+02, 3.97923676e+02,
    2.02796432e+02, 3.90507843e+02, 2.18696991e+02, 3.82710938e+02,
    2.34472549e+02, 3.75363251e+02, 2.50459122e+02, 3.67656036e+02,
    2.66231995e+02, 3.60068604e+02, 1.79556961e+02, 4.19967438e+02,
    1.95191620e+02, 4.12999573e+02, 2.10919983e+02, 4.05463593e+02,
    2.26289062e+02, 3.98195068e+02, 2.42345917e+02, 3.90523926e+02,
    2.57968292e+02, 3.83017792e+02, 2.73952911e+02, 3.75308258e+02 ]
CalibrationFramePatternWorld: [ 0., 0., 0., 0., 2.70000007e-02, 0., 0.,
    5.40000014e-02, 0., 0., 8.10000002e-02, 0., 0., 1.08000003e-01, 0.,
    0., 1.35000005e-01, 0., 0., 1.62000000e-01, 0., 2.70000007e-02, 0.,
    0., 2.70000007e-02, 2.70000007e-02, 0., 2.70000007e-02,
    5.40000014e-02, 0., 2.70000007e-02, 8.10000002e-02, 0.,
    2.70000007e-02, 1.08000003e-01, 0., 2.70000007e-02, 1.35000005e-01,
    0., 2.70000007e-02, 1.62000000e-01, 0., 5.40000014e-02, 0., 0.,
    5.40000014e-02, 2.70000007e-02, 0., 5.40000014e-02, 5.40000014e-02,
    0., 5.40000014e-02, 8.10000002e-02, 0., 5.40000014e-02,
    1.08000003e-01, 0., 5.40000014e-02, 1.35000005e-01, 0.,
    5.40000014e-02, 1.62000000e-01, 0., 8.10000002e-02, 0., 0.,
    8.10000002e-02, 2.70000007e-02, 0., 8.10000002e-02, 5.40000014e-02,
    0., 8.10000002e-02, 8.10000002e-02, 0., 8.10000002e-02,
    1.08000003e-01, 0., 8.10000002e-02, 1.35000005e-01, 0.,
    8.10000002e-02, 1.62000000e-01, 0., 1.08000003e-01, 0., 0.,
    1.08000003e-01, 2.70000007e-02, 0., 1.08000003e-01, 5.40000014e-02,
    0., 1.08000003e-01, 8.10000002e-02, 0., 1.08000003e-01,
    1.08000003e-01, 0., 1.08000003e-01, 1.35000005e-01, 0.,
    1.08000003e-01, 1.62000000e-01, 0. ]
CalibrationFrameExtRotation: !!opencv-matrix
   rows: 3
   cols: 1
   dt: d
   data: [ -2.6616556454012534e+00, -1.6553097345422554e+00,
       -1.0199458317614013e-01 ]
CalibrationFrameExtTranslation: !!opencv-matrix
   rows: 3
   cols: 1
   dt: d
   data: [ -1.8305537799920429e-01, 1.7552021830241438e-01,
       1.2882210314925966e+00 ]
CalibrationFrameRMSerror: 2.3567917943000793e-01
