%YAML:1.0
---
CalibrationFramePatternImage: [ 1.91856720e+02, 9.35689240e+01,
    2.13732773e+02, 9.73933945e+01, 2.35300674e+02, 1.01049667e+02,
    2.56817474e+02, 1.04465530e+02, 2.78335205e+02, 1.08329079e+02,
    2.99405090e+02, 1.12231323e+02, 3.20284668e+02, 1.15760651e+02,
    1.88070267e+02, 1.15528366e+02, 2.09560776e+02, 1.19255699e+02,
    2.31114365e+02, 1.22621399e+02, 2.52591751e+02, 1.26264389e+02,
    2.73802582e+02, 1.29499542e+02, 2.95242401e+02, 1.33336777e+02,
    3.15809387e+02, 1.36908813e+02, 1.84136108e+02, 1.37224289e+02,
    2.05673019e+02, 1.40472870e+02, 2.27347656e+02, 1.43648163e+02,
    2.48566391e+02, 1.47314011e+02, 2.69740326e+02, 1.50561737e+02,
    2.90817291e+02, 1.54108780e+02, 3.11588593e+02, 1.57422089e+02,
    1.80402054e+02, 1.58427170e+02, 2.01937500e+02, 1.61570145e+02,
    2.23230698e+02, 1.64709045e+02, 2.44562271e+02, 1.68045517e+02,
    2.65791687e+02, 1.71421600e+02, 2.86749390e+02, 1.74695267e+02,
    3.07529968e+02, 1.77976562e+02, 1.76750717e+02, 1.79231415e+02,
    1.98297607e+02, 1.82365875e+02, 2.19540543e+02, 1.85594086e+02,
    2.40682205e+02, 1.88670425e+02, 2.61732147e+02, 1.91888596e+02,
    2.82760345e+02, 1.95052689e+02, 3.03541870e+02, 1.98205170e+02 ]
CalibrationFramePatternWorld: [ 0., 0., 0., 0., 2.70000007e-02, 0., 0.,
    5.40000014e-02, 0., 0., 8.10000002e-02, 0., 0., 1.08000003e-01, 0.,
    0., 1.35000005e-01, 0., 0., 1.62000000e-01, 0., 2.70000007e-02, 0.,
    0., 2.70000007e-02, 2.70000007e-02, 0., 2.70000007e-02,
    5.40000014e-02, 0., 2.70000007e-02, 8.10000002e-02, 0.,
    2.70000007e-02, 1.08000003e-01, 0., 2.70000007e-02, 1.35000005e-01,
    0., 2.70000007e-02, 1.62000000e-01, 0., 5.40000014e-02, 0., 0.,
    5.40000014e-02, 2.70000007e-02, 0., 5.40000014e-02, 5.40000014e-02,
    0., 5.40000014e-02, 8.10000002e-02, 0., 5.40000014e-02,
    1.08000003e-01, 0., 5.40000014e-02, 1.35000005e-01, 0.,
    5.40000014e-02, 1.62000000e-01, 0., 8.10000002e-02, 0., 0.,
    8.10000002e-02, 2.70000007e-02, 0., 8.10000002e-02, 5.40000014e-02,
    0., 8.10000002e-02, 8.10000002e-02, 0., 8.10000002e-02,
    1.08000003e-01, 0., 8.10000002e-02, 1.35000005e-01, 0.,
    8.10000002e-02, 1.62000000e-01, 0., 1.08000003e-01, 0., 0.,
    1.08000003e-01, 2.70000007e-02, 0., 1.08000003e-01, 5.40000014e-02,
    0., 1.08000003e-01, 8.10000002e-02, 0., 1.08000003e-01,
    1.08000003e-01, 0., 1.08000003e-01, 1.35000005e-01, 0.,
    1.08000003e-01, 1.62000000e-01, 0. ]
CalibrationFrameExtRotation: !!opencv-matrix
   rows: 3
   cols: 1
   dt: d
   data: [ -1.9497372262346884e+00, -2.3094766203056749e+00,
       -5.0092347393933456e-01 ]
CalibrationFrameExtTranslation: !!opencv-matrix
   rows: 3
   cols: 1
   dt: d
   data: [ -9.1842171927908181e-02, -1.8425216872187408e-01,
       1.0232275520397003e+00 ]
CalibrationFrameRMSerror: 2.0310045778751373e-01
