%YAML:1.0
---
CalibrationFramePatternImage: [ 1.04943756e+02, 3.56449097e+02,
    1.22490318e+02, 3.52492828e+02, 1.39750076e+02, 3.48866333e+02,
    1.56876602e+02, 3.45169800e+02, 1.73730286e+02, 3.41606354e+02,
    1.90526062e+02, 3.38049866e+02, 2.06870697e+02, 3.34391663e+02,
    1.07838127e+02, 3.74194794e+02, 1.25357811e+02, 3.70242279e+02,
    1.42279251e+02, 3.66449127e+02, 1.59405609e+02, 3.62661713e+02,
    1.75885300e+02, 3.58886871e+02, 1.92725433e+02, 3.55265533e+02,
    2.08912827e+02, 3.51410065e+02, 1.10729698e+02, 3.91439819e+02,
    1.27818481e+02, 3.87483582e+02, 1.44799759e+02, 3.83524170e+02,
    1.61575409e+02, 3.79496490e+02, 1.78450058e+02, 3.75727325e+02,
    1.94693069e+02, 3.71972015e+02, 2.10844452e+02, 3.68043762e+02,
    1.13477936e+02, 4.08509003e+02, 1.30535217e+02, 4.04338959e+02,
    1.47300278e+02, 4.00221649e+02, 1.64094376e+02, 3.96228607e+02,
    1.80732315e+02, 3.92299561e+02, 1.97135956e+02, 3.88301208e+02,
    2.13173660e+02, 3.84583496e+02, 1.16556198e+02, 4.25140839e+02,
    1.33442001e+02, 4.20932068e+02, 1.50197006e+02, 4.16612854e+02,
    1.66635559e+02, 4.12676422e+02, 1.83007370e+02, 4.08381317e+02,
    1.99310287e+02, 4.04606934e+02, 2.15356354e+02, 4.00597198e+02 ]
CalibrationFramePatternWorld: [ 0., 0., 0., 0., 2.70000007e-02, 0., 0.,
    5.40000014e-02, 0., 0., 8.10000002e-02, 0., 0., 1.08000003e-01, 0.,
    0., 1.35000005e-01, 0., 0., 1.62000000e-01, 0., 2.70000007e-02, 0.,
    0., 2.70000007e-02, 2.70000007e-02, 0., 2.70000007e-02,
    5.40000014e-02, 0., 2.70000007e-02, 8.10000002e-02, 0.,
    2.70000007e-02, 1.08000003e-01, 0., 2.70000007e-02, 1.35000005e-01,
    0., 2.70000007e-02, 1.62000000e-01, 0., 5.40000014e-02, 0., 0.,
    5.40000014e-02, 2.70000007e-02, 0., 5.40000014e-02, 5.40000014e-02,
    0., 5.40000014e-02, 8.10000002e-02, 0., 5.40000014e-02,
    1.08000003e-01, 0., 5.40000014e-02, 1.35000005e-01, 0.,
    5.40000014e-02, 1.62000000e-01, 0., 8.10000002e-02, 0., 0.,
    8.10000002e-02, 2.70000007e-02, 0., 8.10000002e-02, 5.40000014e-02,
    0., 8.10000002e-02, 8.10000002e-02, 0., 8.10000002e-02,
    1.08000003e-01, 0., 8.10000002e-02, 1.35000005e-01, 0.,
    8.10000002e-02, 1.62000000e-01, 0., 1.08000003e-01, 0., 0.,
    1.08000003e-01, 2.70000007e-02, 0., 1.08000003e-01, 5.40000014e-02,
    0., 1.08000003e-01, 8.10000002e-02, 0., 1.08000003e-01,
    1.08000003e-01, 0., 1.08000003e-01, 1.35000005e-01, 0.,
    1.08000003e-01, 1.62000000e-01, 0. ]
CalibrationFrameExtRotation: !!opencv-matrix
   rows: 3
   cols: 1
   dt: d
   data: [ 2.1507823699729256e+00, 1.8641540064052395e+00,
       6.1697547296895949e-01 ]
CalibrationFrameExtTranslation: !!opencv-matrix
   rows: 3
   cols: 1
   dt: d
   data: [ -2.3522811799206456e-01, 1.6256211764203576e-01,
       1.2154319688224053e+00 ]
CalibrationFrameRMSerror: 1.9092647731304169e-01
