%YAML:1.0
---
CalibrationFramePatternImage: [ 4.25606323e+02, 1.21492043e+02,
    4.43348022e+02, 1.18406387e+02, 4.60682709e+02, 1.15402824e+02,
    4.77753052e+02, 1.12304871e+02, 4.94651733e+02, 1.09352715e+02,
    5.11190369e+02, 1.06692352e+02, 5.27580994e+02, 1.04042274e+02,
    4.29161652e+02, 1.39863174e+02, 4.46985931e+02, 1.36700394e+02,
    4.64383301e+02, 1.33659042e+02, 4.81590942e+02, 1.30523300e+02,
    4.98101929e+02, 1.27535286e+02, 5.14715332e+02, 1.24624634e+02,
    5.30859863e+02, 1.21979698e+02, 4.32790802e+02, 1.58196579e+02,
    4.50348816e+02, 1.55099548e+02, 4.67769928e+02, 1.51640427e+02,
    4.84807068e+02, 1.48427063e+02, 5.01637390e+02, 1.45419144e+02,
    5.18208984e+02, 1.42332031e+02, 5.34289368e+02, 1.39370361e+02,
    4.36289673e+02, 1.76350647e+02, 4.53886169e+02, 1.73146210e+02,
    4.71120911e+02, 1.69579239e+02, 4.88174927e+02, 1.66391556e+02,
    5.05105621e+02, 1.63154404e+02, 5.21661133e+02, 1.60138092e+02,
    5.37771423e+02, 1.56971542e+02, 4.39803497e+02, 1.94345367e+02,
    4.57279358e+02, 1.91095123e+02, 4.74661255e+02, 1.87590454e+02,
    4.91525116e+02, 1.84161041e+02, 5.08310333e+02, 1.80946381e+02,
    5.24908630e+02, 1.77849197e+02, 5.41456604e+02, 1.74536591e+02 ]
CalibrationFramePatternWorld: [ 0., 0., 0., 0., 2.70000007e-02, 0., 0.,
    5.40000014e-02, 0., 0., 8.10000002e-02, 0., 0., 1.08000003e-01, 0.,
    0., 1.35000005e-01, 0., 0., 1.62000000e-01, 0., 2.70000007e-02, 0.,
    0., 2.70000007e-02, 2.70000007e-02, 0., 2.70000007e-02,
    5.40000014e-02, 0., 2.70000007e-02, 8.10000002e-02, 0.,
    2.70000007e-02, 1.08000003e-01, 0., 2.70000007e-02, 1.35000005e-01,
    0., 2.70000007e-02, 1.62000000e-01, 0., 5.40000014e-02, 0., 0.,
    5.40000014e-02, 2.70000007e-02, 0., 5.40000014e-02, 5.40000014e-02,
    0., 5.40000014e-02, 8.10000002e-02, 0., 5.40000014e-02,
    1.08000003e-01, 0., 5.40000014e-02, 1.35000005e-01, 0.,
    5.40000014e-02, 1.62000000e-01, 0., 8.10000002e-02, 0., 0.,
    8.10000002e-02, 2.70000007e-02, 0., 8.10000002e-02, 5.40000014e-02,
    0., 8.10000002e-02, 8.10000002e-02, 0., 8.10000002e-02,
    1.08000003e-01, 0., 8.10000002e-02, 1.35000005e-01, 0.,
    8.10000002e-02, 1.62000000e-01, 0., 1.08000003e-01, 0., 0.,
    1.08000003e-01, 2.70000007e-02, 0., 1.08000003e-01, 5.40000014e-02,
    0., 1.08000003e-01, 8.10000002e-02, 0., 1.08000003e-01,
    1.08000003e-01, 0., 1.08000003e-01, 1.35000005e-01, 0.,
    1.08000003e-01, 1.62000000e-01, 0. ]
CalibrationFrameExtRotation: !!opencv-matrix
   rows: 3
   cols: 1
   dt: d
   data: [ 2.4268954272171035e+00, 1.9904501655542199e+00,
       1.3286091285219312e-01 ]
CalibrationFrameExtTranslation: !!opencv-matrix
   rows: 3
   cols: 1
   dt: d
   data: [ 2.2778285890193967e-01, -1.7940320963247006e-01,
       1.2145770953445911e+00 ]
CalibrationFrameRMSerror: 1.7263071238994598e-01
