%YAML:1.0
---
CalibrationFramePatternImage: [ 1.29051239e+02, 1.96441132e+02,
    1.45217453e+02, 2.01193695e+02, 1.61546432e+02, 2.06035217e+02,
    1.78272842e+02, 2.10969177e+02, 1.95059906e+02, 2.15892258e+02,
    2.12207855e+02, 2.20894165e+02, 2.29438156e+02, 2.25856598e+02,
    1.27337128e+02, 2.13422546e+02, 1.43298920e+02, 2.18342743e+02,
    1.59378433e+02, 2.23080856e+02, 1.76028656e+02, 2.28097992e+02,
    1.92588531e+02, 2.32872818e+02, 2.09524109e+02, 2.38092865e+02,
    2.26754059e+02, 2.42977478e+02, 1.25769669e+02, 2.29723038e+02,
    1.41594177e+02, 2.34672913e+02, 1.57624542e+02, 2.39548157e+02,
    1.73988266e+02, 2.44575180e+02, 1.90393875e+02, 2.49603973e+02,
    2.07182022e+02, 2.54765457e+02, 2.24446869e+02, 2.59710938e+02,
    1.24313904e+02, 2.45973251e+02, 1.40164703e+02, 2.50968658e+02,
    1.56110199e+02, 2.55696838e+02, 1.72294830e+02, 2.60729156e+02,
    1.88499054e+02, 2.66083252e+02, 2.05227295e+02, 2.70976929e+02,
    2.22130814e+02, 2.76232300e+02, 1.23078346e+02, 2.61691589e+02,
    1.38785461e+02, 2.66701019e+02, 1.54776398e+02, 2.71621613e+02,
    1.70757721e+02, 2.76654694e+02, 1.87138901e+02, 2.81747223e+02,
    2.03287018e+02, 2.87301666e+02, 2.19981781e+02, 2.92198944e+02 ]
CalibrationFramePatternWorld: [ 0., 0., 0., 0., 2.70000007e-02, 0., 0.,
    5.40000014e-02, 0., 0., 8.10000002e-02, 0., 0., 1.08000003e-01, 0.,
    0., 1.35000005e-01, 0., 0., 1.62000000e-01, 0., 2.70000007e-02, 0.,
    0., 2.70000007e-02, 2.70000007e-02, 0., 2.70000007e-02,
    5.40000014e-02, 0., 2.70000007e-02, 8.10000002e-02, 0.,
    2.70000007e-02, 1.08000003e-01, 0., 2.70000007e-02, 1.35000005e-01,
    0., 2.70000007e-02, 1.62000000e-01, 0., 5.40000014e-02, 0., 0.,
    5.40000014e-02, 2.70000007e-02, 0., 5.40000014e-02, 5.40000014e-02,
    0., 5.40000014e-02, 8.10000002e-02, 0., 5.40000014e-02,
    1.08000003e-01, 0., 5.40000014e-02, 1.35000005e-01, 0.,
    5.40000014e-02, 1.62000000e-01, 0., 8.10000002e-02, 0., 0.,
    8.10000002e-02, 2.70000007e-02, 0., 8.10000002e-02, 5.40000014e-02,
    0., 8.10000002e-02, 8.10000002e-02, 0., 8.10000002e-02,
    1.08000003e-01, 0., 8.10000002e-02, 1.35000005e-01, 0.,
    8.10000002e-02, 1.62000000e-01, 0., 1.08000003e-01, 0., 0.,
    1.08000003e-01, 2.70000007e-02, 0., 1.08000003e-01, 5.40000014e-02,
    0., 1.08000003e-01, 8.10000002e-02, 0., 1.08000003e-01,
    1.08000003e-01, 0., 1.08000003e-01, 1.35000005e-01, 0.,
    1.08000003e-01, 1.62000000e-01, 0. ]
CalibrationFrameExtRotation: !!opencv-matrix
   rows: 3
   cols: 1
   dt: d
   data: [ -1.6385519196353096e+00, -2.0605132818978893e+00,
       -7.7231118925941894e-02 ]
CalibrationFrameExtTranslation: !!opencv-matrix
   rows: 3
   cols: 1
   dt: d
   data: [ -2.0373507031822799e-01, -7.1628254808919337e-02,
       1.2455156756964219e+00 ]
CalibrationFrameRMSerror: 2.2597323358058929e-01
