%YAML:1.0
---
CalibrationFramePatternImage: [ 3.24654388e+02, 2.39435211e+02,
    3.43348541e+02, 2.40412018e+02, 3.61911499e+02, 2.41732544e+02,
    3.80550690e+02, 2.42493912e+02, 3.99215118e+02, 2.43826553e+02,
    4.17485901e+02, 2.45060486e+02, 4.35928711e+02, 2.46249619e+02,
    3.23294922e+02, 2.57639496e+02, 3.42006592e+02, 2.58693420e+02,
    3.60569092e+02, 2.60160431e+02, 3.79453583e+02, 2.61037811e+02,
    3.98012207e+02, 2.62347260e+02, 4.16663940e+02, 2.63560333e+02,
    4.34700256e+02, 2.64732788e+02, 3.22013672e+02, 2.75738678e+02,
    3.40634308e+02, 2.77145142e+02, 3.59648071e+02, 2.78392212e+02,
    3.78049683e+02, 2.79316742e+02, 3.96901123e+02, 2.80698486e+02,
    4.15400757e+02, 2.81894226e+02, 4.33804840e+02, 2.83085327e+02,
    3.20517517e+02, 2.94047394e+02, 3.39460388e+02, 2.95237671e+02,
    3.58099915e+02, 2.96513062e+02, 3.76874023e+02, 2.97815094e+02,
    3.95319458e+02, 2.98864471e+02, 4.13809906e+02, 3.00195038e+02,
    4.32295044e+02, 3.01292755e+02, 3.19257538e+02, 3.11940582e+02,
    3.37773682e+02, 3.13279053e+02, 3.56642395e+02, 3.14625977e+02,
    3.75217010e+02, 3.15876831e+02, 3.94028870e+02, 3.17197266e+02,
    4.12486664e+02, 3.18130676e+02, 4.31036072e+02, 3.19618683e+02 ]
CalibrationFramePatternWorld: [ 0., 0., 0., 0., 2.70000007e-02, 0., 0.,
    5.40000014e-02, 0., 0., 8.10000002e-02, 0., 0., 1.08000003e-01, 0.,
    0., 1.35000005e-01, 0., 0., 1.62000000e-01, 0., 2.70000007e-02, 0.,
    0., 2.70000007e-02, 2.70000007e-02, 0., 2.70000007e-02,
    5.40000014e-02, 0., 2.70000007e-02, 8.10000002e-02, 0.,
    2.70000007e-02, 1.08000003e-01, 0., 2.70000007e-02, 1.35000005e-01,
    0., 2.70000007e-02, 1.62000000e-01, 0., 5.40000014e-02, 0., 0.,
    5.40000014e-02, 2.70000007e-02, 0., 5.40000014e-02, 5.40000014e-02,
    0., 5.40000014e-02, 8.10000002e-02, 0., 5.40000014e-02,
    1.08000003e-01, 0., 5.40000014e-02, 1.35000005e-01, 0.,
    5.40000014e-02, 1.62000000e-01, 0., 8.10000002e-02, 0., 0.,
    8.10000002e-02, 2.70000007e-02, 0., 8.10000002e-02, 5.40000014e-02,
    0., 8.10000002e-02, 8.10000002e-02, 0., 8.10000002e-02,
    1.08000003e-01, 0., 8.10000002e-02, 1.35000005e-01, 0.,
    8.10000002e-02, 1.62000000e-01, 0., 1.08000003e-01, 0., 0.,
    1.08000003e-01, 2.70000007e-02, 0., 1.08000003e-01, 5.40000014e-02,
    0., 1.08000003e-01, 8.10000002e-02, 0., 1.08000003e-01,
    1.08000003e-01, 0., 1.08000003e-01, 1.35000005e-01, 0.,
    1.08000003e-01, 1.62000000e-01, 0. ]
CalibrationFrameExtRotation: !!opencv-matrix
   rows: 3
   cols: 1
   dt: d
   data: [ 2.1882880729406842e+00, 2.3365232270274663e+00,
       -5.9792671252558764e-02 ]
CalibrationFrameExtTranslation: !!opencv-matrix
   rows: 3
   cols: 1
   dt: d
   data: [ 3.1835221333051889e-02, -6.3963222978684030e-03,
       1.1413610637435212e+00 ]
CalibrationFrameRMSerror: 2.4687217175960541e-01
