%YAML:1.0
---
CalibrationFramePatternImage: [ 4.99333618e+02, 6.84611969e+01,
    5.14579834e+02, 7.64800110e+01, 5.29848999e+02, 8.49677887e+01,
    5.45284424e+02, 9.31885452e+01, 5.60966492e+02, 1.02077560e+02,
    5.76378601e+02, 1.11159454e+02, 5.92118896e+02, 1.20049156e+02,
    4.90338654e+02, 8.36519547e+01, 5.05576416e+02, 9.21172562e+01,
    5.20682129e+02, 1.00400444e+02, 5.36350647e+02, 1.09250313e+02,
    5.51513855e+02, 1.18012367e+02, 5.67468262e+02, 1.27152946e+02,
    5.82675049e+02, 1.36414688e+02, 4.81686096e+02, 9.92089539e+01,
    4.96691650e+02, 1.07279549e+02, 5.11667786e+02, 1.16037788e+02,
    5.27005737e+02, 1.24704796e+02, 5.42435303e+02, 1.33715744e+02,
    5.57920654e+02, 1.42754272e+02, 5.73572693e+02, 1.52441422e+02,
    4.72657013e+02, 1.14044350e+02, 4.87693237e+02, 1.22529198e+02,
    5.02551514e+02, 1.31238052e+02, 5.18024902e+02, 1.40451920e+02,
    5.32950134e+02, 1.49350830e+02, 5.48647461e+02, 1.58835236e+02,
    5.63860168e+02, 1.68181412e+02, 4.63611115e+02, 1.29083542e+02,
    4.78621216e+02, 1.37687744e+02, 4.93650635e+02, 1.46953613e+02,
    5.08641388e+02, 1.55771317e+02, 5.23764587e+02, 1.65241058e+02,
    5.38992920e+02, 1.74387024e+02, 5.54310852e+02, 1.83898865e+02 ]
CalibrationFramePatternWorld: [ 0., 0., 0., 0., 2.70000007e-02, 0., 0.,
    5.40000014e-02, 0., 0., 8.10000002e-02, 0., 0., 1.08000003e-01, 0.,
    0., 1.35000005e-01, 0., 0., 1.62000000e-01, 0., 2.70000007e-02, 0.,
    0., 2.70000007e-02, 2.70000007e-02, 0., 2.70000007e-02,
    5.40000014e-02, 0., 2.70000007e-02, 8.10000002e-02, 0.,
    2.70000007e-02, 1.08000003e-01, 0., 2.70000007e-02, 1.35000005e-01,
    0., 2.70000007e-02, 1.62000000e-01, 0., 5.40000014e-02, 0., 0.,
    5.40000014e-02, 2.70000007e-02, 0., 5.40000014e-02, 5.40000014e-02,
    0., 5.40000014e-02, 8.10000002e-02, 0., 5.40000014e-02,
    1.08000003e-01, 0., 5.40000014e-02, 1.35000005e-01, 0.,
    5.40000014e-02, 1.62000000e-01, 0., 8.10000002e-02, 0., 0.,
    8.10000002e-02, 2.70000007e-02, 0., 8.10000002e-02, 5.40000014e-02,
    0., 8.10000002e-02, 8.10000002e-02, 0., 8.10000002e-02,
    1.08000003e-01, 0., 8.10000002e-02, 1.35000005e-01, 0.,
    8.10000002e-02, 1.62000000e-01, 0., 1.08000003e-01, 0., 0.,
    1.08000003e-01, 2.70000007e-02, 0., 1.08000003e-01, 5.40000014e-02,
    0., 1.08000003e-01, 8.10000002e-02, 0., 1.08000003e-01,
    1.08000003e-01, 0., 1.08000003e-01, 1.35000005e-01, 0.,
    1.08000003e-01, 1.62000000e-01, 0. ]
CalibrationFrameExtRotation: !!opencv-matrix
   rows: 3
   cols: 1
   dt: d
   data: [ -1.3011714394493117e+00, -2.3696340267989622e+00,
       3.2866435089719653e-01 ]
CalibrationFrameExtTranslation: !!opencv-matrix
   rows: 3
   cols: 1
   dt: d
   data: [ 2.9381499954088602e-01, -2.6468529845383337e-01,
       1.1380176917882661e+00 ]
CalibrationFrameRMSerror: 2.3491601645946503e-01
