%YAML:1.0
---
CalibrationFramePatternImage: [ 1.26122292e+02, 3.06948486e+02,
    1.43519958e+02, 3.00454865e+02, 1.60804123e+02, 2.94413849e+02,
    1.78152512e+02, 2.88054413e+02, 1.95168625e+02, 2.82151428e+02,
    2.12036667e+02, 2.76130310e+02, 2.28716110e+02, 2.70199951e+02,
    1.33054504e+02, 3.22481689e+02, 1.50741531e+02, 3.16206482e+02,
    1.68081650e+02, 3.09740875e+02, 1.85313477e+02, 3.03488068e+02,
    2.02366028e+02, 2.97262360e+02, 2.19519943e+02, 2.91030701e+02,
    2.36280350e+02, 2.85008423e+02, 1.40443680e+02, 3.38504425e+02,
    1.57768173e+02, 3.31855286e+02, 1.75452042e+02, 3.25494324e+02,
    1.92522263e+02, 3.19080536e+02, 2.09922531e+02, 3.12312744e+02,
    2.26917862e+02, 3.06175079e+02, 2.43647202e+02, 2.99611237e+02,
    1.47379349e+02, 3.54518433e+02, 1.65286255e+02, 3.47927582e+02,
    1.82777359e+02, 3.41361115e+02, 2.00240067e+02, 3.34631073e+02,
    2.17533218e+02, 3.28130890e+02, 2.34807236e+02, 3.21310150e+02,
    2.51547394e+02, 3.14980713e+02, 1.54868774e+02, 3.71000366e+02,
    1.72551285e+02, 3.64233185e+02, 1.90539093e+02, 3.57409363e+02,
    2.07798294e+02, 3.50532288e+02, 2.25512558e+02, 3.43748413e+02,
    2.42559875e+02, 3.37118378e+02, 2.59838257e+02, 3.30159515e+02 ]
CalibrationFramePatternWorld: [ 0., 0., 0., 0., 2.70000007e-02, 0., 0.,
    5.40000014e-02, 0., 0., 8.10000002e-02, 0., 0., 1.08000003e-01, 0.,
    0., 1.35000005e-01, 0., 0., 1.62000000e-01, 0., 2.70000007e-02, 0.,
    0., 2.70000007e-02, 2.70000007e-02, 0., 2.70000007e-02,
    5.40000014e-02, 0., 2.70000007e-02, 8.10000002e-02, 0.,
    2.70000007e-02, 1.08000003e-01, 0., 2.70000007e-02, 1.35000005e-01,
    0., 2.70000007e-02, 1.62000000e-01, 0., 5.40000014e-02, 0., 0.,
    5.40000014e-02, 2.70000007e-02, 0., 5.40000014e-02, 5.40000014e-02,
    0., 5.40000014e-02, 8.10000002e-02, 0., 5.40000014e-02,
    1.08000003e-01, 0., 5.40000014e-02, 1.35000005e-01, 0.,
    5.40000014e-02, 1.62000000e-01, 0., 8.10000002e-02, 0., 0.,
    8.10000002e-02, 2.70000007e-02, 0., 8.10000002e-02, 5.40000014e-02,
    0., 8.10000002e-02, 8.10000002e-02, 0., 8.10000002e-02,
    1.08000003e-01, 0., 8.10000002e-02, 1.35000005e-01, 0.,
    8.10000002e-02, 1.62000000e-01, 0., 1.08000003e-01, 0., 0.,
    1.08000003e-01, 2.70000007e-02, 0., 1.08000003e-01, 5.40000014e-02,
    0., 1.08000003e-01, 8.10000002e-02, 0., 1.08000003e-01,
    1.08000003e-01, 0., 1.08000003e-01, 1.35000005e-01, 0.,
    1.08000003e-01, 1.62000000e-01, 0. ]
CalibrationFrameExtRotation: !!opencv-matrix
   rows: 3
   cols: 1
   dt: d
   data: [ 2.1907999808349214e+00, 1.4037675272353973e+00,
       -2.1503268440411544e-01 ]
CalibrationFrameExtTranslation: !!opencv-matrix
   rows: 3
   cols: 1
   dt: d
   data: [ -2.5255803711694913e-01, 9.2517019968130262e-02,
       1.1114182084444997e+00 ]
CalibrationFrameRMSerror: 1.7829477787017822e-01
