%YAML:1.0
---
CalibrationFramePatternImage: [ 2.82799469e+02, 3.18906250e+02,
    3.01516357e+02, 3.15476532e+02, 3.20057251e+02, 3.12291687e+02,
    3.38183502e+02, 3.08952484e+02, 3.56438904e+02, 3.05357971e+02,
    3.74498627e+02, 3.02023041e+02, 3.92380127e+02, 2.98503143e+02,
    2.86319214e+02, 3.37229095e+02, 3.04958832e+02, 3.33951294e+02,
    3.23410583e+02, 3.30454926e+02, 3.42162659e+02, 3.27251465e+02,
    3.60146973e+02, 3.23566833e+02, 3.78437042e+02, 3.20380585e+02,
    3.96347931e+02, 3.16803406e+02, 2.89973480e+02, 3.55411041e+02,
    3.08472778e+02, 3.51966431e+02, 3.27246948e+02, 3.48728180e+02,
    3.45511688e+02, 3.45257782e+02, 3.63926270e+02, 3.41724915e+02,
    3.82217072e+02, 3.38400360e+02, 4.00195831e+02, 3.34793823e+02,
    2.93207520e+02, 3.73568573e+02, 3.12040741e+02, 3.70376617e+02,
    3.30494446e+02, 3.66803925e+02, 3.49327759e+02, 3.63260803e+02,
    3.67578217e+02, 3.59909515e+02, 3.85813019e+02, 3.56301514e+02,
    4.04025909e+02, 3.52970276e+02, 2.96650421e+02, 3.91738373e+02,
    3.15307098e+02, 3.88468018e+02, 3.34138641e+02, 3.85123230e+02,
    3.52465912e+02, 3.81585571e+02, 3.71384949e+02, 3.78108704e+02,
    3.89538483e+02, 3.74620575e+02, 4.07768738e+02, 3.70898376e+02 ]
CalibrationFramePatternWorld: [ 0., 0., 0., 0., 2.70000007e-02, 0., 0.,
    5.40000014e-02, 0., 0., 8.10000002e-02, 0., 0., 1.08000003e-01, 0.,
    0., 1.35000005e-01, 0., 0., 1.62000000e-01, 0., 2.70000007e-02, 0.,
    0., 2.70000007e-02, 2.70000007e-02, 0., 2.70000007e-02,
    5.40000014e-02, 0., 2.70000007e-02, 8.10000002e-02, 0.,
    2.70000007e-02, 1.08000003e-01, 0., 2.70000007e-02, 1.35000005e-01,
    0., 2.70000007e-02, 1.62000000e-01, 0., 5.40000014e-02, 0., 0.,
    5.40000014e-02, 2.70000007e-02, 0., 5.40000014e-02, 5.40000014e-02,
    0., 5.40000014e-02, 8.10000002e-02, 0., 5.40000014e-02,
    1.08000003e-01, 0., 5.40000014e-02, 1.35000005e-01, 0.,
    5.40000014e-02, 1.62000000e-01, 0., 8.10000002e-02, 0., 0.,
    8.10000002e-02, 2.70000007e-02, 0., 8.10000002e-02, 5.40000014e-02,
    0., 8.10000002e-02, 8.10000002e-02, 0., 8.10000002e-02,
    1.08000003e-01, 0., 8.10000002e-02, 1.35000005e-01, 0.,
    8.10000002e-02, 1.62000000e-01, 0., 1.08000003e-01, 0., 0.,
    1.08000003e-01, 2.70000007e-02, 0., 1.08000003e-01, 5.40000014e-02,
    0., 1.08000003e-01, 8.10000002e-02, 0., 1.08000003e-01,
    1.08000003e-01, 0., 1.08000003e-01, 1.35000005e-01, 0.,
    1.08000003e-01, 1.62000000e-01, 0. ]
CalibrationFrameExtRotation: !!opencv-matrix
   rows: 3
   cols: 1
   dt: d
   data: [ 2.2562415436854097e+00, 1.8805237133144694e+00,
       -1.4792746402236254e-01 ]
CalibrationFrameExtTranslation: !!opencv-matrix
   rows: 3
   cols: 1
   dt: d
   data: [ -2.8136029340719484e-02, 1.0931004157315256e-01,
       1.1243129885754848e+00 ]
CalibrationFrameRMSerror: 2.1318717300891876e-01
