%YAML:1.0
---
CalibrationFramePatternImage: [ 2.68781708e+02, 9.63144150e+01,
    2.86963776e+02, 1.00475296e+02, 3.04900085e+02, 1.04805885e+02,
    3.22844513e+02, 1.09198257e+02, 3.40708069e+02, 1.13486801e+02,
    3.58437225e+02, 1.17713928e+02, 3.75760620e+02, 1.22088211e+02,
    2.64304718e+02, 1.13796455e+02, 2.82186737e+02, 1.17907127e+02,
    3.00265808e+02, 1.21919479e+02, 3.17979187e+02, 1.26125526e+02,
    3.35583435e+02, 1.30253265e+02, 3.53252899e+02, 1.34308456e+02,
    3.70404480e+02, 1.38518906e+02, 2.59617310e+02, 1.30588089e+02,
    2.77557190e+02, 1.34358658e+02, 2.95483917e+02, 1.38606750e+02,
    3.13188904e+02, 1.42578247e+02, 3.30670288e+02, 1.46667999e+02,
    3.48188385e+02, 1.50734650e+02, 3.65461334e+02, 1.54604095e+02,
    2.55245972e+02, 1.47096603e+02, 2.73080414e+02, 1.51023087e+02,
    2.90649323e+02, 1.54849182e+02, 3.08402557e+02, 1.58615646e+02,
    3.25796570e+02, 1.62623215e+02, 3.43211182e+02, 1.66760101e+02,
    3.60328613e+02, 1.70551010e+02, 2.51047211e+02, 1.63312164e+02,
    2.68555817e+02, 1.67123032e+02, 2.86338867e+02, 1.71194656e+02,
    3.03735260e+02, 1.74699112e+02, 3.21169647e+02, 1.78493790e+02,
    3.38441376e+02, 1.82426193e+02, 3.55423004e+02, 1.86220688e+02 ]
CalibrationFramePatternWorld: [ 0., 0., 0., 0., 2.70000007e-02, 0., 0.,
    5.40000014e-02, 0., 0., 8.10000002e-02, 0., 0., 1.08000003e-01, 0.,
    0., 1.35000005e-01, 0., 0., 1.62000000e-01, 0., 2.70000007e-02, 0.,
    0., 2.70000007e-02, 2.70000007e-02, 0., 2.70000007e-02,
    5.40000014e-02, 0., 2.70000007e-02, 8.10000002e-02, 0.,
    2.70000007e-02, 1.08000003e-01, 0., 2.70000007e-02, 1.35000005e-01,
    0., 2.70000007e-02, 1.62000000e-01, 0., 5.40000014e-02, 0., 0.,
    5.40000014e-02, 2.70000007e-02, 0., 5.40000014e-02, 5.40000014e-02,
    0., 5.40000014e-02, 8.10000002e-02, 0., 5.40000014e-02,
    1.08000003e-01, 0., 5.40000014e-02, 1.35000005e-01, 0.,
    5.40000014e-02, 1.62000000e-01, 0., 8.10000002e-02, 0., 0.,
    8.10000002e-02, 2.70000007e-02, 0., 8.10000002e-02, 5.40000014e-02,
    0., 8.10000002e-02, 8.10000002e-02, 0., 8.10000002e-02,
    1.08000003e-01, 0., 8.10000002e-02, 1.35000005e-01, 0.,
    8.10000002e-02, 1.62000000e-01, 0., 1.08000003e-01, 0., 0.,
    1.08000003e-01, 2.70000007e-02, 0., 1.08000003e-01, 5.40000014e-02,
    0., 1.08000003e-01, 8.10000002e-02, 0., 1.08000003e-01,
    1.08000003e-01, 0., 1.08000003e-01, 1.35000005e-01, 0.,
    1.08000003e-01, 1.62000000e-01, 0. ]
CalibrationFrameExtRotation: !!opencv-matrix
   rows: 3
   cols: 1
   dt: d
   data: [ -1.7345104998960217e+00, -2.2255927564172588e+00,
       -6.0559136945968395e-01 ]
CalibrationFrameExtTranslation: !!opencv-matrix
   rows: 3
   cols: 1
   dt: d
   data: [ -4.8666338906990736e-02, -2.1342431110501309e-01,
       1.1212507060337766e+00 ]
CalibrationFrameRMSerror: 1.7184512317180634e-01
