%YAML:1.0
---
CalibrationFramePatternImage: [ 2.69154236e+02, 1.60870331e+02,
    2.86399017e+02, 1.54555405e+02, 3.03342896e+02, 1.48142395e+02,
    3.20378357e+02, 1.41740189e+02, 3.37468567e+02, 1.35375580e+02,
    3.54307434e+02, 1.29325256e+02, 3.71204742e+02, 1.23007767e+02,
    2.75580719e+02, 1.78057968e+02, 2.92822205e+02, 1.71560089e+02,
    3.09787262e+02, 1.65247864e+02, 3.26868011e+02, 1.58715973e+02,
    3.43728119e+02, 1.52512009e+02, 3.61030853e+02, 1.46170456e+02,
    3.77806366e+02, 1.40076157e+02, 2.81876923e+02, 1.94675049e+02,
    2.98842316e+02, 1.88387497e+02, 3.16351654e+02, 1.81918839e+02,
    3.33151154e+02, 1.75705612e+02, 3.50506287e+02, 1.69342163e+02,
    3.67256073e+02, 1.62953354e+02, 3.84230743e+02, 1.56603470e+02,
    2.87984070e+02, 2.11652267e+02, 3.05290924e+02, 2.05179184e+02,
    3.22395874e+02, 1.98736435e+02, 3.39622131e+02, 1.92433548e+02,
    3.56608459e+02, 1.86160095e+02, 3.73897736e+02, 1.79683777e+02,
    3.90649811e+02, 1.73463348e+02, 2.94480957e+02, 2.28371201e+02,
    3.11621460e+02, 2.22229050e+02, 3.28746094e+02, 2.15526505e+02,
    3.45997772e+02, 2.09280762e+02, 3.63124969e+02, 2.02859558e+02,
    3.80197815e+02, 1.96493515e+02, 3.97095856e+02, 1.90139389e+02 ]
CalibrationFramePatternWorld: [ 0., 0., 0., 0., 2.70000007e-02, 0., 0.,
    5.40000014e-02, 0., 0., 8.10000002e-02, 0., 0., 1.08000003e-01, 0.,
    0., 1.35000005e-01, 0., 0., 1.62000000e-01, 0., 2.70000007e-02, 0.,
    0., 2.70000007e-02, 2.70000007e-02, 0., 2.70000007e-02,
    5.40000014e-02, 0., 2.70000007e-02, 8.10000002e-02, 0.,
    2.70000007e-02, 1.08000003e-01, 0., 2.70000007e-02, 1.35000005e-01,
    0., 2.70000007e-02, 1.62000000e-01, 0., 5.40000014e-02, 0., 0.,
    5.40000014e-02, 2.70000007e-02, 0., 5.40000014e-02, 5.40000014e-02,
    0., 5.40000014e-02, 8.10000002e-02, 0., 5.40000014e-02,
    1.08000003e-01, 0., 5.40000014e-02, 1.35000005e-01, 0.,
    5.40000014e-02, 1.62000000e-01, 0., 8.10000002e-02, 0., 0.,
    8.10000002e-02, 2.70000007e-02, 0., 8.10000002e-02, 5.40000014e-02,
    0., 8.10000002e-02, 8.10000002e-02, 0., 8.10000002e-02,
    1.08000003e-01, 0., 8.10000002e-02, 1.35000005e-01, 0.,
    8.10000002e-02, 1.62000000e-01, 0., 1.08000003e-01, 0., 0.,
    1.08000003e-01, 2.70000007e-02, 0., 1.08000003e-01, 5.40000014e-02,
    0., 1.08000003e-01, 8.10000002e-02, 0., 1.08000003e-01,
    1.08000003e-01, 0., 1.08000003e-01, 1.35000005e-01, 0.,
    1.08000003e-01, 1.62000000e-01, 0. ]
CalibrationFrameExtRotation: !!opencv-matrix
   rows: 3
   cols: 1
   dt: d
   data: [ 2.6174263751663673e+00, 1.8133330876559797e+00,
       -1.6225906363209582e-02 ]
CalibrationFrameExtTranslation: !!opencv-matrix
   rows: 3
   cols: 1
   dt: d
   data: [ -4.9548714742374045e-02, -1.2373379119481942e-01,
       1.1666861466065370e+00 ]
CalibrationFrameRMSerror: 2.0541831851005554e-01
