%YAML:1.0
---
CalibrationFramePatternImage: [ 1.12864410e+02, 1.77093185e+02,
    1.31700043e+02, 1.77340057e+02, 1.50554337e+02, 1.77560593e+02,
    1.69080994e+02, 1.77692810e+02, 1.87713181e+02, 1.78035339e+02,
    2.05883835e+02, 1.78352829e+02, 2.24209976e+02, 1.78404572e+02,
    1.13761940e+02, 1.94159470e+02, 1.33097168e+02, 1.94445847e+02,
    1.51809982e+02, 1.94346390e+02, 1.70811035e+02, 1.94472641e+02,
    1.89282394e+02, 1.94388657e+02, 2.08070160e+02, 1.94628433e+02,
    2.26177322e+02, 1.94649887e+02, 1.14939468e+02, 2.11450912e+02,
    1.33916367e+02, 2.11397217e+02, 1.53446930e+02, 2.11528427e+02,
    1.72244507e+02, 2.11487228e+02, 1.91241409e+02, 2.11251740e+02,
    2.09847580e+02, 2.11253952e+02, 2.28400665e+02, 2.11265518e+02,
    1.16037521e+02, 2.28771973e+02, 1.35626038e+02, 2.28987381e+02,
    1.54836700e+02, 2.28806992e+02, 1.74247482e+02, 2.28641998e+02,
    1.92937363e+02, 2.28310684e+02, 2.11988647e+02, 2.27913483e+02,
    2.30708603e+02, 2.27845428e+02, 1.17729004e+02, 2.47238632e+02,
    1.37295990e+02, 2.46749619e+02, 1.56881516e+02, 2.46624649e+02,
    1.75996689e+02, 2.46124084e+02, 1.95521179e+02, 2.45796631e+02,
    2.14364502e+02, 2.45447205e+02, 2.33391144e+02, 2.44922058e+02 ]
CalibrationFramePatternWorld: [ 0., 0., 0., 0., 2.70000007e-02, 0., 0.,
    5.40000014e-02, 0., 0., 8.10000002e-02, 0., 0., 1.08000003e-01, 0.,
    0., 1.35000005e-01, 0., 0., 1.62000000e-01, 0., 2.70000007e-02, 0.,
    0., 2.70000007e-02, 2.70000007e-02, 0., 2.70000007e-02,
    5.40000014e-02, 0., 2.70000007e-02, 8.10000002e-02, 0.,
    2.70000007e-02, 1.08000003e-01, 0., 2.70000007e-02, 1.35000005e-01,
    0., 2.70000007e-02, 1.62000000e-01, 0., 5.40000014e-02, 0., 0.,
    5.40000014e-02, 2.70000007e-02, 0., 5.40000014e-02, 5.40000014e-02,
    0., 5.40000014e-02, 8.10000002e-02, 0., 5.40000014e-02,
    1.08000003e-01, 0., 5.40000014e-02, 1.35000005e-01, 0.,
    5.40000014e-02, 1.62000000e-01, 0., 8.10000002e-02, 0., 0.,
    8.10000002e-02, 2.70000007e-02, 0., 8.10000002e-02, 5.40000014e-02,
    0., 8.10000002e-02, 8.10000002e-02, 0., 8.10000002e-02,
    1.08000003e-01, 0., 8.10000002e-02, 1.35000005e-01, 0.,
    8.10000002e-02, 1.62000000e-01, 0., 1.08000003e-01, 0., 0.,
    1.08000003e-01, 2.70000007e-02, 0., 1.08000003e-01, 5.40000014e-02,
    0., 1.08000003e-01, 8.10000002e-02, 0., 1.08000003e-01,
    1.08000003e-01, 0., 1.08000003e-01, 1.35000005e-01, 0.,
    1.08000003e-01, 1.62000000e-01, 0. ]
CalibrationFrameExtRotation: !!opencv-matrix
   rows: 3
   cols: 1
   dt: d
   data: [ 1.9188303906050941e+00, 1.7476423472150895e+00,
       -6.3080336369018414e-02 ]
CalibrationFrameExtTranslation: !!opencv-matrix
   rows: 3
   cols: 1
   dt: d
   data: [ -2.6545369509875100e-01, -9.3300617609951522e-02,
       1.0826084913846192e+00 ]
CalibrationFrameRMSerror: 2.3199936747550964e-01
