%YAML:1.0
---
CalibrationFramePatternImage: [ 4.40799347e+02, 9.94893112e+01,
    4.58639008e+02, 1.01038857e+02, 4.76492401e+02, 1.02658432e+02,
    4.94243988e+02, 1.04351845e+02, 5.11979218e+02, 1.06175804e+02,
    5.29700378e+02, 1.07833313e+02, 5.47427917e+02, 1.09526695e+02,
    4.38946655e+02, 1.15538200e+02, 4.56918732e+02, 1.17320312e+02,
    4.74716003e+02, 1.19047127e+02, 4.92886536e+02, 1.20743538e+02,
    5.10443848e+02, 1.22462524e+02, 5.28522766e+02, 1.24435822e+02,
    5.46380127e+02, 1.26345757e+02, 4.37063507e+02, 1.31948105e+02,
    4.54915161e+02, 1.33910690e+02, 4.73045563e+02, 1.35459991e+02,
    4.90947693e+02, 1.37469833e+02, 5.08918610e+02, 1.39167328e+02,
    5.27080566e+02, 1.41029617e+02, 5.45028809e+02, 1.43192078e+02,
    4.34891174e+02, 1.48406952e+02, 4.53004211e+02, 1.50366791e+02,
    4.70774384e+02, 1.52080124e+02, 4.89326447e+02, 1.54179367e+02,
    5.07202759e+02, 1.55940536e+02, 5.25288879e+02, 1.58074631e+02,
    5.43293030e+02, 1.59899841e+02, 4.32701294e+02, 1.65062469e+02,
    4.50670715e+02, 1.67122009e+02, 4.69125000e+02, 1.69162796e+02,
    4.87040497e+02, 1.70939590e+02, 5.05452454e+02, 1.72958603e+02,
    5.23437378e+02, 1.75001236e+02, 5.41627075e+02, 1.77006226e+02 ]
CalibrationFramePatternWorld: [ 0., 0., 0., 0., 2.70000007e-02, 0., 0.,
    5.40000014e-02, 0., 0., 8.10000002e-02, 0., 0., 1.08000003e-01, 0.,
    0., 1.35000005e-01, 0., 0., 1.62000000e-01, 0., 2.70000007e-02, 0.,
    0., 2.70000007e-02, 2.70000007e-02, 0., 2.70000007e-02,
    5.40000014e-02, 0., 2.70000007e-02, 8.10000002e-02, 0.,
    2.70000007e-02, 1.08000003e-01, 0., 2.70000007e-02, 1.35000005e-01,
    0., 2.70000007e-02, 1.62000000e-01, 0., 5.40000014e-02, 0., 0.,
    5.40000014e-02, 2.70000007e-02, 0., 5.40000014e-02, 5.40000014e-02,
    0., 5.40000014e-02, 8.10000002e-02, 0., 5.40000014e-02,
    1.08000003e-01, 0., 5.40000014e-02, 1.35000005e-01, 0.,
    5.40000014e-02, 1.62000000e-01, 0., 8.10000002e-02, 0., 0.,
    8.10000002e-02, 2.70000007e-02, 0., 8.10000002e-02, 5.40000014e-02,
    0., 8.10000002e-02, 8.10000002e-02, 0., 8.10000002e-02,
    1.08000003e-01, 0., 8.10000002e-02, 1.35000005e-01, 0.,
    8.10000002e-02, 1.62000000e-01, 0., 1.08000003e-01, 0., 0.,
    1.08000003e-01, 2.70000007e-02, 0., 1.08000003e-01, 5.40000014e-02,
    0., 1.08000003e-01, 8.10000002e-02, 0., 1.08000003e-01,
    1.08000003e-01, 0., 1.08000003e-01, 1.35000005e-01, 0.,
    1.08000003e-01, 1.62000000e-01, 0. ]
CalibrationFrameExtRotation: !!opencv-matrix
   rows: 3
   cols: 1
   dt: d
   data: [ 2.0318968449364077e+00, 2.3536102841867241e+00,
       -4.9566986331865637e-01 ]
CalibrationFrameExtTranslation: !!opencv-matrix
   rows: 3
   cols: 1
   dt: d
   data: [ 2.0979346622047471e-01, -2.2077837514251683e-01,
       1.1726457668213746e+00 ]
CalibrationFrameRMSerror: 1.9479468464851379e-01
