%YAML:1.0
---
CalibrationFramePatternImage: [ 1.85322937e+02, 2.49597351e+02,
    2.11046692e+02, 2.54288025e+02, 2.36638947e+02, 2.58823181e+02,
    2.61635986e+02, 2.63166779e+02, 2.86311584e+02, 2.67585785e+02,
    3.10413025e+02, 2.71642303e+02, 3.33874512e+02, 2.75673584e+02,
    1.78791977e+02, 2.74930176e+02, 2.04479813e+02, 2.79178741e+02,
    2.29701187e+02, 2.83320770e+02, 2.54741135e+02, 2.87302063e+02,
    2.79039001e+02, 2.91184998e+02, 3.03020630e+02, 2.95225403e+02,
    3.26144958e+02, 2.98725800e+02, 1.72855576e+02, 2.99463348e+02,
    1.98204590e+02, 3.03079193e+02, 2.23363098e+02, 3.06813721e+02,
    2.48036179e+02, 3.10526215e+02, 2.72381317e+02, 3.14164459e+02,
    2.95892334e+02, 3.17680389e+02, 3.19027100e+02, 3.21013702e+02,
    1.66924606e+02, 3.22719757e+02, 1.92246643e+02, 3.26203094e+02,
    2.16959625e+02, 3.29542877e+02, 2.41437943e+02, 3.32986633e+02,
    2.65435699e+02, 3.36395264e+02, 2.89222961e+02, 3.39513489e+02,
    3.12192505e+02, 3.42613373e+02, 1.61654175e+02, 3.45328094e+02,
    1.86355255e+02, 3.48607147e+02, 2.10936996e+02, 3.52028473e+02,
    2.35221909e+02, 3.55134064e+02, 2.59005341e+02, 3.58078888e+02,
    2.82506439e+02, 3.61177704e+02, 3.05524475e+02, 3.63601807e+02 ]
CalibrationFramePatternWorld: [ 0., 0., 0., 0., 2.70000007e-02, 0., 0.,
    5.40000014e-02, 0., 0., 8.10000002e-02, 0., 0., 1.08000003e-01, 0.,
    0., 1.35000005e-01, 0., 0., 1.62000000e-01, 0., 2.70000007e-02, 0.,
    0., 2.70000007e-02, 2.70000007e-02, 0., 2.70000007e-02,
    5.40000014e-02, 0., 2.70000007e-02, 8.10000002e-02, 0.,
    2.70000007e-02, 1.08000003e-01, 0., 2.70000007e-02, 1.35000005e-01,
    0., 2.70000007e-02, 1.62000000e-01, 0., 5.40000014e-02, 0., 0.,
    5.40000014e-02, 2.70000007e-02, 0., 5.40000014e-02, 5.40000014e-02,
    0., 5.40000014e-02, 8.10000002e-02, 0., 5.40000014e-02,
    1.08000003e-01, 0., 5.40000014e-02, 1.35000005e-01, 0.,
    5.40000014e-02, 1.62000000e-01, 0., 8.10000002e-02, 0., 0.,
    8.10000002e-02, 2.70000007e-02, 0., 8.10000002e-02, 5.40000014e-02,
    0., 8.10000002e-02, 8.10000002e-02, 0., 8.10000002e-02,
    1.08000003e-01, 0., 8.10000002e-02, 1.35000005e-01, 0.,
    8.10000002e-02, 1.62000000e-01, 0., 1.08000003e-01, 0., 0.,
    1.08000003e-01, 2.70000007e-02, 0., 1.08000003e-01, 5.40000014e-02,
    0., 1.08000003e-01, 8.10000002e-02, 0., 1.08000003e-01,
    1.08000003e-01, 0., 1.08000003e-01, 1.35000005e-01, 0.,
    1.08000003e-01, 1.62000000e-01, 0. ]
CalibrationFrameExtRotation: !!opencv-matrix
   rows: 3
   cols: 1
   dt: d
   data: [ -1.8988294074659748e+00, -2.4154227981338496e+00,
       -7.2791361699231472e-01 ]
CalibrationFrameExtTranslation: !!opencv-matrix
   rows: 3
   cols: 1
   dt: d
   data: [ -1.1570613530962973e-01, 6.8017631946408960e-03,
       7.7215855521717425e-01 ]
CalibrationFrameRMSerror: 2.7583962678909302e-01
