%YAML:1.0
---
CalibrationFramePatternImage: [ 2.48307541e+02, 3.06882111e+02,
    2.66892303e+02, 3.09308136e+02, 2.85129333e+02, 3.11497040e+02,
    3.03060120e+02, 3.13522675e+02, 3.20833618e+02, 3.15514465e+02,
    3.38386139e+02, 3.17526733e+02, 3.55467804e+02, 3.19373535e+02,
    2.44591919e+02, 3.25475555e+02, 2.63177124e+02, 3.27545532e+02,
    2.81256866e+02, 3.29471375e+02, 2.99217255e+02, 3.31332092e+02,
    3.16628052e+02, 3.33266876e+02, 3.34164215e+02, 3.34895996e+02,
    3.51224609e+02, 3.36527985e+02, 2.40871536e+02, 3.43342499e+02,
    2.59297119e+02, 3.45342743e+02, 2.77397491e+02, 3.46958252e+02,
    2.95230347e+02, 3.48631592e+02, 3.12646790e+02, 3.50422302e+02,
    3.30024017e+02, 3.51867249e+02, 3.47003174e+02, 3.53391541e+02,
    2.37371506e+02, 3.60831848e+02, 2.55625183e+02, 3.62584717e+02,
    2.73632080e+02, 3.64186829e+02, 2.91395752e+02, 3.65661530e+02,
    3.08947876e+02, 3.67272644e+02, 3.26276764e+02, 3.68574493e+02,
    3.43259766e+02, 3.70042175e+02, 2.34285156e+02, 3.78171417e+02,
    2.52292557e+02, 3.79772583e+02, 2.70262390e+02, 3.81149750e+02,
    2.87923279e+02, 3.82540161e+02, 3.05221558e+02, 3.83695648e+02,
    3.22488007e+02, 3.85031189e+02, 3.39403381e+02, 3.86386597e+02 ]
CalibrationFramePatternWorld: [ 0., 0., 0., 0., 2.70000007e-02, 0., 0.,
    5.40000014e-02, 0., 0., 8.10000002e-02, 0., 0., 1.08000003e-01, 0.,
    0., 1.35000005e-01, 0., 0., 1.62000000e-01, 0., 2.70000007e-02, 0.,
    0., 2.70000007e-02, 2.70000007e-02, 0., 2.70000007e-02,
    5.40000014e-02, 0., 2.70000007e-02, 8.10000002e-02, 0.,
    2.70000007e-02, 1.08000003e-01, 0., 2.70000007e-02, 1.35000005e-01,
    0., 2.70000007e-02, 1.62000000e-01, 0., 5.40000014e-02, 0., 0.,
    5.40000014e-02, 2.70000007e-02, 0., 5.40000014e-02, 5.40000014e-02,
    0., 5.40000014e-02, 8.10000002e-02, 0., 5.40000014e-02,
    1.08000003e-01, 0., 5.40000014e-02, 1.35000005e-01, 0.,
    5.40000014e-02, 1.62000000e-01, 0., 8.10000002e-02, 0., 0.,
    8.10000002e-02, 2.70000007e-02, 0., 8.10000002e-02, 5.40000014e-02,
    0., 8.10000002e-02, 8.10000002e-02, 0., 8.10000002e-02,
    1.08000003e-01, 0., 8.10000002e-02, 1.35000005e-01, 0.,
    8.10000002e-02, 1.62000000e-01, 0., 1.08000003e-01, 0., 0.,
    1.08000003e-01, 2.70000007e-02, 0., 1.08000003e-01, 5.40000014e-02,
    0., 1.08000003e-01, 8.10000002e-02, 0., 1.08000003e-01,
    1.08000003e-01, 0., 1.08000003e-01, 1.35000005e-01, 0.,
    1.08000003e-01, 1.62000000e-01, 0. ]
CalibrationFrameExtRotation: !!opencv-matrix
   rows: 3
   cols: 1
   dt: d
   data: [ -2.0270997158195021e+00, -2.4232925977523649e+00,
       -6.0844721221032894e-01 ]
CalibrationFrameExtTranslation: !!opencv-matrix
   rows: 3
   cols: 1
   dt: d
   data: [ -7.4840404296716956e-02, 8.9334672453256644e-02,
       1.0835260265318891e+00 ]
CalibrationFrameRMSerror: 1.9187714159488678e-01
