%YAML:1.0
---
CalibrationFramePatternImage: [ 1.07858925e+02, 1.23895531e+02,
    1.24924400e+02, 1.19153717e+02, 1.41884399e+02, 1.14519554e+02,
    1.58227951e+02, 1.09888840e+02, 1.74841492e+02, 1.05416389e+02,
    1.91085587e+02, 1.01263206e+02, 2.06801773e+02, 9.68385162e+01,
    1.15206703e+02, 1.38576736e+02, 1.32682083e+02, 1.33606995e+02,
    1.49368210e+02, 1.28665802e+02, 1.66318176e+02, 1.24062378e+02,
    1.82580002e+02, 1.19529709e+02, 1.98993820e+02, 1.14832306e+02,
    2.14663757e+02, 1.10574738e+02, 1.22907631e+02, 1.53471954e+02,
    1.39988510e+02, 1.48274673e+02, 1.57272995e+02, 1.43397934e+02,
    1.73724396e+02, 1.38492065e+02, 1.90460754e+02, 1.33467896e+02,
    2.06653976e+02, 1.28791443e+02, 2.22590958e+02, 1.24543770e+02,
    1.30352081e+02, 1.68417984e+02, 1.47881546e+02, 1.63176514e+02,
    1.64830933e+02, 1.58267059e+02, 1.81988937e+02, 1.52999649e+02,
    1.98453201e+02, 1.47779480e+02, 2.14822937e+02, 1.42863892e+02,
    2.30759216e+02, 1.38254730e+02, 1.38563232e+02, 1.83764801e+02,
    1.55791672e+02, 1.78442474e+02, 1.73172989e+02, 1.73166702e+02,
    1.89882080e+02, 1.67752869e+02, 2.06702957e+02, 1.62475204e+02,
    2.22895294e+02, 1.57481384e+02, 2.39289505e+02, 1.52331238e+02 ]
CalibrationFramePatternWorld: [ 0., 0., 0., 0., 2.70000007e-02, 0., 0.,
    5.40000014e-02, 0., 0., 8.10000002e-02, 0., 0., 1.08000003e-01, 0.,
    0., 1.35000005e-01, 0., 0., 1.62000000e-01, 0., 2.70000007e-02, 0.,
    0., 2.70000007e-02, 2.70000007e-02, 0., 2.70000007e-02,
    5.40000014e-02, 0., 2.70000007e-02, 8.10000002e-02, 0.,
    2.70000007e-02, 1.08000003e-01, 0., 2.70000007e-02, 1.35000005e-01,
    0., 2.70000007e-02, 1.62000000e-01, 0., 5.40000014e-02, 0., 0.,
    5.40000014e-02, 2.70000007e-02, 0., 5.40000014e-02, 5.40000014e-02,
    0., 5.40000014e-02, 8.10000002e-02, 0., 5.40000014e-02,
    1.08000003e-01, 0., 5.40000014e-02, 1.35000005e-01, 0.,
    5.40000014e-02, 1.62000000e-01, 0., 8.10000002e-02, 0., 0.,
    8.10000002e-02, 2.70000007e-02, 0., 8.10000002e-02, 5.40000014e-02,
    0., 8.10000002e-02, 8.10000002e-02, 0., 8.10000002e-02,
    1.08000003e-01, 0., 8.10000002e-02, 1.35000005e-01, 0.,
    8.10000002e-02, 1.62000000e-01, 0., 1.08000003e-01, 0., 0.,
    1.08000003e-01, 2.70000007e-02, 0., 1.08000003e-01, 5.40000014e-02,
    0., 1.08000003e-01, 8.10000002e-02, 0., 1.08000003e-01,
    1.08000003e-01, 0., 1.08000003e-01, 1.35000005e-01, 0.,
    1.08000003e-01, 1.62000000e-01, 0. ]
CalibrationFrameExtRotation: !!opencv-matrix
   rows: 3
   cols: 1
   dt: d
   data: [ 2.1689647888938803e+00, 1.3585779169064061e+00,
       2.4175548666285195e-02 ]
CalibrationFrameExtTranslation: !!opencv-matrix
   rows: 3
   cols: 1
   dt: d
   data: [ -2.7739130709542864e-01, -1.7219360478056228e-01,
       1.0971018663590577e+00 ]
CalibrationFrameRMSerror: 1.9127613306045532e-01
