%YAML:1.0
---
CalibrationFramePatternImage: [ 3.75752838e+02, 1.71780258e+02,
    3.94343170e+02, 1.69603470e+02, 4.12937134e+02, 1.67283051e+02,
    4.31352448e+02, 1.64821609e+02, 4.49658813e+02, 1.62620621e+02,
    4.67644989e+02, 1.60518387e+02, 4.85621094e+02, 1.58300690e+02,
    3.78336792e+02, 1.90367218e+02, 3.97098328e+02, 1.87987137e+02,
    4.15560120e+02, 1.85812286e+02, 4.34078247e+02, 1.83579376e+02,
    4.52201935e+02, 1.81399185e+02, 4.70436401e+02, 1.78905457e+02,
    4.88030701e+02, 1.76766541e+02, 3.80700104e+02, 2.08542755e+02,
    3.99451721e+02, 2.06260147e+02, 4.17931305e+02, 2.04211639e+02,
    4.36266602e+02, 2.01892532e+02, 4.54538483e+02, 1.99561951e+02,
    4.72572174e+02, 1.97353043e+02, 4.90672394e+02, 1.95054916e+02,
    3.82900238e+02, 2.26784637e+02, 4.01652924e+02, 2.24397980e+02,
    4.20199921e+02, 2.22401108e+02, 4.38541443e+02, 2.19995743e+02,
    4.56829010e+02, 2.17867233e+02, 4.75070526e+02, 2.15616684e+02,
    4.92982208e+02, 2.13538788e+02, 3.85077209e+02, 2.44867752e+02,
    4.03699921e+02, 2.42691879e+02, 4.22407562e+02, 2.40455460e+02,
    4.40629761e+02, 2.38174118e+02, 4.58864960e+02, 2.36100281e+02,
    4.77176239e+02, 2.33879623e+02, 4.94923645e+02, 2.31616486e+02 ]
CalibrationFramePatternWorld: [ 0., 0., 0., 0., 2.70000007e-02, 0., 0.,
    5.40000014e-02, 0., 0., 8.10000002e-02, 0., 0., 1.08000003e-01, 0.,
    0., 1.35000005e-01, 0., 0., 1.62000000e-01, 0., 2.70000007e-02, 0.,
    0., 2.70000007e-02, 2.70000007e-02, 0., 2.70000007e-02,
    5.40000014e-02, 0., 2.70000007e-02, 8.10000002e-02, 0.,
    2.70000007e-02, 1.08000003e-01, 0., 2.70000007e-02, 1.35000005e-01,
    0., 2.70000007e-02, 1.62000000e-01, 0., 5.40000014e-02, 0., 0.,
    5.40000014e-02, 2.70000007e-02, 0., 5.40000014e-02, 5.40000014e-02,
    0., 5.40000014e-02, 8.10000002e-02, 0., 5.40000014e-02,
    1.08000003e-01, 0., 5.40000014e-02, 1.35000005e-01, 0.,
    5.40000014e-02, 1.62000000e-01, 0., 8.10000002e-02, 0., 0.,
    8.10000002e-02, 2.70000007e-02, 0., 8.10000002e-02, 5.40000014e-02,
    0., 8.10000002e-02, 8.10000002e-02, 0., 8.10000002e-02,
    1.08000003e-01, 0., 8.10000002e-02, 1.35000005e-01, 0.,
    8.10000002e-02, 1.62000000e-01, 0., 1.08000003e-01, 0., 0.,
    1.08000003e-01, 2.70000007e-02, 0., 1.08000003e-01, 5.40000014e-02,
    0., 1.08000003e-01, 8.10000002e-02, 0., 1.08000003e-01,
    1.08000003e-01, 0., 1.08000003e-01, 1.35000005e-01, 0.,
    1.08000003e-01, 1.62000000e-01, 0. ]
CalibrationFrameExtRotation: !!opencv-matrix
   rows: 3
   cols: 1
   dt: d
   data: [ 2.3911518766337450e+00, 2.1095188904119020e+00,
       -2.3210431585926727e-02 ]
CalibrationFrameExtTranslation: !!opencv-matrix
   rows: 3
   cols: 1
   dt: d
   data: [ 1.0563433035047594e-01, -1.0441598906988628e-01,
       1.1309256628467708e+00 ]
CalibrationFrameRMSerror: 2.4097679555416107e-01
