%YAML:1.0
---
CalibrationFramePatternImage: [ 2.53376602e+02, 2.97372314e+02,
    2.55930695e+02, 3.19361542e+02, 2.58248047e+02, 3.41619934e+02,
    2.60552002e+02, 3.63617706e+02, 2.43837067e+02, 3.09064209e+02,
    2.46411652e+02, 3.30736755e+02, 2.49042053e+02, 3.52685669e+02,
    2.51520477e+02, 3.74525421e+02, 2.31804565e+02, 2.98391998e+02,
    2.34454025e+02, 3.20515472e+02, 2.37192963e+02, 3.42198975e+02,
    2.39839264e+02, 3.63878479e+02, 2.22542084e+02, 3.10113983e+02,
    2.25384369e+02, 3.31913239e+02, 2.27867706e+02, 3.53533569e+02,
    2.30567184e+02, 3.74887390e+02, 2.10921692e+02, 2.99644989e+02,
    2.13529663e+02, 3.21524506e+02, 2.16152847e+02, 3.43116638e+02,
    2.18911942e+02, 3.64487762e+02, 2.02098892e+02, 3.10907196e+02,
    2.04601517e+02, 3.32696930e+02, 2.07491959e+02, 3.54213531e+02,
    2.10091156e+02, 3.75446106e+02, 1.90733307e+02, 3.00657013e+02,
    1.93103256e+02, 3.22449219e+02, 1.95783463e+02, 3.43784546e+02,
    1.98701584e+02, 3.64841827e+02, 1.81914032e+02, 3.11989990e+02,
    1.84624374e+02, 3.33321625e+02, 1.87316254e+02, 3.54358612e+02,
    1.90054840e+02, 3.75839233e+02, 1.70557800e+02, 3.01683716e+02,
    1.73294022e+02, 3.23160614e+02, 1.76036362e+02, 3.44255585e+02,
    1.78716156e+02, 3.65272919e+02, 1.62058640e+02, 3.12908112e+02,
    1.64874756e+02, 3.34001038e+02, 1.67479721e+02, 3.55069427e+02,
    1.70119339e+02, 3.75937439e+02, 1.50906052e+02, 3.02838776e+02,
    1.53548843e+02, 3.23898834e+02, 1.56454147e+02, 3.44967834e+02,
    1.59043182e+02, 3.65887634e+02 ]
CalibrationFramePatternWorld: [ 0., 0., 0., 0., 7.00000003e-02, 0., 0.,
    1.40000001e-01, 0., 0., 2.10000008e-01, 0., 3.50000001e-02,
    3.50000001e-02, 0., 3.50000001e-02, 1.05000004e-01, 0.,
    3.50000001e-02, 1.74999997e-01, 0., 3.50000001e-02, 2.45000005e-01,
    0., 7.00000003e-02, 0., 0., 7.00000003e-02, 7.00000003e-02, 0.,
    7.00000003e-02, 1.40000001e-01, 0., 7.00000003e-02, 2.10000008e-01,
    0., 1.05000004e-01, 3.50000001e-02, 0., 1.05000004e-01,
    1.05000004e-01, 0., 1.05000004e-01, 1.74999997e-01, 0.,
    1.05000004e-01, 2.45000005e-01, 0., 1.40000001e-01, 0., 0.,
    1.40000001e-01, 7.00000003e-02, 0., 1.40000001e-01, 1.40000001e-01,
    0., 1.40000001e-01, 2.10000008e-01, 0., 1.74999997e-01,
    3.50000001e-02, 0., 1.74999997e-01, 1.05000004e-01, 0.,
    1.74999997e-01, 1.74999997e-01, 0., 1.74999997e-01, 2.45000005e-01,
    0., 2.10000008e-01, 0., 0., 2.10000008e-01, 7.00000003e-02, 0.,
    2.10000008e-01, 1.40000001e-01, 0., 2.10000008e-01, 2.10000008e-01,
    0., 2.45000005e-01, 3.50000001e-02, 0., 2.45000005e-01,
    1.05000004e-01, 0., 2.45000005e-01, 1.74999997e-01, 0.,
    2.45000005e-01, 2.45000005e-01, 0., 2.80000001e-01, 0., 0.,
    2.80000001e-01, 7.00000003e-02, 0., 2.80000001e-01, 1.40000001e-01,
    0., 2.80000001e-01, 2.10000008e-01, 0., 3.14999998e-01,
    3.50000001e-02, 0., 3.14999998e-01, 1.05000004e-01, 0.,
    3.14999998e-01, 1.74999997e-01, 0., 3.14999998e-01, 2.45000005e-01,
    0., 3.49999994e-01, 0., 0., 3.49999994e-01, 7.00000003e-02, 0.,
    3.49999994e-01, 1.40000001e-01, 0., 3.49999994e-01, 2.10000008e-01,
    0. ]
CalibrationFrameExtRotation: !!opencv-matrix
   rows: 3
   cols: 1
   dt: d
   data: [ -1.2547272720524019e-01, -2.8596274907375747e+00,
       -1.6520396039338195e-01 ]
CalibrationFrameExtTranslation: !!opencv-matrix
   rows: 3
   cols: 1
   dt: d
   data: [ -1.3976163697128854e-01, 1.4516579987990144e-01,
       2.5694318626118373e+00 ]
CalibrationFrameRMSerror: 1.5998312830924988e-01
