%YAML:1.0
---
CalibrationFramePatternImage: [ 5.85547180e+02, 2.96484955e+02,
    5.78146606e+02, 3.16352875e+02, 5.71103577e+02, 3.36868988e+02,
    5.64082336e+02, 3.57370392e+02, 5.72166504e+02, 3.03167847e+02,
    5.64619446e+02, 3.23149475e+02, 5.57523987e+02, 3.43621582e+02,
    5.50381592e+02, 3.64394440e+02, 5.65882690e+02, 2.89443909e+02,
    5.58786316e+02, 3.10039215e+02, 5.51552917e+02, 3.30194824e+02,
    5.43985413e+02, 3.50773438e+02, 5.52400024e+02, 2.96166534e+02,
    5.45243958e+02, 3.16687134e+02, 5.37944702e+02, 3.37239838e+02,
    5.30607788e+02, 3.57614441e+02, 5.45835388e+02, 2.82468781e+02,
    5.38768677e+02, 3.03099396e+02, 5.31588623e+02, 3.23733368e+02,
    5.24176147e+02, 3.44305267e+02, 5.32336914e+02, 2.89150970e+02,
    5.25034119e+02, 3.09918640e+02, 5.17930359e+02, 3.30762207e+02,
    5.10412354e+02, 3.51290161e+02, 5.25867920e+02, 2.75338470e+02,
    5.18551575e+02, 2.96201508e+02, 5.11316101e+02, 3.16759949e+02,
    5.03930878e+02, 3.38089539e+02, 5.11896484e+02, 2.82115997e+02,
    5.04719543e+02, 3.03018127e+02, 4.97493622e+02, 3.23704285e+02,
    4.90252930e+02, 3.45003448e+02, 5.05255890e+02, 2.67989868e+02,
    4.98034302e+02, 2.88997192e+02, 4.90968567e+02, 3.09921387e+02,
    4.83573975e+02, 3.31177582e+02, 4.91449463e+02, 2.74979462e+02,
    4.84221405e+02, 2.95783905e+02, 4.77019257e+02, 3.16963684e+02,
    4.69791534e+02, 3.38065094e+02, 4.84833130e+02, 2.60861359e+02,
    4.77503662e+02, 2.81933990e+02, 4.70129974e+02, 3.03068634e+02,
    4.63174561e+02, 3.24180603e+02 ]
CalibrationFramePatternWorld: [ 0., 0., 0., 0., 7.00000003e-02, 0., 0.,
    1.40000001e-01, 0., 0., 2.10000008e-01, 0., 3.50000001e-02,
    3.50000001e-02, 0., 3.50000001e-02, 1.05000004e-01, 0.,
    3.50000001e-02, 1.74999997e-01, 0., 3.50000001e-02, 2.45000005e-01,
    0., 7.00000003e-02, 0., 0., 7.00000003e-02, 7.00000003e-02, 0.,
    7.00000003e-02, 1.40000001e-01, 0., 7.00000003e-02, 2.10000008e-01,
    0., 1.05000004e-01, 3.50000001e-02, 0., 1.05000004e-01,
    1.05000004e-01, 0., 1.05000004e-01, 1.74999997e-01, 0.,
    1.05000004e-01, 2.45000005e-01, 0., 1.40000001e-01, 0., 0.,
    1.40000001e-01, 7.00000003e-02, 0., 1.40000001e-01, 1.40000001e-01,
    0., 1.40000001e-01, 2.10000008e-01, 0., 1.74999997e-01,
    3.50000001e-02, 0., 1.74999997e-01, 1.05000004e-01, 0.,
    1.74999997e-01, 1.74999997e-01, 0., 1.74999997e-01, 2.45000005e-01,
    0., 2.10000008e-01, 0., 0., 2.10000008e-01, 7.00000003e-02, 0.,
    2.10000008e-01, 1.40000001e-01, 0., 2.10000008e-01, 2.10000008e-01,
    0., 2.45000005e-01, 3.50000001e-02, 0., 2.45000005e-01,
    1.05000004e-01, 0., 2.45000005e-01, 1.74999997e-01, 0.,
    2.45000005e-01, 2.45000005e-01, 0., 2.80000001e-01, 0., 0.,
    2.80000001e-01, 7.00000003e-02, 0., 2.80000001e-01, 1.40000001e-01,
    0., 2.80000001e-01, 2.10000008e-01, 0., 3.14999998e-01,
    3.50000001e-02, 0., 3.14999998e-01, 1.05000004e-01, 0.,
    3.14999998e-01, 1.74999997e-01, 0., 3.14999998e-01, 2.45000005e-01,
    0., 3.49999994e-01, 0., 0., 3.49999994e-01, 7.00000003e-02, 0.,
    3.49999994e-01, 1.40000001e-01, 0., 3.49999994e-01, 2.10000008e-01,
    0. ]
CalibrationFrameExtRotation: !!opencv-matrix
   rows: 3
   cols: 1
   dt: d
   data: [ -5.1393046475151827e-01, 3.1434555137600952e+00,
       7.4490759963473110e-02 ]
CalibrationFrameExtTranslation: !!opencv-matrix
   rows: 3
   cols: 1
   dt: d
   data: [ 9.1262230506051778e-01, 1.4610818290786931e-01,
       2.5832149543035836e+00 ]
CalibrationFrameRMSerror: 2.5518956780433655e-01
