%YAML:1.0
---
CalibrationFramePatternImage: [ 4.13169342e+02, 2.91336731e+02,
    4.20856079e+02, 3.13101715e+02, 4.28689697e+02, 3.35221283e+02,
    4.36606628e+02, 3.57346283e+02, 4.06042328e+02, 3.06124451e+02,
    4.13552612e+02, 3.28231659e+02, 4.21468231e+02, 3.50112579e+02,
    4.29518829e+02, 3.72242523e+02, 3.90858521e+02, 2.99192169e+02,
    3.98697235e+02, 3.21254395e+02, 4.06505219e+02, 3.43250092e+02,
    4.14401276e+02, 3.65314453e+02, 3.83609131e+02, 3.14222290e+02,
    3.91532471e+02, 3.36143555e+02, 3.99351746e+02, 3.58202667e+02,
    4.07125519e+02, 3.80132812e+02, 3.68477325e+02, 3.07121796e+02,
    3.76448730e+02, 3.29234406e+02, 3.84302460e+02, 3.51312042e+02,
    3.92117584e+02, 3.73072937e+02, 3.61330048e+02, 3.22073273e+02,
    3.69116730e+02, 3.44194580e+02, 3.77212921e+02, 3.66266693e+02,
    3.85035339e+02, 3.88009369e+02, 3.46091736e+02, 3.15040710e+02,
    3.54030304e+02, 3.37273010e+02, 3.61932037e+02, 3.59181793e+02,
    3.69932404e+02, 3.81002686e+02, 3.38867371e+02, 3.30058228e+02,
    3.46845703e+02, 3.52012665e+02, 3.54796539e+02, 3.73778442e+02,
    3.62937408e+02, 3.96264709e+02, 3.23721344e+02, 3.22807129e+02,
    3.31723175e+02, 3.45013306e+02, 3.39804993e+02, 3.66793762e+02,
    3.47837677e+02, 3.88735779e+02, 3.16539093e+02, 3.37946777e+02,
    3.24637756e+02, 3.59697235e+02, 3.32701080e+02, 3.81782928e+02,
    3.40721680e+02, 4.03389435e+02, 3.01586731e+02, 3.30699554e+02,
    3.09549011e+02, 3.52658356e+02, 3.17654999e+02, 3.74590790e+02,
    3.25690460e+02, 3.96470337e+02 ]
CalibrationFramePatternWorld: [ 0., 0., 0., 0., 7.00000003e-02, 0., 0.,
    1.40000001e-01, 0., 0., 2.10000008e-01, 0., 3.50000001e-02,
    3.50000001e-02, 0., 3.50000001e-02, 1.05000004e-01, 0.,
    3.50000001e-02, 1.74999997e-01, 0., 3.50000001e-02, 2.45000005e-01,
    0., 7.00000003e-02, 0., 0., 7.00000003e-02, 7.00000003e-02, 0.,
    7.00000003e-02, 1.40000001e-01, 0., 7.00000003e-02, 2.10000008e-01,
    0., 1.05000004e-01, 3.50000001e-02, 0., 1.05000004e-01,
    1.05000004e-01, 0., 1.05000004e-01, 1.74999997e-01, 0.,
    1.05000004e-01, 2.45000005e-01, 0., 1.40000001e-01, 0., 0.,
    1.40000001e-01, 7.00000003e-02, 0., 1.40000001e-01, 1.40000001e-01,
    0., 1.40000001e-01, 2.10000008e-01, 0., 1.74999997e-01,
    3.50000001e-02, 0., 1.74999997e-01, 1.05000004e-01, 0.,
    1.74999997e-01, 1.74999997e-01, 0., 1.74999997e-01, 2.45000005e-01,
    0., 2.10000008e-01, 0., 0., 2.10000008e-01, 7.00000003e-02, 0.,
    2.10000008e-01, 1.40000001e-01, 0., 2.10000008e-01, 2.10000008e-01,
    0., 2.45000005e-01, 3.50000001e-02, 0., 2.45000005e-01,
    1.05000004e-01, 0., 2.45000005e-01, 1.74999997e-01, 0.,
    2.45000005e-01, 2.45000005e-01, 0., 2.80000001e-01, 0., 0.,
    2.80000001e-01, 7.00000003e-02, 0., 2.80000001e-01, 1.40000001e-01,
    0., 2.80000001e-01, 2.10000008e-01, 0., 3.14999998e-01,
    3.50000001e-02, 0., 3.14999998e-01, 1.05000004e-01, 0.,
    3.14999998e-01, 1.74999997e-01, 0., 3.14999998e-01, 2.45000005e-01,
    0., 3.49999994e-01, 0., 0., 3.49999994e-01, 7.00000003e-02, 0.,
    3.49999994e-01, 1.40000001e-01, 0., 3.49999994e-01, 2.10000008e-01,
    0. ]
CalibrationFrameExtRotation: !!opencv-matrix
   rows: 3
   cols: 1
   dt: d
   data: [ -5.2973236525991296e-01, -3.0291214317198274e+00,
       5.6582302666254074e-02 ]
CalibrationFrameExtTranslation: !!opencv-matrix
   rows: 3
   cols: 1
   dt: d
   data: [ 3.3617452077457183e-01, 1.2171292476600787e-01,
       2.4708936660915048e+00 ]
CalibrationFrameRMSerror: 1.5623709559440613e-01
