%YAML:1.0
---
CalibrationFramePatternImage: [ 3.47119995e+02, 9.85577393e+01,
    3.44725281e+02, 1.21236748e+02, 3.42309479e+02, 1.44200104e+02,
    3.39521729e+02, 1.67454086e+02, 3.34552734e+02, 1.08683174e+02,
    3.31977356e+02, 1.31412903e+02, 3.29457092e+02, 1.54406097e+02,
    3.26700439e+02, 1.77641266e+02, 3.24068695e+02, 9.61417465e+01,
    3.21782013e+02, 1.18977692e+02, 3.19327850e+02, 1.41734329e+02,
    3.16750092e+02, 1.64811310e+02, 3.11451599e+02, 1.06351547e+02,
    3.09162415e+02, 1.29126068e+02, 3.06526337e+02, 1.51959778e+02,
    3.04043823e+02, 1.74925369e+02, 3.01188293e+02, 9.39936447e+01,
    2.98933350e+02, 1.16716331e+02, 2.96505585e+02, 1.39441925e+02,
    2.93955261e+02, 1.62315186e+02, 2.88863434e+02, 1.04182251e+02,
    2.86501892e+02, 1.26785721e+02, 2.83885864e+02, 1.49676834e+02,
    2.81420502e+02, 1.72414871e+02, 2.78674683e+02, 9.18970108e+01,
    2.76276581e+02, 1.14620995e+02, 2.73910950e+02, 1.37090607e+02,
    2.71427185e+02, 1.59811951e+02, 2.66238342e+02, 1.02238525e+02,
    2.63956329e+02, 1.24664970e+02, 2.61497253e+02, 1.47227600e+02,
    2.58939453e+02, 1.69964508e+02, 2.56017090e+02, 9.00383759e+01,
    2.53819412e+02, 1.12487244e+02, 2.51688431e+02, 1.34722382e+02,
    2.49002243e+02, 1.57401428e+02, 2.43697174e+02, 1.00298759e+02,
    2.41567520e+02, 1.22468552e+02, 2.39104385e+02, 1.45010742e+02,
    2.36517960e+02, 1.67525421e+02, 2.33688629e+02, 8.81453171e+01,
    2.31455612e+02, 1.10352654e+02, 2.29237320e+02, 1.32737259e+02,
    2.26839233e+02, 1.55156860e+02 ]
CalibrationFramePatternWorld: [ 0., 0., 0., 0., 7.00000003e-02, 0., 0.,
    1.40000001e-01, 0., 0., 2.10000008e-01, 0., 3.50000001e-02,
    3.50000001e-02, 0., 3.50000001e-02, 1.05000004e-01, 0.,
    3.50000001e-02, 1.74999997e-01, 0., 3.50000001e-02, 2.45000005e-01,
    0., 7.00000003e-02, 0., 0., 7.00000003e-02, 7.00000003e-02, 0.,
    7.00000003e-02, 1.40000001e-01, 0., 7.00000003e-02, 2.10000008e-01,
    0., 1.05000004e-01, 3.50000001e-02, 0., 1.05000004e-01,
    1.05000004e-01, 0., 1.05000004e-01, 1.74999997e-01, 0.,
    1.05000004e-01, 2.45000005e-01, 0., 1.40000001e-01, 0., 0.,
    1.40000001e-01, 7.00000003e-02, 0., 1.40000001e-01, 1.40000001e-01,
    0., 1.40000001e-01, 2.10000008e-01, 0., 1.74999997e-01,
    3.50000001e-02, 0., 1.74999997e-01, 1.05000004e-01, 0.,
    1.74999997e-01, 1.74999997e-01, 0., 1.74999997e-01, 2.45000005e-01,
    0., 2.10000008e-01, 0., 0., 2.10000008e-01, 7.00000003e-02, 0.,
    2.10000008e-01, 1.40000001e-01, 0., 2.10000008e-01, 2.10000008e-01,
    0., 2.45000005e-01, 3.50000001e-02, 0., 2.45000005e-01,
    1.05000004e-01, 0., 2.45000005e-01, 1.74999997e-01, 0.,
    2.45000005e-01, 2.45000005e-01, 0., 2.80000001e-01, 0., 0.,
    2.80000001e-01, 7.00000003e-02, 0., 2.80000001e-01, 1.40000001e-01,
    0., 2.80000001e-01, 2.10000008e-01, 0., 3.14999998e-01,
    3.50000001e-02, 0., 3.14999998e-01, 1.05000004e-01, 0.,
    3.14999998e-01, 1.74999997e-01, 0., 3.14999998e-01, 2.45000005e-01,
    0., 3.49999994e-01, 0., 0., 3.49999994e-01, 7.00000003e-02, 0.,
    3.49999994e-01, 1.40000001e-01, 0., 3.49999994e-01, 2.10000008e-01,
    0. ]
CalibrationFrameExtRotation: !!opencv-matrix
   rows: 3
   cols: 1
   dt: d
   data: [ 1.7236392281744045e-01, -2.9812989551860127e+00,
       -1.8764125223607889e-01 ]
CalibrationFrameExtTranslation: !!opencv-matrix
   rows: 3
   cols: 1
   dt: d
   data: [ 1.4414406201940450e-01, -4.5733584175008118e-01,
       2.4877455461103835e+00 ]
CalibrationFrameRMSerror: 1.6968917846679688e-01
