%YAML:1.0
---
CalibrationFramePatternImage: [ 3.94100861e+02, 1.71968185e+02,
    3.96056183e+02, 1.94483673e+02, 3.98076233e+02, 2.17223892e+02,
    3.99718964e+02, 2.40120773e+02, 3.83768524e+02, 1.84263916e+02,
    3.85825684e+02, 2.06739990e+02, 3.87708405e+02, 2.29563034e+02,
    3.89720642e+02, 2.52030106e+02, 3.71506073e+02, 1.73760223e+02,
    3.73528778e+02, 1.96455948e+02, 3.75655121e+02, 2.18898666e+02,
    3.77656281e+02, 2.41518188e+02, 3.61372620e+02, 1.85996582e+02,
    3.63401306e+02, 2.08400818e+02, 3.65425964e+02, 2.30962326e+02,
    3.67356354e+02, 2.53649292e+02, 3.49229431e+02, 1.75688766e+02,
    3.51211212e+02, 1.98213516e+02, 3.53383759e+02, 2.20664047e+02,
    3.55209290e+02, 2.43062790e+02, 3.39177063e+02, 1.87901947e+02,
    3.41185730e+02, 2.10185257e+02, 3.43282349e+02, 2.32609146e+02,
    3.45290894e+02, 2.54944656e+02, 3.27220673e+02, 1.77659332e+02,
    3.29208160e+02, 2.00006088e+02, 3.31200684e+02, 2.22126266e+02,
    3.33342194e+02, 2.44467911e+02, 3.17172546e+02, 1.89713150e+02,
    3.19270508e+02, 2.11859848e+02, 3.21492493e+02, 2.33963898e+02,
    3.23516479e+02, 2.56408234e+02, 3.05339386e+02, 1.79704102e+02,
    3.07469513e+02, 2.01808182e+02, 3.09730347e+02, 2.23769501e+02,
    3.11693146e+02, 2.45957214e+02, 2.95643036e+02, 1.91582687e+02,
    2.97838226e+02, 2.13461166e+02, 2.99950775e+02, 2.35634674e+02,
    3.01843567e+02, 2.57561920e+02, 2.84099854e+02, 1.81542664e+02,
    2.86052826e+02, 2.03517990e+02, 2.88337097e+02, 2.25320694e+02,
    2.90147156e+02, 2.47394806e+02 ]
CalibrationFramePatternWorld: [ 0., 0., 0., 0., 7.00000003e-02, 0., 0.,
    1.40000001e-01, 0., 0., 2.10000008e-01, 0., 3.50000001e-02,
    3.50000001e-02, 0., 3.50000001e-02, 1.05000004e-01, 0.,
    3.50000001e-02, 1.74999997e-01, 0., 3.50000001e-02, 2.45000005e-01,
    0., 7.00000003e-02, 0., 0., 7.00000003e-02, 7.00000003e-02, 0.,
    7.00000003e-02, 1.40000001e-01, 0., 7.00000003e-02, 2.10000008e-01,
    0., 1.05000004e-01, 3.50000001e-02, 0., 1.05000004e-01,
    1.05000004e-01, 0., 1.05000004e-01, 1.74999997e-01, 0.,
    1.05000004e-01, 2.45000005e-01, 0., 1.40000001e-01, 0., 0.,
    1.40000001e-01, 7.00000003e-02, 0., 1.40000001e-01, 1.40000001e-01,
    0., 1.40000001e-01, 2.10000008e-01, 0., 1.74999997e-01,
    3.50000001e-02, 0., 1.74999997e-01, 1.05000004e-01, 0.,
    1.74999997e-01, 1.74999997e-01, 0., 1.74999997e-01, 2.45000005e-01,
    0., 2.10000008e-01, 0., 0., 2.10000008e-01, 7.00000003e-02, 0.,
    2.10000008e-01, 1.40000001e-01, 0., 2.10000008e-01, 2.10000008e-01,
    0., 2.45000005e-01, 3.50000001e-02, 0., 2.45000005e-01,
    1.05000004e-01, 0., 2.45000005e-01, 1.74999997e-01, 0.,
    2.45000005e-01, 2.45000005e-01, 0., 2.80000001e-01, 0., 0.,
    2.80000001e-01, 7.00000003e-02, 0., 2.80000001e-01, 1.40000001e-01,
    0., 2.80000001e-01, 2.10000008e-01, 0., 3.14999998e-01,
    3.50000001e-02, 0., 3.14999998e-01, 1.05000004e-01, 0.,
    3.14999998e-01, 1.74999997e-01, 0., 3.14999998e-01, 2.45000005e-01,
    0., 3.49999994e-01, 0., 0., 3.49999994e-01, 7.00000003e-02, 0.,
    3.49999994e-01, 1.40000001e-01, 0., 3.49999994e-01, 2.10000008e-01,
    0. ]
CalibrationFrameExtRotation: !!opencv-matrix
   rows: 3
   cols: 1
   dt: d
   data: [ -1.1480022673494931e-01, -2.8561934027116247e+00,
       -1.5129163275944946e-01 ]
CalibrationFrameExtTranslation: !!opencv-matrix
   rows: 3
   cols: 1
   dt: d
   data: [ 2.8825579704101340e-01, -2.3918468369647788e-01,
       2.5381152792850883e+00 ]
CalibrationFrameRMSerror: 1.2091507762670517e-01
