%YAML:1.0
---
CalibrationFramePatternImage: [ 1.44112549e+02, 8.90060959e+01,
    1.39884232e+02, 1.10790138e+02, 1.35293610e+02, 1.32636520e+02,
    1.30761795e+02, 1.54682648e+02, 1.32083115e+02, 9.82518234e+01,
    1.27956032e+02, 1.19875816e+02, 1.23628838e+02, 1.41721939e+02,
    1.19119057e+02, 1.63772461e+02, 1.24473404e+02, 8.57900085e+01,
    1.20211067e+02, 1.07425034e+02, 1.16021339e+02, 1.29040604e+02,
    1.11713608e+02, 1.50935440e+02, 1.12706116e+02, 9.48876038e+01,
    1.08418541e+02, 1.16448692e+02, 1.04191284e+02, 1.38101532e+02,
    1.00026871e+02, 1.59895477e+02, 1.05456131e+02, 8.27056503e+01,
    1.01086433e+02, 1.04062195e+02, 9.68165665e+01, 1.25530365e+02,
    9.26810074e+01, 1.47032990e+02, 9.40710373e+01, 9.19131622e+01,
    8.96241531e+01, 1.13132462e+02, 8.55991821e+01, 1.34697098e+02,
    8.13735199e+01, 1.56095627e+02, 8.70867462e+01, 7.98891678e+01,
    8.27146301e+01, 1.00970085e+02, 7.85048828e+01, 1.22275375e+02,
    7.44062424e+01, 1.43519913e+02, 7.58857346e+01, 8.90064468e+01,
    7.17049637e+01, 1.10008148e+02, 6.73808823e+01, 1.31230759e+02,
    6.31464195e+01, 1.52596710e+02, 6.90565109e+01, 7.71811066e+01,
    6.47288513e+01, 9.80770416e+01, 6.06650848e+01, 1.18935402e+02,
    5.63386612e+01, 1.40121933e+02, 5.80079384e+01, 8.62985306e+01,
    5.37170258e+01, 1.06937027e+02, 4.95240173e+01, 1.28057724e+02,
    4.52139091e+01, 1.48869904e+02, 5.12977448e+01, 7.43474808e+01,
    4.68708687e+01, 9.51415176e+01, 4.29578094e+01, 1.16012390e+02,
    3.84402237e+01, 1.36685806e+02 ]
CalibrationFramePatternWorld: [ 0., 0., 0., 0., 7.00000003e-02, 0., 0.,
    1.40000001e-01, 0., 0., 2.10000008e-01, 0., 3.50000001e-02,
    3.50000001e-02, 0., 3.50000001e-02, 1.05000004e-01, 0.,
    3.50000001e-02, 1.74999997e-01, 0., 3.50000001e-02, 2.45000005e-01,
    0., 7.00000003e-02, 0., 0., 7.00000003e-02, 7.00000003e-02, 0.,
    7.00000003e-02, 1.40000001e-01, 0., 7.00000003e-02, 2.10000008e-01,
    0., 1.05000004e-01, 3.50000001e-02, 0., 1.05000004e-01,
    1.05000004e-01, 0., 1.05000004e-01, 1.74999997e-01, 0.,
    1.05000004e-01, 2.45000005e-01, 0., 1.40000001e-01, 0., 0.,
    1.40000001e-01, 7.00000003e-02, 0., 1.40000001e-01, 1.40000001e-01,
    0., 1.40000001e-01, 2.10000008e-01, 0., 1.74999997e-01,
    3.50000001e-02, 0., 1.74999997e-01, 1.05000004e-01, 0.,
    1.74999997e-01, 1.74999997e-01, 0., 1.74999997e-01, 2.45000005e-01,
    0., 2.10000008e-01, 0., 0., 2.10000008e-01, 7.00000003e-02, 0.,
    2.10000008e-01, 1.40000001e-01, 0., 2.10000008e-01, 2.10000008e-01,
    0., 2.45000005e-01, 3.50000001e-02, 0., 2.45000005e-01,
    1.05000004e-01, 0., 2.45000005e-01, 1.74999997e-01, 0.,
    2.45000005e-01, 2.45000005e-01, 0., 2.80000001e-01, 0., 0.,
    2.80000001e-01, 7.00000003e-02, 0., 2.80000001e-01, 1.40000001e-01,
    0., 2.80000001e-01, 2.10000008e-01, 0., 3.14999998e-01,
    3.50000001e-02, 0., 3.14999998e-01, 1.05000004e-01, 0.,
    3.14999998e-01, 1.74999997e-01, 0., 3.14999998e-01, 2.45000005e-01,
    0., 3.49999994e-01, 0., 0., 3.49999994e-01, 7.00000003e-02, 0.,
    3.49999994e-01, 1.40000001e-01, 0., 3.49999994e-01, 2.10000008e-01,
    0. ]
CalibrationFrameExtRotation: !!opencv-matrix
   rows: 3
   cols: 1
   dt: d
   data: [ 3.0879185039812107e-01, -2.8775449175801397e+00,
       -1.1497880746549141e-01 ]
CalibrationFrameExtTranslation: !!opencv-matrix
   rows: 3
   cols: 1
   dt: d
   data: [ -4.7950589386865222e-01, -5.0287198790597798e-01,
       2.5331021436834074e+00 ]
CalibrationFrameRMSerror: 1.7244195938110352e-01
