%YAML:1.0
---
CalibrationFramePatternImage: [ 1.96517960e+02, 2.64857826e+01,
    1.99660141e+02, 4.79171448e+01, 2.02980469e+02, 6.92670441e+01,
    2.06261703e+02, 9.07834625e+01, 1.87098999e+02, 3.89597664e+01,
    1.90409454e+02, 6.02343559e+01, 1.93784698e+02, 8.15485382e+01,
    1.97090271e+02, 1.02897575e+02, 1.74350769e+02, 3.00410309e+01,
    1.77644592e+02, 5.15904350e+01, 1.81048615e+02, 7.26551437e+01,
    1.84581680e+02, 9.39366760e+01, 1.64900009e+02, 4.26724052e+01,
    1.68460724e+02, 6.38685532e+01, 1.71854263e+02, 8.50990295e+01,
    1.75427444e+02, 1.06350792e+02, 1.52223953e+02, 3.38162308e+01,
    1.55727264e+02, 5.51189308e+01, 1.59313095e+02, 7.64065704e+01,
    1.62822189e+02, 9.76667709e+01, 1.43237503e+02, 4.62548523e+01,
    1.46566498e+02, 6.75454254e+01, 1.50227325e+02, 8.87510834e+01,
    1.53811020e+02, 1.09760628e+02, 1.30443222e+02, 3.74280052e+01,
    1.33974319e+02, 5.87752151e+01, 1.37665359e+02, 7.98600769e+01,
    1.41343674e+02, 1.00846420e+02, 1.21432617e+02, 4.99873466e+01,
    1.25161575e+02, 7.10100555e+01, 1.28932434e+02, 9.21059570e+01,
    1.32510818e+02, 1.13397278e+02, 1.08758209e+02, 4.13348923e+01,
    1.12485397e+02, 6.24604568e+01, 1.16273994e+02, 8.35144501e+01,
    1.20011711e+02, 1.04488449e+02, 9.98643417e+01, 5.38844109e+01,
    1.03702148e+02, 7.46850510e+01, 1.07489067e+02, 9.57676926e+01,
    1.11275002e+02, 1.16679398e+02, 8.72973328e+01, 4.52881126e+01,
    9.11942215e+01, 6.62359009e+01, 9.50542297e+01, 8.72167816e+01,
    9.89150620e+01, 1.08249260e+02 ]
CalibrationFramePatternWorld: [ 0., 0., 0., 0., 7.00000003e-02, 0., 0.,
    1.40000001e-01, 0., 0., 2.10000008e-01, 0., 3.50000001e-02,
    3.50000001e-02, 0., 3.50000001e-02, 1.05000004e-01, 0.,
    3.50000001e-02, 1.74999997e-01, 0., 3.50000001e-02, 2.45000005e-01,
    0., 7.00000003e-02, 0., 0., 7.00000003e-02, 7.00000003e-02, 0.,
    7.00000003e-02, 1.40000001e-01, 0., 7.00000003e-02, 2.10000008e-01,
    0., 1.05000004e-01, 3.50000001e-02, 0., 1.05000004e-01,
    1.05000004e-01, 0., 1.05000004e-01, 1.74999997e-01, 0.,
    1.05000004e-01, 2.45000005e-01, 0., 1.40000001e-01, 0., 0.,
    1.40000001e-01, 7.00000003e-02, 0., 1.40000001e-01, 1.40000001e-01,
    0., 1.40000001e-01, 2.10000008e-01, 0., 1.74999997e-01,
    3.50000001e-02, 0., 1.74999997e-01, 1.05000004e-01, 0.,
    1.74999997e-01, 1.74999997e-01, 0., 1.74999997e-01, 2.45000005e-01,
    0., 2.10000008e-01, 0., 0., 2.10000008e-01, 7.00000003e-02, 0.,
    2.10000008e-01, 1.40000001e-01, 0., 2.10000008e-01, 2.10000008e-01,
    0., 2.45000005e-01, 3.50000001e-02, 0., 2.45000005e-01,
    1.05000004e-01, 0., 2.45000005e-01, 1.74999997e-01, 0.,
    2.45000005e-01, 2.45000005e-01, 0., 2.80000001e-01, 0., 0.,
    2.80000001e-01, 7.00000003e-02, 0., 2.80000001e-01, 1.40000001e-01,
    0., 2.80000001e-01, 2.10000008e-01, 0., 3.14999998e-01,
    3.50000001e-02, 0., 3.14999998e-01, 1.05000004e-01, 0.,
    3.14999998e-01, 1.74999997e-01, 0., 3.14999998e-01, 2.45000005e-01,
    0., 3.49999994e-01, 0., 0., 3.49999994e-01, 7.00000003e-02, 0.,
    3.49999994e-01, 1.40000001e-01, 0., 3.49999994e-01, 2.10000008e-01,
    0. ]
CalibrationFrameExtRotation: !!opencv-matrix
   rows: 3
   cols: 1
   dt: d
   data: [ -2.1883177823769659e-01, -3.1250115336135695e+00,
       -6.2501956155713256e-01 ]
CalibrationFrameExtTranslation: !!opencv-matrix
   rows: 3
   cols: 1
   dt: d
   data: [ -3.1908515472117971e-01, -6.9911406806288545e-01,
       2.5251149191628399e+00 ]
CalibrationFrameRMSerror: 1.3415139913558960e-01
