%YAML:1.0
---
CalibrationFramePatternImage: [ 4.84933197e+02, 3.76921120e+01,
    4.94965454e+02, 5.34738541e+01, 5.05449493e+02, 6.92719574e+01,
    5.16465820e+02, 8.56936722e+01, 4.80781830e+02, 4.74219666e+01,
    4.90851868e+02, 6.36759605e+01, 5.01416046e+02, 8.01524811e+01,
    5.12368835e+02, 9.70897827e+01, 4.66322021e+02, 4.16037445e+01,
    4.76540833e+02, 5.74873543e+01, 4.86864044e+02, 7.40383148e+01,
    4.97447723e+02, 9.11459503e+01, 4.62015656e+02, 5.15650406e+01,
    4.72123566e+02, 6.77949066e+01, 4.82488861e+02, 8.46803284e+01,
    4.93214600e+02, 1.02033455e+02, 4.47171417e+02, 4.61116714e+01,
    4.57345032e+02, 6.18974571e+01, 4.67757507e+02, 7.84118881e+01,
    4.78325562e+02, 9.56648865e+01, 4.42654541e+02, 5.62781067e+01,
    4.52627472e+02, 7.25044556e+01, 4.63253815e+02, 8.95066681e+01,
    4.73652069e+02, 1.06906258e+02, 4.27795654e+02, 5.07619438e+01,
    4.37696198e+02, 6.68333511e+01, 4.47748505e+02, 8.35887299e+01,
    4.58285339e+02, 1.00845963e+02, 4.22921173e+02, 6.11871948e+01,
    4.32730255e+02, 7.76238480e+01, 4.42983551e+02, 9.47336884e+01,
    4.53636292e+02, 1.12269341e+02, 4.07875366e+02, 5.52928886e+01,
    4.17701294e+02, 7.18156357e+01, 4.27733459e+02, 8.85265503e+01,
    4.37965637e+02, 1.05996040e+02, 4.02686493e+02, 6.57427902e+01,
    4.12479614e+02, 8.23613510e+01, 4.22571411e+02, 9.97263641e+01,
    4.32892426e+02, 1.17247475e+02, 3.87708649e+02, 5.99842377e+01,
    3.97405334e+02, 7.61792908e+01, 4.07279419e+02, 9.34484863e+01,
    4.17455597e+02, 1.10811218e+02 ]
CalibrationFramePatternWorld: [ 0., 0., 0., 0., 7.00000003e-02, 0., 0.,
    1.40000001e-01, 0., 0., 2.10000008e-01, 0., 3.50000001e-02,
    3.50000001e-02, 0., 3.50000001e-02, 1.05000004e-01, 0.,
    3.50000001e-02, 1.74999997e-01, 0., 3.50000001e-02, 2.45000005e-01,
    0., 7.00000003e-02, 0., 0., 7.00000003e-02, 7.00000003e-02, 0.,
    7.00000003e-02, 1.40000001e-01, 0., 7.00000003e-02, 2.10000008e-01,
    0., 1.05000004e-01, 3.50000001e-02, 0., 1.05000004e-01,
    1.05000004e-01, 0., 1.05000004e-01, 1.74999997e-01, 0.,
    1.05000004e-01, 2.45000005e-01, 0., 1.40000001e-01, 0., 0.,
    1.40000001e-01, 7.00000003e-02, 0., 1.40000001e-01, 1.40000001e-01,
    0., 1.40000001e-01, 2.10000008e-01, 0., 1.74999997e-01,
    3.50000001e-02, 0., 1.74999997e-01, 1.05000004e-01, 0.,
    1.74999997e-01, 1.74999997e-01, 0., 1.74999997e-01, 2.45000005e-01,
    0., 2.10000008e-01, 0., 0., 2.10000008e-01, 7.00000003e-02, 0.,
    2.10000008e-01, 1.40000001e-01, 0., 2.10000008e-01, 2.10000008e-01,
    0., 2.45000005e-01, 3.50000001e-02, 0., 2.45000005e-01,
    1.05000004e-01, 0., 2.45000005e-01, 1.74999997e-01, 0.,
    2.45000005e-01, 2.45000005e-01, 0., 2.80000001e-01, 0., 0.,
    2.80000001e-01, 7.00000003e-02, 0., 2.80000001e-01, 1.40000001e-01,
    0., 2.80000001e-01, 2.10000008e-01, 0., 3.14999998e-01,
    3.50000001e-02, 0., 3.14999998e-01, 1.05000004e-01, 0.,
    3.14999998e-01, 1.74999997e-01, 0., 3.14999998e-01, 2.45000005e-01,
    0., 3.49999994e-01, 0., 0., 3.49999994e-01, 7.00000003e-02, 0.,
    3.49999994e-01, 1.40000001e-01, 0., 3.49999994e-01, 2.10000008e-01,
    0. ]
CalibrationFrameExtRotation: !!opencv-matrix
   rows: 3
   cols: 1
   dt: d
   data: [ 5.1118861360378809e-01, 2.8583170731773966e+00,
       -6.8165185408238671e-01 ]
CalibrationFrameExtTranslation: !!opencv-matrix
   rows: 3
   cols: 1
   dt: d
   data: [ 5.9629424857513502e-01, -6.8868791806736140e-01,
       2.6003905226695467e+00 ]
CalibrationFrameRMSerror: 2.2503870725631714e-01
