%YAML:1.0
---
CalibrationFramePatternImage: [ 5.97394836e+02, 1.62711594e+02,
    5.91181091e+02, 1.84950180e+02, 5.84987610e+02, 2.07858963e+02,
    5.78652161e+02, 2.31397400e+02, 5.83666321e+02, 1.68690857e+02,
    5.77085022e+02, 1.91537247e+02, 5.70365723e+02, 2.14563766e+02,
    5.63790100e+02, 2.38611328e+02, 5.75853455e+02, 1.52655762e+02,
    5.69537476e+02, 1.75210770e+02, 5.62907166e+02, 1.98118729e+02,
    5.55918396e+02, 2.21733719e+02, 5.61754761e+02, 1.58952194e+02,
    5.55253723e+02, 1.81622864e+02, 5.48360596e+02, 2.04883682e+02,
    5.41294067e+02, 2.28810867e+02, 5.53533569e+02, 1.42791672e+02,
    5.47296631e+02, 1.65189590e+02, 5.40646912e+02, 1.88291519e+02,
    5.33448853e+02, 2.12002411e+02, 5.39303772e+02, 1.49052795e+02,
    5.32611328e+02, 1.71596008e+02, 5.25683594e+02, 1.95256546e+02,
    5.18361328e+02, 2.19064102e+02, 5.31193970e+02, 1.33137955e+02,
    5.24578674e+02, 1.55260025e+02, 5.17517029e+02, 1.78502518e+02,
    5.10560791e+02, 2.02269348e+02, 5.16349731e+02, 1.39354797e+02,
    5.09500275e+02, 1.61992004e+02, 5.02344574e+02, 1.85311935e+02,
    4.95087311e+02, 2.09278015e+02, 5.08010742e+02, 1.23192642e+02,
    5.01349243e+02, 1.45737183e+02, 4.94400757e+02, 1.68628281e+02,
    4.86890289e+02, 1.92244690e+02, 4.93239899e+02, 1.29387192e+02,
    4.86262115e+02, 1.51956680e+02, 4.78965363e+02, 1.75387451e+02,
    4.71508026e+02, 1.98987656e+02, 4.85075134e+02, 1.13316681e+02,
    4.78243408e+02, 1.35468246e+02, 4.70984283e+02, 1.58599411e+02,
    4.63583710e+02, 1.82006439e+02 ]
CalibrationFramePatternWorld: [ 0., 0., 0., 0., 7.00000003e-02, 0., 0.,
    1.40000001e-01, 0., 0., 2.10000008e-01, 0., 3.50000001e-02,
    3.50000001e-02, 0., 3.50000001e-02, 1.05000004e-01, 0.,
    3.50000001e-02, 1.74999997e-01, 0., 3.50000001e-02, 2.45000005e-01,
    0., 7.00000003e-02, 0., 0., 7.00000003e-02, 7.00000003e-02, 0.,
    7.00000003e-02, 1.40000001e-01, 0., 7.00000003e-02, 2.10000008e-01,
    0., 1.05000004e-01, 3.50000001e-02, 0., 1.05000004e-01,
    1.05000004e-01, 0., 1.05000004e-01, 1.74999997e-01, 0.,
    1.05000004e-01, 2.45000005e-01, 0., 1.40000001e-01, 0., 0.,
    1.40000001e-01, 7.00000003e-02, 0., 1.40000001e-01, 1.40000001e-01,
    0., 1.40000001e-01, 2.10000008e-01, 0., 1.74999997e-01,
    3.50000001e-02, 0., 1.74999997e-01, 1.05000004e-01, 0.,
    1.74999997e-01, 1.74999997e-01, 0., 1.74999997e-01, 2.45000005e-01,
    0., 2.10000008e-01, 0., 0., 2.10000008e-01, 7.00000003e-02, 0.,
    2.10000008e-01, 1.40000001e-01, 0., 2.10000008e-01, 2.10000008e-01,
    0., 2.45000005e-01, 3.50000001e-02, 0., 2.45000005e-01,
    1.05000004e-01, 0., 2.45000005e-01, 1.74999997e-01, 0.,
    2.45000005e-01, 2.45000005e-01, 0., 2.80000001e-01, 0., 0.,
    2.80000001e-01, 7.00000003e-02, 0., 2.80000001e-01, 1.40000001e-01,
    0., 2.80000001e-01, 2.10000008e-01, 0., 3.14999998e-01,
    3.50000001e-02, 0., 3.14999998e-01, 1.05000004e-01, 0.,
    3.14999998e-01, 1.74999997e-01, 0., 3.14999998e-01, 2.45000005e-01,
    0., 3.49999994e-01, 0., 0., 3.49999994e-01, 7.00000003e-02, 0.,
    3.49999994e-01, 1.40000001e-01, 0., 3.49999994e-01, 2.10000008e-01,
    0. ]
CalibrationFrameExtRotation: !!opencv-matrix
   rows: 3
   cols: 1
   dt: d
   data: [ -5.4930623706077308e-01, 2.9813520069575996e+00,
       -2.5706258584010122e-01 ]
CalibrationFrameExtTranslation: !!opencv-matrix
   rows: 3
   cols: 1
   dt: d
   data: [ 8.2642593772247885e-01, -2.4570604065716117e-01,
       2.2308727655748353e+00 ]
CalibrationFrameRMSerror: 2.4990314245223999e-01
