%YAML:1.0
---
CalibrationFramePatternImage: [ 3.70139740e+02, 3.26505341e+02,
    3.67039490e+02, 3.48850220e+02, 3.64302338e+02, 3.71714478e+02,
    3.61818726e+02, 3.94847656e+02, 3.57848114e+02, 3.36347534e+02,
    3.54708313e+02, 3.58995361e+02, 3.51968231e+02, 3.81891693e+02,
    3.49910675e+02, 4.04966888e+02, 3.48472626e+02, 3.23505432e+02,
    3.45517273e+02, 3.46423828e+02, 3.42395233e+02, 3.69210449e+02,
    3.39545807e+02, 3.92459015e+02, 3.35957581e+02, 3.33485138e+02,
    3.33134888e+02, 3.56491608e+02, 3.30047974e+02, 3.79648376e+02,
    3.27244659e+02, 4.02731781e+02, 3.26232605e+02, 3.20576202e+02,
    3.23431091e+02, 3.43734039e+02, 3.20507050e+02, 3.66743561e+02,
    3.17643219e+02, 3.90158783e+02, 3.13587494e+02, 3.30596863e+02,
    3.10659332e+02, 3.53900726e+02, 3.07778656e+02, 3.77291229e+02,
    3.04972168e+02, 4.00688904e+02, 3.03784546e+02, 3.17447266e+02,
    3.00774475e+02, 3.40987885e+02, 2.97748688e+02, 3.64302246e+02,
    2.95053894e+02, 3.87688843e+02, 2.90980164e+02, 3.27674408e+02,
    2.87898315e+02, 3.51131744e+02, 2.85011627e+02, 3.74569427e+02,
    2.82261108e+02, 3.98505646e+02, 2.80805908e+02, 3.14367249e+02,
    2.77916260e+02, 3.38022461e+02, 2.74926239e+02, 3.61564453e+02,
    2.71920624e+02, 3.85282288e+02, 2.67843811e+02, 3.24593140e+02,
    2.64783600e+02, 3.48266327e+02, 2.61782196e+02, 3.72195435e+02,
    2.59208862e+02, 3.95991302e+02, 2.57692352e+02, 3.11166595e+02,
    2.54753754e+02, 3.34980194e+02, 2.51610794e+02, 3.58853302e+02,
    2.49048050e+02, 3.82784698e+02 ]
CalibrationFramePatternWorld: [ 0., 0., 0., 0., 7.00000003e-02, 0., 0.,
    1.40000001e-01, 0., 0., 2.10000008e-01, 0., 3.50000001e-02,
    3.50000001e-02, 0., 3.50000001e-02, 1.05000004e-01, 0.,
    3.50000001e-02, 1.74999997e-01, 0., 3.50000001e-02, 2.45000005e-01,
    0., 7.00000003e-02, 0., 0., 7.00000003e-02, 7.00000003e-02, 0.,
    7.00000003e-02, 1.40000001e-01, 0., 7.00000003e-02, 2.10000008e-01,
    0., 1.05000004e-01, 3.50000001e-02, 0., 1.05000004e-01,
    1.05000004e-01, 0., 1.05000004e-01, 1.74999997e-01, 0.,
    1.05000004e-01, 2.45000005e-01, 0., 1.40000001e-01, 0., 0.,
    1.40000001e-01, 7.00000003e-02, 0., 1.40000001e-01, 1.40000001e-01,
    0., 1.40000001e-01, 2.10000008e-01, 0., 1.74999997e-01,
    3.50000001e-02, 0., 1.74999997e-01, 1.05000004e-01, 0.,
    1.74999997e-01, 1.74999997e-01, 0., 1.74999997e-01, 2.45000005e-01,
    0., 2.10000008e-01, 0., 0., 2.10000008e-01, 7.00000003e-02, 0.,
    2.10000008e-01, 1.40000001e-01, 0., 2.10000008e-01, 2.10000008e-01,
    0., 2.45000005e-01, 3.50000001e-02, 0., 2.45000005e-01,
    1.05000004e-01, 0., 2.45000005e-01, 1.74999997e-01, 0.,
    2.45000005e-01, 2.45000005e-01, 0., 2.80000001e-01, 0., 0.,
    2.80000001e-01, 7.00000003e-02, 0., 2.80000001e-01, 1.40000001e-01,
    0., 2.80000001e-01, 2.10000008e-01, 0., 3.14999998e-01,
    3.50000001e-02, 0., 3.14999998e-01, 1.05000004e-01, 0.,
    3.14999998e-01, 1.74999997e-01, 0., 3.14999998e-01, 2.45000005e-01,
    0., 3.49999994e-01, 0., 0., 3.49999994e-01, 7.00000003e-02, 0.,
    3.49999994e-01, 1.40000001e-01, 0., 3.49999994e-01, 2.10000008e-01,
    0. ]
CalibrationFrameExtRotation: !!opencv-matrix
   rows: 3
   cols: 1
   dt: d
   data: [ -1.9845077246364085e-01, 2.8563262592687608e+00,
       -1.3580708869752076e-01 ]
CalibrationFrameExtTranslation: !!opencv-matrix
   rows: 3
   cols: 1
   dt: d
   data: [ 2.1383736005444703e-01, 2.3055320286673120e-01,
       2.5294525615638066e+00 ]
CalibrationFrameRMSerror: 2.1403242647647858e-01
