%YAML:1.0
---
CalibrationFramePatternImage: [ 5.80973267e+02, 2.17996948e+02,
    5.71324280e+02, 2.37127258e+02, 5.61597351e+02, 2.56828766e+02,
    5.51726379e+02, 2.76572418e+02, 5.66667969e+02, 2.22716949e+02,
    5.56896301e+02, 2.41976822e+02, 5.46956421e+02, 2.61458893e+02,
    5.36819031e+02, 2.81392578e+02, 5.61705383e+02, 2.07827438e+02,
    5.52281738e+02, 2.27334061e+02, 5.42395935e+02, 2.46732178e+02,
    5.32286377e+02, 2.66513245e+02, 5.47294434e+02, 2.12426102e+02,
    5.37657349e+02, 2.31916656e+02, 5.27644470e+02, 2.51412201e+02,
    5.17468384e+02, 2.71362732e+02, 5.42384094e+02, 1.97689651e+02,
    5.32805054e+02, 2.17097763e+02, 5.22969910e+02, 2.36613403e+02,
    5.12911072e+02, 2.56471771e+02, 5.27978882e+02, 2.02494476e+02,
    5.18029846e+02, 2.21827240e+02, 5.08122681e+02, 2.41591980e+02,
    4.98021545e+02, 2.61224518e+02, 5.22779053e+02, 1.87986267e+02,
    5.13225830e+02, 2.07230499e+02, 5.03259796e+02, 2.26661896e+02,
    4.93409790e+02, 2.46514862e+02, 5.08173553e+02, 1.92523209e+02,
    4.98402679e+02, 2.11982864e+02, 4.88539429e+02, 2.31486816e+02,
    4.78432770e+02, 2.51497437e+02, 5.03051758e+02, 1.77883743e+02,
    4.93477692e+02, 1.97271683e+02, 4.83823608e+02, 2.16739563e+02,
    4.73619873e+02, 2.36352585e+02, 4.88508026e+02, 1.82709167e+02,
    4.78957672e+02, 2.02012924e+02, 4.68873535e+02, 2.21594818e+02,
    4.58855225e+02, 2.41129944e+02, 4.83498627e+02, 1.68151001e+02,
    4.73883575e+02, 1.87397247e+02, 4.63946411e+02, 2.06839798e+02,
    4.54063690e+02, 2.26465149e+02 ]
CalibrationFramePatternWorld: [ 0., 0., 0., 0., 7.00000003e-02, 0., 0.,
    1.40000001e-01, 0., 0., 2.10000008e-01, 0., 3.50000001e-02,
    3.50000001e-02, 0., 3.50000001e-02, 1.05000004e-01, 0.,
    3.50000001e-02, 1.74999997e-01, 0., 3.50000001e-02, 2.45000005e-01,
    0., 7.00000003e-02, 0., 0., 7.00000003e-02, 7.00000003e-02, 0.,
    7.00000003e-02, 1.40000001e-01, 0., 7.00000003e-02, 2.10000008e-01,
    0., 1.05000004e-01, 3.50000001e-02, 0., 1.05000004e-01,
    1.05000004e-01, 0., 1.05000004e-01, 1.74999997e-01, 0.,
    1.05000004e-01, 2.45000005e-01, 0., 1.40000001e-01, 0., 0.,
    1.40000001e-01, 7.00000003e-02, 0., 1.40000001e-01, 1.40000001e-01,
    0., 1.40000001e-01, 2.10000008e-01, 0., 1.74999997e-01,
    3.50000001e-02, 0., 1.74999997e-01, 1.05000004e-01, 0.,
    1.74999997e-01, 1.74999997e-01, 0., 1.74999997e-01, 2.45000005e-01,
    0., 2.10000008e-01, 0., 0., 2.10000008e-01, 7.00000003e-02, 0.,
    2.10000008e-01, 1.40000001e-01, 0., 2.10000008e-01, 2.10000008e-01,
    0., 2.45000005e-01, 3.50000001e-02, 0., 2.45000005e-01,
    1.05000004e-01, 0., 2.45000005e-01, 1.74999997e-01, 0.,
    2.45000005e-01, 2.45000005e-01, 0., 2.80000001e-01, 0., 0.,
    2.80000001e-01, 7.00000003e-02, 0., 2.80000001e-01, 1.40000001e-01,
    0., 2.80000001e-01, 2.10000008e-01, 0., 3.14999998e-01,
    3.50000001e-02, 0., 3.14999998e-01, 1.05000004e-01, 0.,
    3.14999998e-01, 1.74999997e-01, 0., 3.14999998e-01, 2.45000005e-01,
    0., 3.49999994e-01, 0., 0., 3.49999994e-01, 7.00000003e-02, 0.,
    3.49999994e-01, 1.40000001e-01, 0., 3.49999994e-01, 2.10000008e-01,
    0. ]
CalibrationFrameExtRotation: !!opencv-matrix
   rows: 3
   cols: 1
   dt: d
   data: [ -7.7352804141437059e-01, 3.2219754625545658e+00,
       8.3852573391379318e-02 ]
CalibrationFrameExtTranslation: !!opencv-matrix
   rows: 3
   cols: 1
   dt: d
   data: [ 8.9175379227567120e-01, -1.0383260062517066e-01,
       2.5652937787225922e+00 ]
CalibrationFrameRMSerror: 1.7565555870532990e-01
