%YAML:1.0
---
CalibrationFramePatternImage: [ 2.60033508e+02, 1.51866974e+02,
    2.53800812e+02, 1.73006714e+02, 2.47732697e+02, 1.94619873e+02,
    2.41873169e+02, 2.16512360e+02, 2.46076172e+02, 1.59000717e+02,
    2.39741882e+02, 1.80526245e+02, 2.33708771e+02, 2.02447632e+02,
    2.27863800e+02, 2.24456894e+02, 2.38062103e+02, 1.45129364e+02,
    2.31869308e+02, 1.66696747e+02, 2.25676971e+02, 1.88186249e+02,
    2.19637939e+02, 2.10301575e+02, 2.23842850e+02, 1.52480789e+02,
    2.17818497e+02, 1.74059280e+02, 2.11662338e+02, 1.95881073e+02,
    2.05465057e+02, 2.18118530e+02, 2.15976486e+02, 1.38593262e+02,
    2.09692184e+02, 1.60024918e+02, 2.03591339e+02, 1.81783508e+02,
    1.97384323e+02, 2.03897766e+02, 2.01876114e+02, 1.46116043e+02,
    1.95547043e+02, 1.67633438e+02, 1.89313034e+02, 1.89665588e+02,
    1.83161911e+02, 2.11796204e+02, 1.94071121e+02, 1.32265594e+02,
    1.87598969e+02, 1.53691956e+02, 1.81288986e+02, 1.75342438e+02,
    1.75085693e+02, 1.97558228e+02, 1.79825684e+02, 1.39690399e+02,
    1.73476669e+02, 1.61387238e+02, 1.67191956e+02, 1.83289413e+02,
    1.60837692e+02, 2.05601181e+02, 1.72272964e+02, 1.25892914e+02,
    1.65616119e+02, 1.47370529e+02, 1.59286865e+02, 1.69083939e+02,
    1.52865341e+02, 1.91230240e+02, 1.57953918e+02, 1.33305374e+02,
    1.51477798e+02, 1.54849808e+02, 1.45071533e+02, 1.76915222e+02,
    1.38615891e+02, 1.99092911e+02, 1.50503311e+02, 1.19316315e+02,
    1.43780746e+02, 1.40714722e+02, 1.37386017e+02, 1.62646988e+02,
    1.30749023e+02, 1.84827911e+02 ]
CalibrationFramePatternWorld: [ 0., 0., 0., 0., 7.00000003e-02, 0., 0.,
    1.40000001e-01, 0., 0., 2.10000008e-01, 0., 3.50000001e-02,
    3.50000001e-02, 0., 3.50000001e-02, 1.05000004e-01, 0.,
    3.50000001e-02, 1.74999997e-01, 0., 3.50000001e-02, 2.45000005e-01,
    0., 7.00000003e-02, 0., 0., 7.00000003e-02, 7.00000003e-02, 0.,
    7.00000003e-02, 1.40000001e-01, 0., 7.00000003e-02, 2.10000008e-01,
    0., 1.05000004e-01, 3.50000001e-02, 0., 1.05000004e-01,
    1.05000004e-01, 0., 1.05000004e-01, 1.74999997e-01, 0.,
    1.05000004e-01, 2.45000005e-01, 0., 1.40000001e-01, 0., 0.,
    1.40000001e-01, 7.00000003e-02, 0., 1.40000001e-01, 1.40000001e-01,
    0., 1.40000001e-01, 2.10000008e-01, 0., 1.74999997e-01,
    3.50000001e-02, 0., 1.74999997e-01, 1.05000004e-01, 0.,
    1.74999997e-01, 1.74999997e-01, 0., 1.74999997e-01, 2.45000005e-01,
    0., 2.10000008e-01, 0., 0., 2.10000008e-01, 7.00000003e-02, 0.,
    2.10000008e-01, 1.40000001e-01, 0., 2.10000008e-01, 2.10000008e-01,
    0., 2.45000005e-01, 3.50000001e-02, 0., 2.45000005e-01,
    1.05000004e-01, 0., 2.45000005e-01, 1.74999997e-01, 0.,
    2.45000005e-01, 2.45000005e-01, 0., 2.80000001e-01, 0., 0.,
    2.80000001e-01, 7.00000003e-02, 0., 2.80000001e-01, 1.40000001e-01,
    0., 2.80000001e-01, 2.10000008e-01, 0., 3.14999998e-01,
    3.50000001e-02, 0., 3.14999998e-01, 1.05000004e-01, 0.,
    3.14999998e-01, 1.74999997e-01, 0., 3.14999998e-01, 2.45000005e-01,
    0., 3.49999994e-01, 0., 0., 3.49999994e-01, 7.00000003e-02, 0.,
    3.49999994e-01, 1.40000001e-01, 0., 3.49999994e-01, 2.10000008e-01,
    0. ]
CalibrationFrameExtRotation: !!opencv-matrix
   rows: 3
   cols: 1
   dt: d
   data: [ -3.8800275515121124e-01, 2.8959369348687058e+00,
       -1.4206275041682973e-01 ]
CalibrationFrameExtTranslation: !!opencv-matrix
   rows: 3
   cols: 1
   dt: d
   data: [ -1.2036967825858301e-01, -3.0351584942428012e-01,
       2.5587304640399244e+00 ]
CalibrationFrameRMSerror: 1.6442956030368805e-01
