%YAML:1.0
---
CalibrationFramePatternImage: [ 2.52967117e+02, 2.66336182e+02,
    2.45417786e+02, 2.83607819e+02, 2.38274078e+02, 3.01241760e+02,
    2.31577347e+02, 3.18524292e+02, 2.38938599e+02, 2.73271576e+02,
    2.31622452e+02, 2.90477234e+02, 2.24918198e+02, 3.07658112e+02,
    2.18146545e+02, 3.25033966e+02, 2.32127106e+02, 2.62275909e+02,
    2.24940430e+02, 2.80133026e+02, 2.17955353e+02, 2.97504852e+02,
    2.11131683e+02, 3.14706390e+02, 2.18001892e+02, 2.69475952e+02,
    2.11302261e+02, 2.87229706e+02, 2.04381485e+02, 3.04698944e+02,
    1.97795242e+02, 3.21570251e+02, 2.11134583e+02, 2.58080627e+02,
    2.04068863e+02, 2.76490204e+02, 1.97308624e+02, 2.94244812e+02,
    1.90879562e+02, 3.11816925e+02, 1.96973938e+02, 2.65025238e+02,
    1.90018677e+02, 2.83343384e+02, 1.83656876e+02, 3.01243591e+02,
    1.77404922e+02, 3.18479889e+02, 1.89637054e+02, 2.53625671e+02,
    1.82819016e+02, 2.72252289e+02, 1.76316010e+02, 2.90322571e+02,
    1.70151077e+02, 3.08147888e+02, 1.75436325e+02, 2.60731842e+02,
    1.68793945e+02, 2.79196350e+02, 1.62432022e+02, 2.97253265e+02,
    1.56468887e+02, 3.15249695e+02, 1.67834457e+02, 2.49099762e+02,
    1.61207947e+02, 2.67916046e+02, 1.54996109e+02, 2.86367859e+02,
    1.48886414e+02, 3.04273010e+02, 1.53573593e+02, 2.56599915e+02,
    1.47491257e+02, 2.75068970e+02, 1.41230072e+02, 2.93587585e+02,
    1.35476440e+02, 3.11755829e+02, 1.45974594e+02, 2.44872025e+02,
    1.39660522e+02, 2.63918884e+02, 1.33618713e+02, 2.82460358e+02,
    1.27759804e+02, 3.01138153e+02 ]
CalibrationFramePatternWorld: [ 0., 0., 0., 0., 7.00000003e-02, 0., 0.,
    1.40000001e-01, 0., 0., 2.10000008e-01, 0., 3.50000001e-02,
    3.50000001e-02, 0., 3.50000001e-02, 1.05000004e-01, 0.,
    3.50000001e-02, 1.74999997e-01, 0., 3.50000001e-02, 2.45000005e-01,
    0., 7.00000003e-02, 0., 0., 7.00000003e-02, 7.00000003e-02, 0.,
    7.00000003e-02, 1.40000001e-01, 0., 7.00000003e-02, 2.10000008e-01,
    0., 1.05000004e-01, 3.50000001e-02, 0., 1.05000004e-01,
    1.05000004e-01, 0., 1.05000004e-01, 1.74999997e-01, 0.,
    1.05000004e-01, 2.45000005e-01, 0., 1.40000001e-01, 0., 0.,
    1.40000001e-01, 7.00000003e-02, 0., 1.40000001e-01, 1.40000001e-01,
    0., 1.40000001e-01, 2.10000008e-01, 0., 1.74999997e-01,
    3.50000001e-02, 0., 1.74999997e-01, 1.05000004e-01, 0.,
    1.74999997e-01, 1.74999997e-01, 0., 1.74999997e-01, 2.45000005e-01,
    0., 2.10000008e-01, 0., 0., 2.10000008e-01, 7.00000003e-02, 0.,
    2.10000008e-01, 1.40000001e-01, 0., 2.10000008e-01, 2.10000008e-01,
    0., 2.45000005e-01, 3.50000001e-02, 0., 2.45000005e-01,
    1.05000004e-01, 0., 2.45000005e-01, 1.74999997e-01, 0.,
    2.45000005e-01, 2.45000005e-01, 0., 2.80000001e-01, 0., 0.,
    2.80000001e-01, 7.00000003e-02, 0., 2.80000001e-01, 1.40000001e-01,
    0., 2.80000001e-01, 2.10000008e-01, 0., 3.14999998e-01,
    3.50000001e-02, 0., 3.14999998e-01, 1.05000004e-01, 0.,
    3.14999998e-01, 1.74999997e-01, 0., 3.14999998e-01, 2.45000005e-01,
    0., 3.49999994e-01, 0., 0., 3.49999994e-01, 7.00000003e-02, 0.,
    3.49999994e-01, 1.40000001e-01, 0., 3.49999994e-01, 2.10000008e-01,
    0. ]
CalibrationFrameExtRotation: !!opencv-matrix
   rows: 3
   cols: 1
   dt: d
   data: [ -4.1153070377326462e-01, 2.6739454393973534e+00,
       7.2889391471823395e-01 ]
CalibrationFrameExtTranslation: !!opencv-matrix
   rows: 3
   cols: 1
   dt: d
   data: [ -1.4393706200323561e-01, 4.9638552171710523e-02,
       2.6279710812920967e+00 ]
CalibrationFrameRMSerror: 2.8284892439842224e-01
