%YAML:1.0
---
CalibrationFramePatternImage: [ 2.41894760e+02, 2.60029968e+02,
    2.48739197e+02, 2.81860291e+02, 2.55521790e+02, 3.04035126e+02,
    2.62360199e+02, 3.26269257e+02, 2.35472076e+02, 2.73800964e+02,
    2.42427887e+02, 2.95603729e+02, 2.49581177e+02, 3.17393707e+02,
    2.56427063e+02, 3.39470581e+02, 2.22258286e+02, 2.65839905e+02,
    2.29223663e+02, 2.87597412e+02, 2.36244354e+02, 3.09101440e+02,
    2.43383957e+02, 3.30891388e+02, 2.16233185e+02, 2.79515320e+02,
    2.23167770e+02, 3.01028687e+02, 2.30146652e+02, 3.22589417e+02,
    2.37131943e+02, 3.44328918e+02, 2.03539505e+02, 2.71490906e+02,
    2.10249863e+02, 2.92965057e+02, 2.17128036e+02, 3.14518158e+02,
    2.24134323e+02, 3.35986725e+02, 1.97858353e+02, 2.84789185e+02,
    2.04538818e+02, 3.06299805e+02, 2.11604721e+02, 3.27651489e+02,
    2.18527176e+02, 3.48966187e+02, 1.85650696e+02, 2.76775513e+02,
    1.92183716e+02, 2.98256958e+02, 1.99097626e+02, 3.19452911e+02,
    2.06017471e+02, 3.40606903e+02, 1.80023438e+02, 2.90164764e+02,
    1.86891891e+02, 3.11200928e+02, 1.93570831e+02, 3.32394867e+02,
    2.00360962e+02, 3.53717102e+02, 1.67771713e+02, 2.82241852e+02,
    1.74597580e+02, 3.03317657e+02, 1.81331329e+02, 3.24318146e+02,
    1.88203537e+02, 3.45271179e+02, 1.62407318e+02, 2.95317383e+02,
    1.69194199e+02, 3.16052032e+02, 1.75937805e+02, 3.37136566e+02,
    1.82586395e+02, 3.58008514e+02, 1.50528473e+02, 2.87518036e+02,
    1.57072159e+02, 3.08245697e+02, 1.63887436e+02, 3.29011627e+02,
    1.70535812e+02, 3.49929474e+02 ]
CalibrationFramePatternWorld: [ 0., 0., 0., 0., 7.00000003e-02, 0., 0.,
    1.40000001e-01, 0., 0., 2.10000008e-01, 0., 3.50000001e-02,
    3.50000001e-02, 0., 3.50000001e-02, 1.05000004e-01, 0.,
    3.50000001e-02, 1.74999997e-01, 0., 3.50000001e-02, 2.45000005e-01,
    0., 7.00000003e-02, 0., 0., 7.00000003e-02, 7.00000003e-02, 0.,
    7.00000003e-02, 1.40000001e-01, 0., 7.00000003e-02, 2.10000008e-01,
    0., 1.05000004e-01, 3.50000001e-02, 0., 1.05000004e-01,
    1.05000004e-01, 0., 1.05000004e-01, 1.74999997e-01, 0.,
    1.05000004e-01, 2.45000005e-01, 0., 1.40000001e-01, 0., 0.,
    1.40000001e-01, 7.00000003e-02, 0., 1.40000001e-01, 1.40000001e-01,
    0., 1.40000001e-01, 2.10000008e-01, 0., 1.74999997e-01,
    3.50000001e-02, 0., 1.74999997e-01, 1.05000004e-01, 0.,
    1.74999997e-01, 1.74999997e-01, 0., 1.74999997e-01, 2.45000005e-01,
    0., 2.10000008e-01, 0., 0., 2.10000008e-01, 7.00000003e-02, 0.,
    2.10000008e-01, 1.40000001e-01, 0., 2.10000008e-01, 2.10000008e-01,
    0., 2.45000005e-01, 3.50000001e-02, 0., 2.45000005e-01,
    1.05000004e-01, 0., 2.45000005e-01, 1.74999997e-01, 0.,
    2.45000005e-01, 2.45000005e-01, 0., 2.80000001e-01, 0., 0.,
    2.80000001e-01, 7.00000003e-02, 0., 2.80000001e-01, 1.40000001e-01,
    0., 2.80000001e-01, 2.10000008e-01, 0., 3.14999998e-01,
    3.50000001e-02, 0., 3.14999998e-01, 1.05000004e-01, 0.,
    3.14999998e-01, 1.74999997e-01, 0., 3.14999998e-01, 2.45000005e-01,
    0., 3.49999994e-01, 0., 0., 3.49999994e-01, 7.00000003e-02, 0.,
    3.49999994e-01, 1.40000001e-01, 0., 3.49999994e-01, 2.10000008e-01,
    0. ]
CalibrationFrameExtRotation: !!opencv-matrix
   rows: 3
   cols: 1
   dt: d
   data: [ -4.0310357639277899e-01, -2.6785476024917383e+00,
       -1.1837725327834903e-01 ]
CalibrationFrameExtTranslation: !!opencv-matrix
   rows: 3
   cols: 1
   dt: d
   data: [ -1.7155915910705016e-01, 2.8862814814419720e-02,
       2.5118346825582152e+00 ]
CalibrationFrameRMSerror: 2.0355650782585144e-01
