%YAML:1.0
---
CalibrationFramePatternImage: [ 5.84943420e+02, 7.62354813e+01,
    5.90953796e+02, 9.90830307e+01, 5.97286377e+02, 1.22457993e+02,
    6.03591614e+02, 1.46273193e+02, 5.77019531e+02, 8.92857361e+01,
    5.82823059e+02, 1.12838013e+02, 5.89116882e+02, 1.36574936e+02,
    5.95290405e+02, 1.60703629e+02, 5.62607300e+02, 7.96738434e+01,
    5.69066406e+02, 1.03080879e+02, 5.74974915e+02, 1.26499199e+02,
    5.80851318e+02, 1.50677917e+02, 5.54557617e+02, 9.31136246e+01,
    5.60765320e+02, 1.16636978e+02, 5.66702759e+02, 1.40514511e+02,
    5.72514160e+02, 1.64785202e+02, 5.40058350e+02, 8.37263565e+01,
    5.46300659e+02, 1.06851051e+02, 5.52283997e+02, 1.30528076e+02,
    5.58156494e+02, 1.54644501e+02, 5.31571960e+02, 9.72278519e+01,
    5.37684875e+02, 1.20616638e+02, 5.43696960e+02, 1.44887817e+02,
    5.49427979e+02, 1.69178253e+02, 5.16871216e+02, 8.76267014e+01,
    5.22964783e+02, 1.11109642e+02, 5.28826294e+02, 1.34957809e+02,
    5.34789185e+02, 1.59122025e+02, 5.08215759e+02, 1.01356438e+02,
    5.14259094e+02, 1.25237045e+02, 5.20014343e+02, 1.49223068e+02,
    5.26095154e+02, 1.73803375e+02, 4.93385803e+02, 9.17534485e+01,
    4.99245117e+02, 1.15470070e+02, 5.05317200e+02, 1.39270142e+02,
    5.11066345e+02, 1.63626923e+02, 4.84539551e+02, 1.05511436e+02,
    4.90445740e+02, 1.29313446e+02, 4.96318268e+02, 1.53581497e+02,
    5.02068237e+02, 1.78120987e+02, 4.69657928e+02, 9.59065704e+01,
    4.75644287e+02, 1.19518349e+02, 4.81482727e+02, 1.43657532e+02,
    4.87379974e+02, 1.67949448e+02 ]
CalibrationFramePatternWorld: [ 0., 0., 0., 0., 7.00000003e-02, 0., 0.,
    1.40000001e-01, 0., 0., 2.10000008e-01, 0., 3.50000001e-02,
    3.50000001e-02, 0., 3.50000001e-02, 1.05000004e-01, 0.,
    3.50000001e-02, 1.74999997e-01, 0., 3.50000001e-02, 2.45000005e-01,
    0., 7.00000003e-02, 0., 0., 7.00000003e-02, 7.00000003e-02, 0.,
    7.00000003e-02, 1.40000001e-01, 0., 7.00000003e-02, 2.10000008e-01,
    0., 1.05000004e-01, 3.50000001e-02, 0., 1.05000004e-01,
    1.05000004e-01, 0., 1.05000004e-01, 1.74999997e-01, 0.,
    1.05000004e-01, 2.45000005e-01, 0., 1.40000001e-01, 0., 0.,
    1.40000001e-01, 7.00000003e-02, 0., 1.40000001e-01, 1.40000001e-01,
    0., 1.40000001e-01, 2.10000008e-01, 0., 1.74999997e-01,
    3.50000001e-02, 0., 1.74999997e-01, 1.05000004e-01, 0.,
    1.74999997e-01, 1.74999997e-01, 0., 1.74999997e-01, 2.45000005e-01,
    0., 2.10000008e-01, 0., 0., 2.10000008e-01, 7.00000003e-02, 0.,
    2.10000008e-01, 1.40000001e-01, 0., 2.10000008e-01, 2.10000008e-01,
    0., 2.45000005e-01, 3.50000001e-02, 0., 2.45000005e-01,
    1.05000004e-01, 0., 2.45000005e-01, 1.74999997e-01, 0.,
    2.45000005e-01, 2.45000005e-01, 0., 2.80000001e-01, 0., 0.,
    2.80000001e-01, 7.00000003e-02, 0., 2.80000001e-01, 1.40000001e-01,
    0., 2.80000001e-01, 2.10000008e-01, 0., 3.14999998e-01,
    3.50000001e-02, 0., 3.14999998e-01, 1.05000004e-01, 0.,
    3.14999998e-01, 1.74999997e-01, 0., 3.14999998e-01, 2.45000005e-01,
    0., 3.49999994e-01, 0., 0., 3.49999994e-01, 7.00000003e-02, 0.,
    3.49999994e-01, 1.40000001e-01, 0., 3.49999994e-01, 2.10000008e-01,
    0. ]
CalibrationFrameExtRotation: !!opencv-matrix
   rows: 3
   cols: 1
   dt: d
   data: [ 3.1699807699387783e-01, 3.1234436952572078e+00,
       -1.1387294553869753e-01 ]
CalibrationFrameExtTranslation: !!opencv-matrix
   rows: 3
   cols: 1
   dt: d
   data: [ 8.1442952224024989e-01, -5.0102068727626192e-01,
       2.2724315325547435e+00 ]
CalibrationFrameRMSerror: 1.9335409998893738e-01
