%YAML:1.0
---
CalibrationFramePatternImage: [ 1.43882797e+02, 5.94075089e+01,
    1.52725327e+02, 7.80196152e+01, 1.61825760e+02, 9.66764603e+01,
    1.71121597e+02, 1.15649773e+02, 1.38359848e+02, 7.28881149e+01,
    1.47294174e+02, 9.18358994e+01, 1.56618408e+02, 1.10721207e+02,
    1.66099548e+02, 1.29972809e+02, 1.24213234e+02, 6.81902695e+01,
    1.33036316e+02, 8.68764343e+01, 1.42070084e+02, 1.05789246e+02,
    1.51455200e+02, 1.25036171e+02, 1.18700279e+02, 8.19811554e+01,
    1.27641045e+02, 1.00785553e+02, 1.36872955e+02, 1.19922295e+02,
    1.46175781e+02, 1.39236160e+02, 1.04438919e+02, 7.72933731e+01,
    1.13287682e+02, 9.58940811e+01, 1.22416641e+02, 1.14951248e+02,
    1.31670395e+02, 1.34236084e+02, 9.90062332e+01, 9.12711258e+01,
    1.07883713e+02, 1.10120453e+02, 1.17139603e+02, 1.29340256e+02,
    1.26519249e+02, 1.48677719e+02, 8.48080444e+01, 8.65074158e+01,
    9.35447998e+01, 1.05454803e+02, 1.02617401e+02, 1.24427765e+02,
    1.12036583e+02, 1.43660736e+02, 7.93909988e+01, 1.00661171e+02,
    8.83210983e+01, 1.19633667e+02, 9.74981308e+01, 1.38900726e+02,
    1.06845161e+02, 1.58285309e+02, 6.51969833e+01, 9.59275818e+01,
    7.39494476e+01, 1.14937149e+02, 8.30540771e+01, 1.33946869e+02,
    9.21836700e+01, 1.53240646e+02, 5.97818565e+01, 1.10070122e+02,
    6.86262283e+01, 1.29082962e+02, 7.77765808e+01, 1.48380859e+02,
    8.70958939e+01, 1.67868591e+02, 4.56186943e+01, 1.05268692e+02,
    5.43566704e+01, 1.24177238e+02, 6.34071465e+01, 1.43504044e+02,
    7.26433563e+01, 1.62948013e+02 ]
CalibrationFramePatternWorld: [ 0., 0., 0., 0., 7.00000003e-02, 0., 0.,
    1.40000001e-01, 0., 0., 2.10000008e-01, 0., 3.50000001e-02,
    3.50000001e-02, 0., 3.50000001e-02, 1.05000004e-01, 0.,
    3.50000001e-02, 1.74999997e-01, 0., 3.50000001e-02, 2.45000005e-01,
    0., 7.00000003e-02, 0., 0., 7.00000003e-02, 7.00000003e-02, 0.,
    7.00000003e-02, 1.40000001e-01, 0., 7.00000003e-02, 2.10000008e-01,
    0., 1.05000004e-01, 3.50000001e-02, 0., 1.05000004e-01,
    1.05000004e-01, 0., 1.05000004e-01, 1.74999997e-01, 0.,
    1.05000004e-01, 2.45000005e-01, 0., 1.40000001e-01, 0., 0.,
    1.40000001e-01, 7.00000003e-02, 0., 1.40000001e-01, 1.40000001e-01,
    0., 1.40000001e-01, 2.10000008e-01, 0., 1.74999997e-01,
    3.50000001e-02, 0., 1.74999997e-01, 1.05000004e-01, 0.,
    1.74999997e-01, 1.74999997e-01, 0., 1.74999997e-01, 2.45000005e-01,
    0., 2.10000008e-01, 0., 0., 2.10000008e-01, 7.00000003e-02, 0.,
    2.10000008e-01, 1.40000001e-01, 0., 2.10000008e-01, 2.10000008e-01,
    0., 2.45000005e-01, 3.50000001e-02, 0., 2.45000005e-01,
    1.05000004e-01, 0., 2.45000005e-01, 1.74999997e-01, 0.,
    2.45000005e-01, 2.45000005e-01, 0., 2.80000001e-01, 0., 0.,
    2.80000001e-01, 7.00000003e-02, 0., 2.80000001e-01, 1.40000001e-01,
    0., 2.80000001e-01, 2.10000008e-01, 0., 3.14999998e-01,
    3.50000001e-02, 0., 3.14999998e-01, 1.05000004e-01, 0.,
    3.14999998e-01, 1.74999997e-01, 0., 3.14999998e-01, 2.45000005e-01,
    0., 3.49999994e-01, 0., 0., 3.49999994e-01, 7.00000003e-02, 0.,
    3.49999994e-01, 1.40000001e-01, 0., 3.49999994e-01, 2.10000008e-01,
    0. ]
CalibrationFrameExtRotation: !!opencv-matrix
   rows: 3
   cols: 1
   dt: d
   data: [ 6.7595947637533482e-01, 2.8500481769836421e+00,
       1.3311395032005352e-02 ]
CalibrationFrameExtTranslation: !!opencv-matrix
   rows: 3
   cols: 1
   dt: d
   data: [ -5.0234749445252835e-01, -6.2069059978023222e-01,
       2.6259998506334274e+00 ]
CalibrationFrameRMSerror: 1.2358885258436203e-01
