%YAML:1.0
---
CalibrationFramePatternImage: [ 3.89591095e+02, 1.08181335e+02,
    3.88065338e+02, 1.29753113e+02, 3.86356445e+02, 1.52002563e+02,
    3.84413330e+02, 1.74670258e+02, 3.77554871e+02, 1.18742973e+02,
    3.75801117e+02, 1.41078232e+02, 3.74075317e+02, 1.63476120e+02,
    3.72073669e+02, 1.86496460e+02, 3.67419464e+02, 1.08620110e+02,
    3.65393036e+02, 1.30136520e+02, 3.63748688e+02, 1.52141174e+02,
    3.61694214e+02, 1.74888519e+02, 3.55144470e+02, 1.19658997e+02,
    3.53424866e+02, 1.41128494e+02, 3.51290192e+02, 1.63521713e+02,
    3.49317749e+02, 1.86241287e+02, 3.45220154e+02, 1.09517227e+02,
    3.43068115e+02, 1.30471512e+02, 3.41167145e+02, 1.52397690e+02,
    3.39093262e+02, 1.74730484e+02, 3.33293884e+02, 1.20228058e+02,
    3.31120819e+02, 1.41516800e+02, 3.29100769e+02, 1.63637695e+02,
    3.26881073e+02, 1.86104538e+02, 3.23474823e+02, 1.10244637e+02,
    3.21187164e+02, 1.31115799e+02, 3.19129211e+02, 1.52725952e+02,
    3.17122437e+02, 1.74762466e+02, 3.11525360e+02, 1.20890602e+02,
    3.09472229e+02, 1.42158997e+02, 3.07337738e+02, 1.64004608e+02,
    3.04935333e+02, 1.86265472e+02, 3.02039337e+02, 1.11067818e+02,
    2.99690704e+02, 1.31778259e+02, 2.97732910e+02, 1.53175537e+02,
    2.95309448e+02, 1.75072662e+02, 2.90327881e+02, 1.21685089e+02,
    2.88228149e+02, 1.42562912e+02, 2.85840149e+02, 1.64356598e+02,
    2.83127106e+02, 1.85966553e+02, 2.81163544e+02, 1.11938377e+02,
    2.78662109e+02, 1.32407303e+02, 2.76674194e+02, 1.53657440e+02,
    2.73818420e+02, 1.75022980e+02 ]
CalibrationFramePatternWorld: [ 0., 0., 0., 0., 7.00000003e-02, 0., 0.,
    1.40000001e-01, 0., 0., 2.10000008e-01, 0., 3.50000001e-02,
    3.50000001e-02, 0., 3.50000001e-02, 1.05000004e-01, 0.,
    3.50000001e-02, 1.74999997e-01, 0., 3.50000001e-02, 2.45000005e-01,
    0., 7.00000003e-02, 0., 0., 7.00000003e-02, 7.00000003e-02, 0.,
    7.00000003e-02, 1.40000001e-01, 0., 7.00000003e-02, 2.10000008e-01,
    0., 1.05000004e-01, 3.50000001e-02, 0., 1.05000004e-01,
    1.05000004e-01, 0., 1.05000004e-01, 1.74999997e-01, 0.,
    1.05000004e-01, 2.45000005e-01, 0., 1.40000001e-01, 0., 0.,
    1.40000001e-01, 7.00000003e-02, 0., 1.40000001e-01, 1.40000001e-01,
    0., 1.40000001e-01, 2.10000008e-01, 0., 1.74999997e-01,
    3.50000001e-02, 0., 1.74999997e-01, 1.05000004e-01, 0.,
    1.74999997e-01, 1.74999997e-01, 0., 1.74999997e-01, 2.45000005e-01,
    0., 2.10000008e-01, 0., 0., 2.10000008e-01, 7.00000003e-02, 0.,
    2.10000008e-01, 1.40000001e-01, 0., 2.10000008e-01, 2.10000008e-01,
    0., 2.45000005e-01, 3.50000001e-02, 0., 2.45000005e-01,
    1.05000004e-01, 0., 2.45000005e-01, 1.74999997e-01, 0.,
    2.45000005e-01, 2.45000005e-01, 0., 2.80000001e-01, 0., 0.,
    2.80000001e-01, 7.00000003e-02, 0., 2.80000001e-01, 1.40000001e-01,
    0., 2.80000001e-01, 2.10000008e-01, 0., 3.14999998e-01,
    3.50000001e-02, 0., 3.14999998e-01, 1.05000004e-01, 0.,
    3.14999998e-01, 1.74999997e-01, 0., 3.14999998e-01, 2.45000005e-01,
    0., 3.49999994e-01, 0., 0., 3.49999994e-01, 7.00000003e-02, 0.,
    3.49999994e-01, 1.40000001e-01, 0., 3.49999994e-01, 2.10000008e-01,
    0. ]
CalibrationFrameExtRotation: !!opencv-matrix
   rows: 3
   cols: 1
   dt: d
   data: [ 9.0571973520653923e-02, -2.7549579900791734e+00,
       2.7946215175040723e-01 ]
CalibrationFrameExtTranslation: !!opencv-matrix
   rows: 3
   cols: 1
   dt: d
   data: [ 2.6974401672614251e-01, -4.2645801435442837e-01,
       2.4723125126483483e+00 ]
CalibrationFrameRMSerror: 2.0399256050586700e-01
