%YAML:1.0
---
CalibrationFramePatternImage: [ 5.81060059e+02, 2.80769562e+02,
    5.74616943e+02, 3.01587128e+02, 5.68262085e+02, 3.23140625e+02,
    5.61559143e+02, 3.44627838e+02, 5.67364319e+02, 2.87822296e+02,
    5.60648193e+02, 3.08982300e+02, 5.54126282e+02, 3.30276367e+02,
    5.47283142e+02, 3.52228699e+02, 5.59628784e+02, 2.73772064e+02,
    5.53365234e+02, 2.95019867e+02, 5.46773987e+02, 3.16199310e+02,
    5.39833069e+02, 3.37882843e+02, 5.45802246e+02, 2.80962067e+02,
    5.39545105e+02, 3.02204651e+02, 5.32574524e+02, 3.23538574e+02,
    5.25395325e+02, 3.45126373e+02, 5.38351257e+02, 2.67203247e+02,
    5.31978271e+02, 2.88204987e+02, 5.25138306e+02, 3.09292267e+02,
    5.18275208e+02, 3.30799408e+02, 5.24429871e+02, 2.74379089e+02,
    5.17807007e+02, 2.95310181e+02, 5.11203064e+02, 3.16817871e+02,
    5.03628113e+02, 3.38342163e+02, 5.16987244e+02, 2.60544861e+02,
    5.10444153e+02, 2.81633667e+02, 5.03566467e+02, 3.02606018e+02,
    4.96788422e+02, 3.23953522e+02, 5.03034027e+02, 2.67797180e+02,
    4.96315125e+02, 2.88697113e+02, 4.89437103e+02, 3.09869415e+02,
    4.82468933e+02, 3.31587524e+02, 4.95489624e+02, 2.54090103e+02,
    4.88795898e+02, 2.74948639e+02, 4.82238312e+02, 2.95878204e+02,
    4.75021820e+02, 3.17008301e+02, 4.81589905e+02, 2.61179657e+02,
    4.74907349e+02, 2.81873993e+02, 4.67788116e+02, 3.03217041e+02,
    4.60681763e+02, 3.24144501e+02, 4.74332825e+02, 2.47655884e+02,
    4.67544098e+02, 2.68104095e+02, 4.60715668e+02, 2.89196686e+02,
    4.53614868e+02, 3.10100464e+02 ]
CalibrationFramePatternWorld: [ 0., 0., 0., 0., 7.00000003e-02, 0., 0.,
    1.40000001e-01, 0., 0., 2.10000008e-01, 0., 3.50000001e-02,
    3.50000001e-02, 0., 3.50000001e-02, 1.05000004e-01, 0.,
    3.50000001e-02, 1.74999997e-01, 0., 3.50000001e-02, 2.45000005e-01,
    0., 7.00000003e-02, 0., 0., 7.00000003e-02, 7.00000003e-02, 0.,
    7.00000003e-02, 1.40000001e-01, 0., 7.00000003e-02, 2.10000008e-01,
    0., 1.05000004e-01, 3.50000001e-02, 0., 1.05000004e-01,
    1.05000004e-01, 0., 1.05000004e-01, 1.74999997e-01, 0.,
    1.05000004e-01, 2.45000005e-01, 0., 1.40000001e-01, 0., 0.,
    1.40000001e-01, 7.00000003e-02, 0., 1.40000001e-01, 1.40000001e-01,
    0., 1.40000001e-01, 2.10000008e-01, 0., 1.74999997e-01,
    3.50000001e-02, 0., 1.74999997e-01, 1.05000004e-01, 0.,
    1.74999997e-01, 1.74999997e-01, 0., 1.74999997e-01, 2.45000005e-01,
    0., 2.10000008e-01, 0., 0., 2.10000008e-01, 7.00000003e-02, 0.,
    2.10000008e-01, 1.40000001e-01, 0., 2.10000008e-01, 2.10000008e-01,
    0., 2.45000005e-01, 3.50000001e-02, 0., 2.45000005e-01,
    1.05000004e-01, 0., 2.45000005e-01, 1.74999997e-01, 0.,
    2.45000005e-01, 2.45000005e-01, 0., 2.80000001e-01, 0., 0.,
    2.80000001e-01, 7.00000003e-02, 0., 2.80000001e-01, 1.40000001e-01,
    0., 2.80000001e-01, 2.10000008e-01, 0., 3.14999998e-01,
    3.50000001e-02, 0., 3.14999998e-01, 1.05000004e-01, 0.,
    3.14999998e-01, 1.74999997e-01, 0., 3.14999998e-01, 2.45000005e-01,
    0., 3.49999994e-01, 0., 0., 3.49999994e-01, 7.00000003e-02, 0.,
    3.49999994e-01, 1.40000001e-01, 0., 3.49999994e-01, 2.10000008e-01,
    0. ]
CalibrationFrameExtRotation: !!opencv-matrix
   rows: 3
   cols: 1
   dt: d
   data: [ 4.7289347948054494e-01, -2.8326613005983030e+00,
       2.8709635583973403e-01 ]
CalibrationFrameExtTranslation: !!opencv-matrix
   rows: 3
   cols: 1
   dt: d
   data: [ 8.6807440127088897e-01, 9.3463263548818468e-02,
       2.4987544752761637e+00 ]
CalibrationFrameRMSerror: 1.6449026763439178e-01
