%YAML:1.0
---
CalibrationFramePatternImage: [ 3.81298523e+02, 6.50406647e+01,
    3.87270630e+02, 8.64611969e+01, 3.93256500e+02, 1.08336037e+02,
    3.99683990e+02, 1.30516388e+02, 3.72954315e+02, 7.82480392e+01,
    3.78863708e+02, 1.00145645e+02, 3.85041229e+02, 1.22281487e+02,
    3.91385345e+02, 1.44713379e+02, 3.58351990e+02, 7.03875275e+01,
    3.64462646e+02, 9.19500046e+01, 3.70633331e+02, 1.13729607e+02,
    3.76669281e+02, 1.36412674e+02, 3.49974823e+02, 8.38302765e+01,
    3.56014709e+02, 1.05587097e+02, 3.61896759e+02, 1.27858780e+02,
    3.67999603e+02, 1.50580414e+02, 3.35538269e+02, 7.60781937e+01,
    3.41538696e+02, 9.73703461e+01, 3.47580780e+02, 1.19396042e+02,
    3.53546661e+02, 1.41987946e+02, 3.27020477e+02, 8.94498749e+01,
    3.32784637e+02, 1.11201241e+02, 3.38864777e+02, 1.33509003e+02,
    3.44888031e+02, 1.56296768e+02, 3.12723633e+02, 8.16003113e+01,
    3.18404572e+02, 1.03255478e+02, 3.24140625e+02, 1.25301315e+02,
    3.30225861e+02, 1.47835281e+02, 3.04116028e+02, 9.51584473e+01,
    3.09819885e+02, 1.17040886e+02, 3.15682861e+02, 1.39520340e+02,
    3.21505402e+02, 1.62305832e+02, 2.89639862e+02, 8.73157196e+01,
    2.95416504e+02, 1.08952942e+02, 3.01157379e+02, 1.31193588e+02,
    3.06998352e+02, 1.53732758e+02, 2.80970215e+02, 1.01022049e+02,
    2.86648071e+02, 1.23020248e+02, 2.92519653e+02, 1.45527649e+02,
    2.98155365e+02, 1.68044235e+02, 2.66899536e+02, 9.32596283e+01,
    2.72302307e+02, 1.14926216e+02, 2.78019257e+02, 1.37071442e+02,
    2.83677002e+02, 1.59625259e+02 ]
CalibrationFramePatternWorld: [ 0., 0., 0., 0., 7.00000003e-02, 0., 0.,
    1.40000001e-01, 0., 0., 2.10000008e-01, 0., 3.50000001e-02,
    3.50000001e-02, 0., 3.50000001e-02, 1.05000004e-01, 0.,
    3.50000001e-02, 1.74999997e-01, 0., 3.50000001e-02, 2.45000005e-01,
    0., 7.00000003e-02, 0., 0., 7.00000003e-02, 7.00000003e-02, 0.,
    7.00000003e-02, 1.40000001e-01, 0., 7.00000003e-02, 2.10000008e-01,
    0., 1.05000004e-01, 3.50000001e-02, 0., 1.05000004e-01,
    1.05000004e-01, 0., 1.05000004e-01, 1.74999997e-01, 0.,
    1.05000004e-01, 2.45000005e-01, 0., 1.40000001e-01, 0., 0.,
    1.40000001e-01, 7.00000003e-02, 0., 1.40000001e-01, 1.40000001e-01,
    0., 1.40000001e-01, 2.10000008e-01, 0., 1.74999997e-01,
    3.50000001e-02, 0., 1.74999997e-01, 1.05000004e-01, 0.,
    1.74999997e-01, 1.74999997e-01, 0., 1.74999997e-01, 2.45000005e-01,
    0., 2.10000008e-01, 0., 0., 2.10000008e-01, 7.00000003e-02, 0.,
    2.10000008e-01, 1.40000001e-01, 0., 2.10000008e-01, 2.10000008e-01,
    0., 2.45000005e-01, 3.50000001e-02, 0., 2.45000005e-01,
    1.05000004e-01, 0., 2.45000005e-01, 1.74999997e-01, 0.,
    2.45000005e-01, 2.45000005e-01, 0., 2.80000001e-01, 0., 0.,
    2.80000001e-01, 7.00000003e-02, 0., 2.80000001e-01, 1.40000001e-01,
    0., 2.80000001e-01, 2.10000008e-01, 0., 3.14999998e-01,
    3.50000001e-02, 0., 3.14999998e-01, 1.05000004e-01, 0.,
    3.14999998e-01, 1.74999997e-01, 0., 3.14999998e-01, 2.45000005e-01,
    0., 3.49999994e-01, 0., 0., 3.49999994e-01, 7.00000003e-02, 0.,
    3.49999994e-01, 1.40000001e-01, 0., 3.49999994e-01, 2.10000008e-01,
    0. ]
CalibrationFrameExtRotation: !!opencv-matrix
   rows: 3
   cols: 1
   dt: d
   data: [ 3.9173264437425509e-01, 3.1615395517602747e+00,
       -1.2367814122778345e-01 ]
CalibrationFrameExtTranslation: !!opencv-matrix
   rows: 3
   cols: 1
   dt: d
   data: [ 2.4342262231659370e-01, -5.5474041406851593e-01,
       2.4483801815465855e+00 ]
CalibrationFrameRMSerror: 1.5070979297161102e-01
