%YAML:1.0
---
CalibrationFramePatternImage: [ 3.34174271e+01, 1.12279633e+02,
    5.27505035e+01, 1.07261620e+02, 7.15228729e+01, 1.02460785e+02,
    9.02339554e+01, 9.79006195e+01, 1.08988136e+02, 9.32955780e+01,
    4.01006279e+01, 1.30250519e+02, 5.89872627e+01, 1.25387474e+02,
    7.77290344e+01, 1.20480644e+02, 9.65158234e+01, 1.15763710e+02,
    1.15074196e+02, 1.11155914e+02, 4.67387962e+01, 1.48167206e+02,
    6.53278122e+01, 1.43201981e+02, 8.39382706e+01, 1.38089783e+02,
    1.02477249e+02, 1.33445496e+02, 1.20971397e+02, 1.28622665e+02,
    5.30999985e+01, 1.65606445e+02, 7.18461533e+01, 1.60621796e+02,
    9.01434860e+01, 1.55703094e+02, 1.08510880e+02, 1.51085907e+02,
    1.26670105e+02, 1.46115692e+02 ]
CalibrationFramePatternWorld: [ 0., 0., 0., 0., 4.43000011e-02, 0., 0.,
    8.86000022e-02, 0., 0., 1.32900000e-01, 0., 0., 1.77200004e-01, 0.,
    4.43000011e-02, 0., 0., 4.43000011e-02, 4.43000011e-02, 0.,
    4.43000011e-02, 8.86000022e-02, 0., 4.43000011e-02, 1.32900000e-01,
    0., 4.43000011e-02, 1.77200004e-01, 0., 8.86000022e-02, 0., 0.,
    8.86000022e-02, 4.43000011e-02, 0., 8.86000022e-02, 8.86000022e-02,
    0., 8.86000022e-02, 1.32900000e-01, 0., 8.86000022e-02,
    1.77200004e-01, 0., 1.32900000e-01, 0., 0., 1.32900000e-01,
    4.43000011e-02, 0., 1.32900000e-01, 8.86000022e-02, 0.,
    1.32900000e-01, 1.32900000e-01, 0., 1.32900000e-01, 1.77200004e-01,
    0. ]
CalibrationFrameExtRotation: !!opencv-matrix
   rows: 3
   cols: 1
   dt: d
   data: [ -2.5518543393080426e+00, -1.8864223326694056e+00,
       -3.6068549503996283e-01 ]
CalibrationFrameExtTranslation: !!opencv-matrix
   rows: 3
   cols: 1
   dt: d
   data: [ -7.0059556337241879e-01, -3.4142839969360977e-01,
       1.3866254361960613e+00 ]
CalibrationFrameRMSerror: 1.7906774580478668e-01
