%YAML:1.0
---
CalibrationFramePatternImage: [ 1.08694420e+02, 6.36487045e+01,
    1.55642303e+02, 5.96000443e+01, 2.01295288e+02, 5.58297691e+01,
    2.45475235e+02, 5.20430336e+01, 2.88308777e+02, 4.83118095e+01,
    1.15934616e+02, 1.08981262e+02, 1.62671555e+02, 1.04106354e+02,
    2.08091125e+02, 9.96301880e+01, 2.52090012e+02, 9.52568054e+01,
    2.94673706e+02, 9.07757874e+01, 1.23726807e+02, 1.54290329e+02,
    1.70095322e+02, 1.48559265e+02, 2.15134277e+02, 1.43020599e+02,
    2.58869232e+02, 1.37842499e+02, 3.01115753e+02, 1.32582443e+02,
    1.31587570e+02, 1.99319489e+02, 1.77579941e+02, 1.92718246e+02,
    2.22288040e+02, 1.86590988e+02, 2.65566162e+02, 1.80488022e+02,
    3.07756622e+02, 1.74615402e+02 ]
CalibrationFramePatternWorld: [ 0., 0., 0., 0., 4.43000011e-02, 0., 0.,
    8.86000022e-02, 0., 0., 1.32900000e-01, 0., 0., 1.77200004e-01, 0.,
    4.43000011e-02, 0., 0., 4.43000011e-02, 4.43000011e-02, 0.,
    4.43000011e-02, 8.86000022e-02, 0., 4.43000011e-02, 1.32900000e-01,
    0., 4.43000011e-02, 1.77200004e-01, 0., 8.86000022e-02, 0., 0.,
    8.86000022e-02, 4.43000011e-02, 0., 8.86000022e-02, 8.86000022e-02,
    0., 8.86000022e-02, 1.32900000e-01, 0., 8.86000022e-02,
    1.77200004e-01, 0., 1.32900000e-01, 0., 0., 1.32900000e-01,
    4.43000011e-02, 0., 1.32900000e-01, 8.86000022e-02, 0.,
    1.32900000e-01, 1.32900000e-01, 0., 1.32900000e-01, 1.77200004e-01,
    0. ]
CalibrationFrameExtRotation: !!opencv-matrix
   rows: 3
   cols: 1
   dt: d
   data: [ 2.2994175213522183e+00, 1.9682259361763161e+00,
       2.4426318707928060e-01 ]
CalibrationFrameExtTranslation: !!opencv-matrix
   rows: 3
   cols: 1
   dt: d
   data: [ -2.1369532151643345e-01, -1.8641251334286169e-01,
       5.6582509338129483e-01 ]
CalibrationFrameRMSerror: 3.8495072722434998e-01
