%YAML:1.0
---
CalibrationFramePatternImage: [ 3.90396912e+02, 7.82200089e+01,
    4.19573853e+02, 7.88869324e+01, 4.49313507e+02, 7.95201950e+01,
    4.80034668e+02, 7.99746857e+01, 5.11463104e+02, 8.03313828e+01,
    3.87336548e+02, 1.05112183e+02, 4.16625580e+02, 1.05987206e+02,
    4.46798737e+02, 1.07076103e+02, 4.77715210e+02, 1.08022804e+02,
    5.09411133e+02, 1.08802826e+02, 3.84391724e+02, 1.32917587e+02,
    4.13872528e+02, 1.33905350e+02, 4.44162567e+02, 1.35009308e+02,
    4.75224121e+02, 1.36361450e+02, 5.07167480e+02, 1.37617111e+02,
    3.81447540e+02, 1.61290161e+02, 4.11036285e+02, 1.62714935e+02,
    4.41544556e+02, 1.64175949e+02, 4.72730316e+02, 1.65644821e+02,
    5.04996704e+02, 1.67184280e+02 ]
CalibrationFramePatternWorld: [ 0., 0., 0., 0., 4.43000011e-02, 0., 0.,
    8.86000022e-02, 0., 0., 1.32900000e-01, 0., 0., 1.77200004e-01, 0.,
    4.43000011e-02, 0., 0., 4.43000011e-02, 4.43000011e-02, 0.,
    4.43000011e-02, 8.86000022e-02, 0., 4.43000011e-02, 1.32900000e-01,
    0., 4.43000011e-02, 1.77200004e-01, 0., 8.86000022e-02, 0., 0.,
    8.86000022e-02, 4.43000011e-02, 0., 8.86000022e-02, 8.86000022e-02,
    0., 8.86000022e-02, 1.32900000e-01, 0., 8.86000022e-02,
    1.77200004e-01, 0., 1.32900000e-01, 0., 0., 1.32900000e-01,
    4.43000011e-02, 0., 1.32900000e-01, 8.86000022e-02, 0.,
    1.32900000e-01, 1.32900000e-01, 0., 1.32900000e-01, 1.77200004e-01,
    0. ]
CalibrationFrameExtRotation: !!opencv-matrix
   rows: 3
   cols: 1
   dt: d
   data: [ -2.0572811864026419e+00, -2.2857376867577130e+00,
       4.3076314783357555e-01 ]
CalibrationFrameExtTranslation: !!opencv-matrix
   rows: 3
   cols: 1
   dt: d
   data: [ 9.3908516877940246e-02, -2.6908292106625925e-01,
       8.7932850847876520e-01 ]
CalibrationFrameRMSerror: 2.0570909976959229e-01
