%YAML:1.0
---
CalibrationFramePatternImage: [ 3.72633057e+02, 2.43286316e+02,
    4.11184753e+02, 2.53688156e+02, 4.47646912e+02, 2.63074738e+02,
    4.82283539e+02, 2.72096741e+02, 5.15333191e+02, 2.80472961e+02,
    3.62733704e+02, 2.89869171e+02, 4.02385040e+02, 2.98503204e+02,
    4.39262177e+02, 3.06562073e+02, 4.73812653e+02, 3.13915253e+02,
    5.07597748e+02, 3.21124603e+02, 3.52209839e+02, 3.36919128e+02,
    3.92889587e+02, 3.43869507e+02, 4.30971985e+02, 3.50494629e+02,
    4.66558380e+02, 3.56429840e+02, 4.99944275e+02, 3.61881836e+02,
    3.41536346e+02, 3.84326691e+02, 3.82834564e+02, 3.89706879e+02,
    4.21358063e+02, 3.94622345e+02, 4.57997894e+02, 3.99411072e+02,
    4.92402283e+02, 4.03903809e+02 ]
CalibrationFramePatternWorld: [ 0., 0., 0., 0., 4.43000011e-02, 0., 0.,
    8.86000022e-02, 0., 0., 1.32900000e-01, 0., 0., 1.77200004e-01, 0.,
    4.43000011e-02, 0., 0., 4.43000011e-02, 4.43000011e-02, 0.,
    4.43000011e-02, 8.86000022e-02, 0., 4.43000011e-02, 1.32900000e-01,
    0., 4.43000011e-02, 1.77200004e-01, 0., 8.86000022e-02, 0., 0.,
    8.86000022e-02, 4.43000011e-02, 0., 8.86000022e-02, 8.86000022e-02,
    0., 8.86000022e-02, 1.32900000e-01, 0., 8.86000022e-02,
    1.77200004e-01, 0., 1.32900000e-01, 0., 0., 1.32900000e-01,
    4.43000011e-02, 0., 1.32900000e-01, 8.86000022e-02, 0.,
    1.32900000e-01, 1.32900000e-01, 0., 1.32900000e-01, 1.77200004e-01,
    0. ]
CalibrationFrameExtRotation: !!opencv-matrix
   rows: 3
   cols: 1
   dt: d
   data: [ 1.7561607552195557e+00, 2.1917551834759474e+00,
       4.1641802527927457e-01 ]
CalibrationFrameExtTranslation: !!opencv-matrix
   rows: 3
   cols: 1
   dt: d
   data: [ 4.0087029629375916e-02, -9.6519001011915271e-03,
       5.4050996925076578e-01 ]
CalibrationFrameRMSerror: 5.3552114963531494e-01
