%YAML:1.0
---
CalibrationFramePatternImage: [ 5.08393188e+02, 6.53943634e+01,
    5.27019348e+02, 6.69089890e+01, 5.46121826e+02, 6.82646713e+01,
    5.65970398e+02, 6.95625000e+01, 5.85971130e+02, 7.08782043e+01,
    5.05392151e+02, 8.24106140e+01, 5.24151428e+02, 8.39570618e+01,
    5.43442688e+02, 8.54415894e+01, 5.63089172e+02, 8.70724640e+01,
    5.83049744e+02, 8.86148148e+01, 5.02460541e+02, 9.96101303e+01,
    5.21215332e+02, 1.01066437e+02, 5.40666687e+02, 1.02826668e+02,
    5.60181519e+02, 1.04509552e+02, 5.80584106e+02, 1.06399162e+02,
    4.99393188e+02, 1.17073944e+02, 5.18354309e+02, 1.18798012e+02,
    5.37645203e+02, 1.20616295e+02, 5.57243469e+02, 1.22461861e+02,
    5.77866272e+02, 1.24407410e+02 ]
CalibrationFramePatternWorld: [ 0., 0., 0., 0., 4.43000011e-02, 0., 0.,
    8.86000022e-02, 0., 0., 1.32900000e-01, 0., 0., 1.77200004e-01, 0.,
    4.43000011e-02, 0., 0., 4.43000011e-02, 4.43000011e-02, 0.,
    4.43000011e-02, 8.86000022e-02, 0., 4.43000011e-02, 1.32900000e-01,
    0., 4.43000011e-02, 1.77200004e-01, 0., 8.86000022e-02, 0., 0.,
    8.86000022e-02, 4.43000011e-02, 0., 8.86000022e-02, 8.86000022e-02,
    0., 8.86000022e-02, 1.32900000e-01, 0., 8.86000022e-02,
    1.77200004e-01, 0., 1.32900000e-01, 0., 0., 1.32900000e-01,
    4.43000011e-02, 0., 1.32900000e-01, 8.86000022e-02, 0.,
    1.32900000e-01, 1.32900000e-01, 0., 1.32900000e-01, 1.77200004e-01,
    0. ]
CalibrationFrameExtRotation: !!opencv-matrix
   rows: 3
   cols: 1
   dt: d
   data: [ -1.9135489671128469e+00, -2.3083166166871423e+00,
       4.4993223976394775e-01 ]
CalibrationFrameExtTranslation: !!opencv-matrix
   rows: 3
   cols: 1
   dt: d
   data: [ 4.3641483590672969e-01, -4.6097080237982541e-01,
       1.4004448379343934e+00 ]
CalibrationFrameRMSerror: 1.7955362796783447e-01
