%YAML:1.0
---
CalibrationFramePatternImage: [ 3.48921051e+02, 3.82960510e+01,
    3.67482941e+02, 4.15170517e+01, 3.85989685e+02, 4.50299263e+01,
    4.04592834e+02, 4.88312225e+01, 4.23247955e+02, 5.21851845e+01,
    3.45142853e+02, 5.64740257e+01, 3.63911621e+02, 5.99254532e+01,
    3.82442596e+02, 6.35397339e+01, 4.00935028e+02, 6.73045807e+01,
    4.19598724e+02, 7.07706985e+01, 3.41387817e+02, 7.49326935e+01,
    3.59974518e+02, 7.85382156e+01, 3.78794556e+02, 8.21823883e+01,
    3.97364227e+02, 8.56324539e+01, 4.15898102e+02, 8.94171982e+01,
    3.37962738e+02, 9.37101440e+01, 3.56414001e+02, 9.72070084e+01,
    3.74694611e+02, 1.00837631e+02, 3.93443359e+02, 1.04453247e+02,
    4.12113892e+02, 1.07967606e+02 ]
CalibrationFramePatternWorld: [ 0., 0., 0., 0., 4.43000011e-02, 0., 0.,
    8.86000022e-02, 0., 0., 1.32900000e-01, 0., 0., 1.77200004e-01, 0.,
    4.43000011e-02, 0., 0., 4.43000011e-02, 4.43000011e-02, 0.,
    4.43000011e-02, 8.86000022e-02, 0., 4.43000011e-02, 1.32900000e-01,
    0., 4.43000011e-02, 1.77200004e-01, 0., 8.86000022e-02, 0., 0.,
    8.86000022e-02, 4.43000011e-02, 0., 8.86000022e-02, 8.86000022e-02,
    0., 8.86000022e-02, 1.32900000e-01, 0., 8.86000022e-02,
    1.77200004e-01, 0., 1.32900000e-01, 0., 0., 1.32900000e-01,
    4.43000011e-02, 0., 1.32900000e-01, 8.86000022e-02, 0.,
    1.32900000e-01, 1.32900000e-01, 0., 1.32900000e-01, 1.77200004e-01,
    0. ]
CalibrationFrameExtRotation: !!opencv-matrix
   rows: 3
   cols: 1
   dt: d
   data: [ 2.0161378594947603e+00, 2.4633069433258115e+00,
       -1.8053261715078605e-02 ]
CalibrationFrameExtTranslation: !!opencv-matrix
   rows: 3
   cols: 1
   dt: d
   data: [ 4.7838201782664687e-02, -5.0929648256684179e-01,
       1.3551174588451236e+00 ]
CalibrationFrameRMSerror: 1.5549394488334656e-01
