%YAML:1.0
---
CalibrationFramePatternImage: [ 9.23289261e+01, 2.00901093e+02,
    1.55140015e+02, 2.10024048e+02, 2.17413254e+02, 2.19050674e+02,
    2.78905151e+02, 2.28195328e+02, 3.40209167e+02, 2.37209915e+02,
    8.02323303e+01, 2.62739807e+02, 1.43403275e+02, 2.71761444e+02,
    2.06185959e+02, 2.80735107e+02, 2.68529694e+02, 2.89503693e+02,
    3.29876953e+02, 2.98528320e+02, 6.96317444e+01, 3.24834442e+02,
    1.32826263e+02, 3.33753387e+02, 1.95536407e+02, 3.42543488e+02,
    2.57718475e+02, 3.51013031e+02, 3.19159943e+02, 3.59610535e+02,
    5.88533020e+01, 3.86685181e+02, 1.21904984e+02, 3.95563599e+02,
    1.84504913e+02, 4.03985107e+02, 2.46763290e+02, 4.12705688e+02,
    3.08490295e+02, 4.20986633e+02 ]
CalibrationFramePatternWorld: [ 0., 0., 0., 0., 4.43000011e-02, 0., 0.,
    8.86000022e-02, 0., 0., 1.32900000e-01, 0., 0., 1.77200004e-01, 0.,
    4.43000011e-02, 0., 0., 4.43000011e-02, 4.43000011e-02, 0.,
    4.43000011e-02, 8.86000022e-02, 0., 4.43000011e-02, 1.32900000e-01,
    0., 4.43000011e-02, 1.77200004e-01, 0., 8.86000022e-02, 0., 0.,
    8.86000022e-02, 4.43000011e-02, 0., 8.86000022e-02, 8.86000022e-02,
    0., 8.86000022e-02, 1.32900000e-01, 0., 8.86000022e-02,
    1.77200004e-01, 0., 1.32900000e-01, 0., 0., 1.32900000e-01,
    4.43000011e-02, 0., 1.32900000e-01, 8.86000022e-02, 0.,
    1.32900000e-01, 1.32900000e-01, 0., 1.32900000e-01, 1.77200004e-01,
    0. ]
CalibrationFrameExtRotation: !!opencv-matrix
   rows: 3
   cols: 1
   dt: d
   data: [ 2.0097770279619813e+00, 2.3433958362193930e+00,
       -1.6399912808053158e-02 ]
CalibrationFrameExtTranslation: !!opencv-matrix
   rows: 3
   cols: 1
   dt: d
   data: [ -1.6807900105052967e-01, -3.8454783464834622e-02,
       4.1428880162098120e-01 ]
CalibrationFrameRMSerror: 1.0148257017135620e+00
