%YAML:1.0
---
CalibrationFramePatternImage: [ 5.32850952e+02, 1.08134241e+01,
    5.49536255e+02, 1.20772943e+01, 5.66019897e+02, 1.37309942e+01,
    5.82539368e+02, 1.48012123e+01, 5.98660400e+02, 1.63484268e+01,
    5.31219238e+02, 3.05988693e+01, 5.48135681e+02, 3.17976608e+01,
    5.64481506e+02, 3.29518509e+01, 5.80436096e+02, 3.43784447e+01,
    5.96457520e+02, 3.54347267e+01, 5.29537842e+02, 5.00632782e+01,
    5.46327087e+02, 5.11560555e+01, 5.62550842e+02, 5.24890594e+01,
    5.78674622e+02, 5.34116859e+01, 5.94566406e+02, 5.44179688e+01,
    5.27147217e+02, 6.99835129e+01, 5.43898560e+02, 7.08321228e+01,
    5.60179077e+02, 7.14552231e+01, 5.76460632e+02, 7.24724426e+01,
    5.92421875e+02, 7.35078125e+01 ]
CalibrationFramePatternWorld: [ 0., 0., 0., 0., 4.43000011e-02, 0., 0.,
    8.86000022e-02, 0., 0., 1.32900000e-01, 0., 0., 1.77200004e-01, 0.,
    4.43000011e-02, 0., 0., 4.43000011e-02, 4.43000011e-02, 0.,
    4.43000011e-02, 8.86000022e-02, 0., 4.43000011e-02, 1.32900000e-01,
    0., 4.43000011e-02, 1.77200004e-01, 0., 8.86000022e-02, 0., 0.,
    8.86000022e-02, 4.43000011e-02, 0., 8.86000022e-02, 8.86000022e-02,
    0., 8.86000022e-02, 1.32900000e-01, 0., 8.86000022e-02,
    1.77200004e-01, 0., 1.32900000e-01, 0., 0., 1.32900000e-01,
    4.43000011e-02, 0., 1.32900000e-01, 8.86000022e-02, 0.,
    1.32900000e-01, 1.32900000e-01, 0., 1.32900000e-01, 1.77200004e-01,
    0. ]
CalibrationFrameExtRotation: !!opencv-matrix
   rows: 3
   cols: 1
   dt: d
   data: [ 2.2046208316605029e+00, 2.2007047131655835e+00,
       5.0527636574411050e-01 ]
CalibrationFrameExtTranslation: !!opencv-matrix
   rows: 3
   cols: 1
   dt: d
   data: [ 4.7560950198276247e-01, -5.6962951809501028e-01,
       1.3375299800464782e+00 ]
CalibrationFrameRMSerror: 2.3330856859683990e-01
