%YAML:1.0
---
CalibrationFramePatternImage: [ 1.36980225e+02, 3.70727997e+02,
    1.56448135e+02, 3.62463257e+02, 1.75420105e+02, 3.54619049e+02,
    1.94057327e+02, 3.46875793e+02, 2.12173813e+02, 3.39444458e+02,
    1.43872726e+02, 3.88674744e+02, 1.62963196e+02, 3.80371155e+02,
    1.81737183e+02, 3.71983978e+02, 2.00072876e+02, 3.64242218e+02,
    2.18002228e+02, 3.56439240e+02, 1.50457169e+02, 4.06369446e+02,
    1.69351379e+02, 3.97595551e+02, 1.88125809e+02, 3.89503235e+02,
    2.06361847e+02, 3.81082245e+02, 2.24182343e+02, 3.73408813e+02,
    1.57136948e+02, 4.23358826e+02, 1.75529221e+02, 4.14813843e+02,
    1.94099121e+02, 4.06379089e+02, 2.12162842e+02, 3.98071045e+02,
    2.29936676e+02, 3.89799286e+02 ]
CalibrationFramePatternWorld: [ 0., 0., 0., 0., 4.43000011e-02, 0., 0.,
    8.86000022e-02, 0., 0., 1.32900000e-01, 0., 0., 1.77200004e-01, 0.,
    4.43000011e-02, 0., 0., 4.43000011e-02, 4.43000011e-02, 0.,
    4.43000011e-02, 8.86000022e-02, 0., 4.43000011e-02, 1.32900000e-01,
    0., 4.43000011e-02, 1.77200004e-01, 0., 8.86000022e-02, 0., 0.,
    8.86000022e-02, 4.43000011e-02, 0., 8.86000022e-02, 8.86000022e-02,
    0., 8.86000022e-02, 1.32900000e-01, 0., 8.86000022e-02,
    1.77200004e-01, 0., 1.32900000e-01, 0., 0., 1.32900000e-01,
    4.43000011e-02, 0., 1.32900000e-01, 8.86000022e-02, 0.,
    1.32900000e-01, 1.32900000e-01, 0., 1.32900000e-01, 1.77200004e-01,
    0. ]
CalibrationFrameExtRotation: !!opencv-matrix
   rows: 3
   cols: 1
   dt: d
   data: [ 2.3406750499755224e+00, 1.6713414190571383e+00,
       5.6523983292530622e-01 ]
CalibrationFrameExtTranslation: !!opencv-matrix
   rows: 3
   cols: 1
   dt: d
   data: [ -4.2640844934824146e-01, 2.6105616854950381e-01,
       1.2995853032925737e+00 ]
CalibrationFrameRMSerror: 1.8688148260116577e-01
