%YAML:1.0
---
CalibrationFramePatternImage: [ 4.79985016e+02, 3.55907196e+02,
    4.98482483e+02, 3.46709717e+02, 5.16830200e+02, 3.37399994e+02,
    5.35095520e+02, 3.28368652e+02, 554., 3.19402069e+02, 4.88513672e+02,
    3.72984711e+02, 5.06940216e+02, 3.63992920e+02, 5.25024841e+02,
    3.54537262e+02, 5.43220154e+02, 3.45294922e+02, 5.61906250e+02,
    3.36171875e+02, 4.96880341e+02, 3.89509613e+02, 5.14995728e+02,
    3.80478180e+02, 5.33334412e+02, 3.71470184e+02, 5.51487000e+02,
    3.62202393e+02, 5.69515747e+02, 3.53066040e+02, 5.04658752e+02,
    4.05758179e+02, 5.22791809e+02, 3.96779633e+02, 5.40988037e+02,
    3.87712280e+02, 5.59087097e+02, 3.78772034e+02, 5.77614624e+02,
    3.69693237e+02 ]
CalibrationFramePatternWorld: [ 0., 0., 0., 0., 4.43000011e-02, 0., 0.,
    8.86000022e-02, 0., 0., 1.32900000e-01, 0., 0., 1.77200004e-01, 0.,
    4.43000011e-02, 0., 0., 4.43000011e-02, 4.43000011e-02, 0.,
    4.43000011e-02, 8.86000022e-02, 0., 4.43000011e-02, 1.32900000e-01,
    0., 4.43000011e-02, 1.77200004e-01, 0., 8.86000022e-02, 0., 0.,
    8.86000022e-02, 4.43000011e-02, 0., 8.86000022e-02, 8.86000022e-02,
    0., 8.86000022e-02, 1.32900000e-01, 0., 8.86000022e-02,
    1.77200004e-01, 0., 1.32900000e-01, 0., 0., 1.32900000e-01,
    4.43000011e-02, 0., 1.32900000e-01, 8.86000022e-02, 0.,
    1.32900000e-01, 1.32900000e-01, 0., 1.32900000e-01, 1.77200004e-01,
    0. ]
CalibrationFrameExtRotation: !!opencv-matrix
   rows: 3
   cols: 1
   dt: d
   data: [ -2.5527107173864514e+00, -1.5331946943778290e+00,
       -2.0456826834687228e-01 ]
CalibrationFrameExtTranslation: !!opencv-matrix
   rows: 3
   cols: 1
   dt: d
   data: [ 3.2812146568510919e-01, 2.2209039070813205e-01,
       1.2555013169358147e+00 ]
CalibrationFrameRMSerror: 2.0686376094818115e-01
