%YAML:1.0
---
CalibrationFramePatternImage: [ 2.74101593e+02, 1.06661728e+02,
    2.99486389e+02, 9.97988434e+01, 3.23926422e+02, 9.29943390e+01,
    3.47461395e+02, 8.65405426e+01, 3.70131378e+02, 8.03222198e+01,
    2.78795837e+02, 1.34754166e+02, 3.03481415e+02, 1.27412636e+02,
    3.27103546e+02, 1.20139610e+02, 3.49628784e+02, 1.13144562e+02,
    3.71978149e+02, 1.06842140e+02, 2.82403839e+02, 1.61115387e+02,
    3.06500000e+02, 1.53500000e+02, 3.29987549e+02, 1.45964737e+02,
    3.52412933e+02, 1.38810272e+02, 3.73941681e+02, 1.31910950e+02,
    2.85380646e+02, 1.86074081e+02, 3.09116425e+02, 1.78127258e+02,
    3.31770111e+02, 1.70521072e+02, 3.54239471e+02, 1.63266983e+02,
    3.75317993e+02, 1.56259888e+02 ]
CalibrationFramePatternWorld: [ 0., 0., 0., 0., 4.43000011e-02, 0., 0.,
    8.86000022e-02, 0., 0., 1.32900000e-01, 0., 0., 1.77200004e-01, 0.,
    4.43000011e-02, 0., 0., 4.43000011e-02, 4.43000011e-02, 0.,
    4.43000011e-02, 8.86000022e-02, 0., 4.43000011e-02, 1.32900000e-01,
    0., 4.43000011e-02, 1.77200004e-01, 0., 8.86000022e-02, 0., 0.,
    8.86000022e-02, 4.43000011e-02, 0., 8.86000022e-02, 8.86000022e-02,
    0., 8.86000022e-02, 1.32900000e-01, 0., 8.86000022e-02,
    1.77200004e-01, 0., 1.32900000e-01, 0., 0., 1.32900000e-01,
    4.43000011e-02, 0., 1.32900000e-01, 8.86000022e-02, 0.,
    1.32900000e-01, 1.32900000e-01, 0., 1.32900000e-01, 1.77200004e-01,
    0. ]
CalibrationFrameExtRotation: !!opencv-matrix
   rows: 3
   cols: 1
   dt: d
   data: [ 2.3318429836977543e+00, 1.7981487418315865e+00,
       1.1176761458850775e+00 ]
CalibrationFrameExtTranslation: !!opencv-matrix
   rows: 3
   cols: 1
   dt: d
   data: [ -8.2166219251935443e-02, -2.2279376069412041e-01,
       8.7075779986995627e-01 ]
CalibrationFrameRMSerror: 3.6117407679557800e-01
