%YAML:1.0
---
CalibrationFramePatternImage: [ 3.14396332e+02, 2.16485687e+02,
    3.32510895e+02, 2.15678116e+02, 3.50690399e+02, 2.15194351e+02,
    3.68775452e+02, 2.14446762e+02, 3.86917572e+02, 2.13790924e+02,
    3.14667816e+02, 2.34756638e+02, 3.33247101e+02, 2.33798370e+02,
    3.51349579e+02, 2.33279907e+02, 3.69458344e+02, 2.32565979e+02,
    3.87524658e+02, 2.31882065e+02, 3.15530609e+02, 2.53226761e+02,
    3.33775299e+02, 2.52081482e+02, 3.52154205e+02, 2.51378418e+02,
    3.70310516e+02, 2.50578766e+02, 3.88416351e+02, 2.49947052e+02,
    3.16345795e+02, 2.71410431e+02, 3.34606171e+02, 2.70458893e+02,
    3.52619049e+02, 2.69557831e+02, 3.70739075e+02, 2.68749420e+02,
    3.88758423e+02, 2.68111511e+02 ]
CalibrationFramePatternWorld: [ 0., 0., 0., 0., 4.43000011e-02, 0., 0.,
    8.86000022e-02, 0., 0., 1.32900000e-01, 0., 0., 1.77200004e-01, 0.,
    4.43000011e-02, 0., 0., 4.43000011e-02, 4.43000011e-02, 0.,
    4.43000011e-02, 8.86000022e-02, 0., 4.43000011e-02, 1.32900000e-01,
    0., 4.43000011e-02, 1.77200004e-01, 0., 8.86000022e-02, 0., 0.,
    8.86000022e-02, 4.43000011e-02, 0., 8.86000022e-02, 8.86000022e-02,
    0., 8.86000022e-02, 1.32900000e-01, 0., 8.86000022e-02,
    1.77200004e-01, 0., 1.32900000e-01, 0., 0., 1.32900000e-01,
    4.43000011e-02, 0., 1.32900000e-01, 8.86000022e-02, 0.,
    1.32900000e-01, 1.32900000e-01, 0., 1.32900000e-01, 1.77200004e-01,
    0. ]
CalibrationFrameExtRotation: !!opencv-matrix
   rows: 3
   cols: 1
   dt: d
   data: [ 2.2452329250828127e+00, 2.1553924007033687e+00,
       1.4196849659288774e-01 ]
CalibrationFrameExtTranslation: !!opencv-matrix
   rows: 3
   cols: 1
   dt: d
   data: [ -3.5430016368369850e-02, -9.0755628139656291e-02,
       1.3900647664360783e+00 ]
CalibrationFrameRMSerror: 1.5632727742195129e-01
