%YAML:1.0
---
CalibrationFramePatternImage: [ 5.05757843e+02, 3.39035461e+02,
    5.24845703e+02, 3.46209686e+02, 5.44583069e+02, 3.53289642e+02,
    5.64721008e+02, 3.61070648e+02, 5.85879028e+02, 3.68966919e+02,
    5.00248444e+02, 3.56931671e+02, 5.19110413e+02, 3.64400421e+02,
    5.38973389e+02, 3.71887573e+02, 5.59020020e+02, 3.79903473e+02,
    5.79907410e+02, 3.88007935e+02, 4.94952240e+02, 3.74564758e+02,
    5.13924988e+02, 3.82402069e+02, 5.33126709e+02, 3.89976593e+02,
    5.53261658e+02, 3.98160156e+02, 5.73857788e+02, 4.06635559e+02,
    4.90239319e+02, 3.92185883e+02, 5.08523071e+02, 3.99937103e+02,
    5.27641663e+02, 4.07949951e+02, 5.47488525e+02, 4.16299805e+02,
    5.67723572e+02, 4.25001831e+02 ]
CalibrationFramePatternWorld: [ 0., 0., 0., 0., 4.43000011e-02, 0., 0.,
    8.86000022e-02, 0., 0., 1.32900000e-01, 0., 0., 1.77200004e-01, 0.,
    4.43000011e-02, 0., 0., 4.43000011e-02, 4.43000011e-02, 0.,
    4.43000011e-02, 8.86000022e-02, 0., 4.43000011e-02, 1.32900000e-01,
    0., 4.43000011e-02, 1.77200004e-01, 0., 8.86000022e-02, 0., 0.,
    8.86000022e-02, 4.43000011e-02, 0., 8.86000022e-02, 8.86000022e-02,
    0., 8.86000022e-02, 1.32900000e-01, 0., 8.86000022e-02,
    1.77200004e-01, 0., 1.32900000e-01, 0., 0., 1.32900000e-01,
    4.43000011e-02, 0., 1.32900000e-01, 8.86000022e-02, 0.,
    1.32900000e-01, 1.32900000e-01, 0., 1.32900000e-01, 1.77200004e-01,
    0. ]
CalibrationFrameExtRotation: !!opencv-matrix
   rows: 3
   cols: 1
   dt: d
   data: [ -1.5885358682902095e+00, -2.0951085586981204e+00,
       3.9925347865652888e-01 ]
CalibrationFrameExtTranslation: !!opencv-matrix
   rows: 3
   cols: 1
   dt: d
   data: [ 4.0299494068644676e-01, 1.9433730240405092e-01,
       1.3185870326247167e+00 ]
CalibrationFrameRMSerror: 1.5244437754154205e-01
