%YAML:1.0
---
CalibrationFramePatternImage: [ 7.68110199e+01, 1.99895660e+02,
    1.41520844e+02, 2.10109787e+02, 2.04948746e+02, 2.20049713e+02,
    2.67196594e+02, 2.30014969e+02, 3.28457153e+02, 2.39894775e+02,
    6.40588837e+01, 2.62869507e+02, 1.29134262e+02, 2.72481262e+02,
    1.93240677e+02, 2.82050476e+02, 2.56001984e+02, 2.91364563e+02,
    3.17369843e+02, 3.00655151e+02, 5.27196503e+01, 3.25496582e+02,
    1.17698952e+02, 3.34875427e+02, 1.81761917e+02, 3.43993317e+02,
    2.44533020e+02, 3.52787964e+02, 3.05937225e+02, 3.61095123e+02,
    4.12592506e+01, 3.88017181e+02, 1.06316742e+02, 3.96876434e+02,
    1.70172256e+02, 4.05188873e+02, 2.32878159e+02, 4.13787964e+02,
    2.94617523e+02, 4.21710663e+02 ]
CalibrationFramePatternWorld: [ 0., 0., 0., 0., 4.43000011e-02, 0., 0.,
    8.86000022e-02, 0., 0., 1.32900000e-01, 0., 0., 1.77200004e-01, 0.,
    4.43000011e-02, 0., 0., 4.43000011e-02, 4.43000011e-02, 0.,
    4.43000011e-02, 8.86000022e-02, 0., 4.43000011e-02, 1.32900000e-01,
    0., 4.43000011e-02, 1.77200004e-01, 0., 8.86000022e-02, 0., 0.,
    8.86000022e-02, 4.43000011e-02, 0., 8.86000022e-02, 8.86000022e-02,
    0., 8.86000022e-02, 1.32900000e-01, 0., 8.86000022e-02,
    1.77200004e-01, 0., 1.32900000e-01, 0., 0., 1.32900000e-01,
    4.43000011e-02, 0., 1.32900000e-01, 8.86000022e-02, 0.,
    1.32900000e-01, 1.32900000e-01, 0., 1.32900000e-01, 1.77200004e-01,
    0. ]
CalibrationFrameExtRotation: !!opencv-matrix
   rows: 3
   cols: 1
   dt: d
   data: [ 1.9782393636144084e+00, 2.3354776000449546e+00,
       6.7753068158608126e-02 ]
CalibrationFrameExtTranslation: !!opencv-matrix
   rows: 3
   cols: 1
   dt: d
   data: [ -1.7582268894933520e-01, -3.8656976228607150e-02,
       4.0647984017195432e-01 ]
CalibrationFrameRMSerror: 1.0972497463226318e+00
