%YAML:1.0
---
CalibrationFramePatternImage: [ 3.27194275e+02, 3.58522278e+02,
    3.45844727e+02, 3.63084900e+02, 3.64348114e+02, 3.67847046e+02,
    3.82664612e+02, 3.72499481e+02, 4.01226349e+02, 3.77033936e+02,
    3.22650696e+02, 3.77516510e+02, 3.41433533e+02, 3.82224670e+02,
    3.59830750e+02, 3.86863953e+02, 3.78516296e+02, 3.91818085e+02,
    3.97352631e+02, 3.96420746e+02, 3.17977264e+02, 3.96966370e+02,
    3.36888214e+02, 4.01678650e+02, 3.55579376e+02, 4.06244995e+02,
    3.74481262e+02, 4.11014191e+02, 3.93064697e+02, 4.15923523e+02,
    3.13302032e+02, 4.16457581e+02, 3.32066467e+02, 4.21423279e+02,
    3.50926880e+02, 4.26119659e+02, 3.70099426e+02, 4.30961975e+02,
    3.89037781e+02, 4.35643066e+02 ]
CalibrationFramePatternWorld: [ 0., 0., 0., 0., 4.43000011e-02, 0., 0.,
    8.86000022e-02, 0., 0., 1.32900000e-01, 0., 0., 1.77200004e-01, 0.,
    4.43000011e-02, 0., 0., 4.43000011e-02, 4.43000011e-02, 0.,
    4.43000011e-02, 8.86000022e-02, 0., 4.43000011e-02, 1.32900000e-01,
    0., 4.43000011e-02, 1.77200004e-01, 0., 8.86000022e-02, 0., 0.,
    8.86000022e-02, 4.43000011e-02, 0., 8.86000022e-02, 8.86000022e-02,
    0., 8.86000022e-02, 1.32900000e-01, 0., 8.86000022e-02,
    1.77200004e-01, 0., 1.32900000e-01, 0., 0., 1.32900000e-01,
    4.43000011e-02, 0., 1.32900000e-01, 8.86000022e-02, 0.,
    1.32900000e-01, 1.32900000e-01, 0., 1.32900000e-01, 1.77200004e-01,
    0. ]
CalibrationFrameExtRotation: !!opencv-matrix
   rows: 3
   cols: 1
   dt: d
   data: [ 1.7932266562825592e+00, 2.3095317893343972e+00,
       -2.0092986694197557e-01 ]
CalibrationFrameExtTranslation: !!opencv-matrix
   rows: 3
   cols: 1
   dt: d
   data: [ -3.4252430142066967e-03, 2.4286849405762168e-01,
       1.3411983310509867e+00 ]
CalibrationFrameRMSerror: 1.4083029329776764e-01
