%YAML:1.0
---
CalibrationFramePatternImage: [ 3.89408844e+02, 1.99781021e+02,
    4.07776276e+02, 2.03530197e+02, 4.26527863e+02, 2.07311722e+02,
    4.45074310e+02, 2.11144257e+02, 4.63796906e+02, 2.14632446e+02,
    3.85087250e+02, 2.18123047e+02, 4.03588715e+02, 2.21656494e+02,
    4.21902771e+02, 2.24938660e+02, 4.40465515e+02, 2.28665512e+02,
    4.58582184e+02, 2.32606171e+02, 3.80586792e+02, 2.35763885e+02,
    3.99144989e+02, 2.39517120e+02, 4.17525360e+02, 2.43039856e+02,
    4.35693573e+02, 2.46612869e+02, 4.54250610e+02, 2.50061157e+02,
    3.76631958e+02, 2.53468750e+02, 3.94677277e+02, 2.56956421e+02,
    4.12777374e+02, 2.60500000e+02, 4.31361206e+02, 2.64064240e+02,
    4.49552277e+02, 2.67728180e+02 ]
CalibrationFramePatternWorld: [ 0., 0., 0., 0., 4.43000011e-02, 0., 0.,
    8.86000022e-02, 0., 0., 1.32900000e-01, 0., 0., 1.77200004e-01, 0.,
    4.43000011e-02, 0., 0., 4.43000011e-02, 4.43000011e-02, 0.,
    4.43000011e-02, 8.86000022e-02, 0., 4.43000011e-02, 1.32900000e-01,
    0., 4.43000011e-02, 1.77200004e-01, 0., 8.86000022e-02, 0., 0.,
    8.86000022e-02, 4.43000011e-02, 0., 8.86000022e-02, 8.86000022e-02,
    0., 8.86000022e-02, 1.32900000e-01, 0., 8.86000022e-02,
    1.77200004e-01, 0., 1.32900000e-01, 0., 0., 1.32900000e-01,
    4.43000011e-02, 0., 1.32900000e-01, 8.86000022e-02, 0.,
    1.32900000e-01, 1.32900000e-01, 0., 1.32900000e-01, 1.77200004e-01,
    0. ]
CalibrationFrameExtRotation: !!opencv-matrix
   rows: 3
   cols: 1
   dt: d
   data: [ -1.8505843404014877e+00, -2.2574439637985502e+00,
       -3.2080517286496052e-01 ]
CalibrationFrameExtTranslation: !!opencv-matrix
   rows: 3
   cols: 1
   dt: d
   data: [ 1.3903374180111464e-01, -1.2582160565397976e-01,
       1.3330558395416479e+00 ]
CalibrationFrameRMSerror: 2.1407665312290192e-01
