%YAML:1.0
---
CalibrationFramePatternImage: [ 1.53271683e+02, 3.41222046e+02,
    1.81786560e+02, 3.32480652e+02, 2.09481812e+02, 3.24320435e+02,
    2.36514191e+02, 3.16258850e+02, 2.63085693e+02, 3.08550964e+02,
    1.60648926e+02, 3.67017761e+02, 1.88517090e+02, 3.58777588e+02,
    2.15891586e+02, 3.50143585e+02, 2.42901077e+02, 3.41925659e+02,
    2.68968170e+02, 3.33735962e+02, 1.67515411e+02, 3.92056519e+02,
    1.95211258e+02, 3.83537994e+02, 2.22418472e+02, 3.75132233e+02,
    2.48940323e+02, 3.66614594e+02, 2.74875000e+02, 3.58449371e+02,
    1.74438156e+02, 4.16111298e+02, 2.01880600e+02, 4.07608215e+02,
    2.28552170e+02, 3.99163483e+02, 2.54838226e+02, 3.90744934e+02,
    2.80187469e+02, 3.82567657e+02 ]
CalibrationFramePatternWorld: [ 0., 0., 0., 0., 4.43000011e-02, 0., 0.,
    8.86000022e-02, 0., 0., 1.32900000e-01, 0., 0., 1.77200004e-01, 0.,
    4.43000011e-02, 0., 0., 4.43000011e-02, 4.43000011e-02, 0.,
    4.43000011e-02, 8.86000022e-02, 0., 4.43000011e-02, 1.32900000e-01,
    0., 4.43000011e-02, 1.77200004e-01, 0., 8.86000022e-02, 0., 0.,
    8.86000022e-02, 4.43000011e-02, 0., 8.86000022e-02, 8.86000022e-02,
    0., 8.86000022e-02, 1.32900000e-01, 0., 8.86000022e-02,
    1.77200004e-01, 0., 1.32900000e-01, 0., 0., 1.32900000e-01,
    4.43000011e-02, 0., 1.32900000e-01, 8.86000022e-02, 0.,
    1.32900000e-01, 1.32900000e-01, 0., 1.32900000e-01, 1.77200004e-01,
    0. ]
CalibrationFrameExtRotation: !!opencv-matrix
   rows: 3
   cols: 1
   dt: d
   data: [ -2.4796241583573182e+00, -1.9600303375554975e+00,
       -5.4663431938335427e-01 ]
CalibrationFrameExtTranslation: !!opencv-matrix
   rows: 3
   cols: 1
   dt: d
   data: [ -2.7312843071396481e-01, 1.3572874233847629e-01,
       9.0727346424407584e-01 ]
CalibrationFrameRMSerror: 3.7360349297523499e-01
