%YAML:1.0
---
CalibrationFramePatternImage: [ 4.62673523e+02, 1.98111160e+02,
    4.94261047e+02, 2.04924255e+02, 5.26660339e+02, 2.12096664e+02,
    5.60514709e+02, 2.19607086e+02, 5.95466431e+02, 2.27741104e+02,
    4.55474396e+02, 2.28016571e+02, 4.86724823e+02, 2.35510422e+02,
    5.18831726e+02, 2.43189453e+02, 5.52165039e+02, 2.51128296e+02,
    5.86460266e+02, 2.59585663e+02, 4.48542938e+02, 2.57046661e+02,
    4.79280273e+02, 2.65145935e+02, 5.10843079e+02, 2.73436493e+02,
    5.43585083e+02, 2.82033630e+02, 5.77391052e+02, 2.90912628e+02,
    4.41563568e+02, 2.85915070e+02, 4.71631042e+02, 2.94166443e+02,
    5.02659332e+02, 3.02983521e+02, 5.34908630e+02, 3.12302887e+02,
    5.68046204e+02, 3.21689575e+02 ]
CalibrationFramePatternWorld: [ 0., 0., 0., 0., 4.43000011e-02, 0., 0.,
    8.86000022e-02, 0., 0., 1.32900000e-01, 0., 0., 1.77200004e-01, 0.,
    4.43000011e-02, 0., 0., 4.43000011e-02, 4.43000011e-02, 0.,
    4.43000011e-02, 8.86000022e-02, 0., 4.43000011e-02, 1.32900000e-01,
    0., 4.43000011e-02, 1.77200004e-01, 0., 8.86000022e-02, 0., 0.,
    8.86000022e-02, 4.43000011e-02, 0., 8.86000022e-02, 8.86000022e-02,
    0., 8.86000022e-02, 1.32900000e-01, 0., 8.86000022e-02,
    1.77200004e-01, 0., 1.32900000e-01, 0., 0., 1.32900000e-01,
    4.43000011e-02, 0., 1.32900000e-01, 8.86000022e-02, 0.,
    1.32900000e-01, 1.32900000e-01, 0., 1.32900000e-01, 1.77200004e-01,
    0. ]
CalibrationFrameExtRotation: !!opencv-matrix
   rows: 3
   cols: 1
   dt: d
   data: [ -1.6999768508198156e+00, -2.1379383530496812e+00,
       1.6898778713668366e-01 ]
CalibrationFrameExtTranslation: !!opencv-matrix
   rows: 3
   cols: 1
   dt: d
   data: [ 1.8905315700302444e-01, -7.9936005268908122e-02,
       8.1523000521448485e-01 ]
CalibrationFrameRMSerror: 2.4302588403224945e-01
