%YAML:1.0
---
CalibrationFramePatternImage: [ 2.20290619e+02, 3.77956238e+02,
    2.38577438e+02, 3.76050262e+02, 2.57444794e+02, 3.73897736e+02,
    2.76248047e+02, 3.71418610e+02, 2.95442200e+02, 3.69355499e+02,
    2.21347519e+02, 3.98087128e+02, 2.39657623e+02, 3.96209839e+02,
    2.58979279e+02, 3.94029572e+02, 2.78016235e+02, 3.91983765e+02,
    2.97092163e+02, 3.89887268e+02, 2.22520828e+02, 4.18625000e+02,
    2.41418671e+02, 4.16548187e+02, 2.60465118e+02, 4.14677338e+02,
    2.79801331e+02, 4.12762726e+02, 2.99127258e+02, 4.10665710e+02,
    2.24377579e+02, 4.39081604e+02, 2.42987518e+02, 4.37341003e+02,
    2.62413788e+02, 4.35594818e+02, 2.81515076e+02, 4.33733734e+02,
    3.01132446e+02, 4.32064850e+02 ]
CalibrationFramePatternWorld: [ 0., 0., 0., 0., 4.43000011e-02, 0., 0.,
    8.86000022e-02, 0., 0., 1.32900000e-01, 0., 0., 1.77200004e-01, 0.,
    4.43000011e-02, 0., 0., 4.43000011e-02, 4.43000011e-02, 0.,
    4.43000011e-02, 8.86000022e-02, 0., 4.43000011e-02, 1.32900000e-01,
    0., 4.43000011e-02, 1.77200004e-01, 0., 8.86000022e-02, 0., 0.,
    8.86000022e-02, 4.43000011e-02, 0., 8.86000022e-02, 8.86000022e-02,
    0., 8.86000022e-02, 1.32900000e-01, 0., 8.86000022e-02,
    1.77200004e-01, 0., 1.32900000e-01, 0., 0., 1.32900000e-01,
    4.43000011e-02, 0., 1.32900000e-01, 8.86000022e-02, 0.,
    1.32900000e-01, 1.32900000e-01, 0., 1.32900000e-01, 1.77200004e-01,
    0. ]
CalibrationFrameExtRotation: !!opencv-matrix
   rows: 3
   cols: 1
   dt: d
   data: [ -2.3186421677762525e+00, -2.0325553617132277e+00,
       4.4179538462008189e-01 ]
CalibrationFrameExtTranslation: !!opencv-matrix
   rows: 3
   cols: 1
   dt: d
   data: [ -2.4476778854872064e-01, 2.8128658985943572e-01,
       1.3135955402719308e+00 ]
CalibrationFrameRMSerror: 1.7801290750503540e-01
