%YAML:1.0
---
CalibrationFramePatternImage: [ 4.27683746e+02, 4.89166679e+01,
    4.46127350e+02, 5.25669975e+01, 4.64329956e+02, 5.64256744e+01,
    4.82289612e+02, 6.00808754e+01, 5.00317352e+02, 6.39723091e+01,
    4.23876587e+02, 6.77299576e+01, 4.42046173e+02, 7.14650879e+01,
    4.59784393e+02, 7.50451050e+01, 4.77644287e+02, 7.89295273e+01,
    4.95621765e+02, 8.25230103e+01, 4.19586365e+02, 8.64664459e+01,
    4.37573639e+02, 8.99656677e+01, 4.55535187e+02, 9.36424484e+01,
    4.73422058e+02, 9.73902130e+01, 4.91204529e+02, 1.00862144e+02,
    4.15523010e+02, 1.04695847e+02, 4.33379852e+02, 1.08563675e+02,
    4.51267822e+02, 1.12333336e+02, 4.69155334e+02, 1.15554420e+02,
    4.86696442e+02, 1.19262314e+02 ]
CalibrationFramePatternWorld: [ 0., 0., 0., 0., 4.43000011e-02, 0., 0.,
    8.86000022e-02, 0., 0., 1.32900000e-01, 0., 0., 1.77200004e-01, 0.,
    4.43000011e-02, 0., 0., 4.43000011e-02, 4.43000011e-02, 0.,
    4.43000011e-02, 8.86000022e-02, 0., 4.43000011e-02, 1.32900000e-01,
    0., 4.43000011e-02, 1.77200004e-01, 0., 8.86000022e-02, 0., 0.,
    8.86000022e-02, 4.43000011e-02, 0., 8.86000022e-02, 8.86000022e-02,
    0., 8.86000022e-02, 1.32900000e-01, 0., 8.86000022e-02,
    1.77200004e-01, 0., 1.32900000e-01, 0., 0., 1.32900000e-01,
    4.43000011e-02, 0., 1.32900000e-01, 8.86000022e-02, 0.,
    1.32900000e-01, 1.32900000e-01, 0., 1.32900000e-01, 1.77200004e-01,
    0. ]
CalibrationFrameExtRotation: !!opencv-matrix
   rows: 3
   cols: 1
   dt: d
   data: [ -1.8897308994671802e+00, -2.3058717429648681e+00,
       -2.0687869316229146e-01 ]
CalibrationFrameExtTranslation: !!opencv-matrix
   rows: 3
   cols: 1
   dt: d
   data: [ 2.3721643325164760e-01, -4.9268596017477279e-01,
       1.3782837005364199e+00 ]
CalibrationFrameRMSerror: 1.5335768461227417e-01
