%YAML:1.0
---
CalibrationFramePatternImage: [ 5.01376556e+02, 8.05585861e+01,
    5.20458191e+02, 8.07342529e+01, 5.39091980e+02, 8.10974045e+01,
    5.58121033e+02, 8.14037399e+01, 5.77577271e+02, 8.13874207e+01,
    5.00707214e+02, 9.85709457e+01, 5.19922302e+02, 9.87612610e+01,
    5.38764221e+02, 9.91242752e+01, 5.57555542e+02, 9.94557800e+01,
    5.77183350e+02, 9.97166672e+01, 5.00401123e+02, 1.16517517e+02,
    5.18955200e+02, 1.16986206e+02, 5.38435059e+02, 1.17326553e+02,
    5.57219971e+02, 1.17686668e+02, 5.76490234e+02, 1.18132034e+02,
    4.99513184e+02, 1.34658646e+02, 5.18422791e+02, 1.35182327e+02,
    5.37230835e+02, 1.35523651e+02, 5.56540283e+02, 1.36287476e+02,
    5.75940735e+02, 1.36394714e+02 ]
CalibrationFramePatternWorld: [ 0., 0., 0., 0., 4.43000011e-02, 0., 0.,
    8.86000022e-02, 0., 0., 1.32900000e-01, 0., 0., 1.77200004e-01, 0.,
    4.43000011e-02, 0., 0., 4.43000011e-02, 4.43000011e-02, 0.,
    4.43000011e-02, 8.86000022e-02, 0., 4.43000011e-02, 1.32900000e-01,
    0., 4.43000011e-02, 1.77200004e-01, 0., 8.86000022e-02, 0., 0.,
    8.86000022e-02, 4.43000011e-02, 0., 8.86000022e-02, 8.86000022e-02,
    0., 8.86000022e-02, 1.32900000e-01, 0., 8.86000022e-02,
    1.77200004e-01, 0., 1.32900000e-01, 0., 0., 1.32900000e-01,
    4.43000011e-02, 0., 1.32900000e-01, 8.86000022e-02, 0.,
    1.32900000e-01, 1.32900000e-01, 0., 1.32900000e-01, 1.77200004e-01,
    0. ]
CalibrationFrameExtRotation: !!opencv-matrix
   rows: 3
   cols: 1
   dt: d
   data: [ -2.1201660669447167e+00, -2.2211362520211724e+00,
       1.6815019347218557e-01 ]
CalibrationFrameExtTranslation: !!opencv-matrix
   rows: 3
   cols: 1
   dt: d
   data: [ 4.1758004681368099e-01, -4.2177707544871945e-01,
       1.3932186389257029e+00 ]
CalibrationFrameRMSerror: 1.8899273872375488e-01
