%YAML:1.0
---
CalibrationFramePatternImage: [ 2.14147858e+02, 1.40959885e+02,
    2.73631775e+02, 1.48718338e+02, 3.34397919e+02, 1.56470337e+02,
    3.96443451e+02, 1.64398987e+02, 4.60300690e+02, 1.72323349e+02,
    2.01641815e+02, 1.98966492e+02, 2.62097107e+02, 2.07498367e+02,
    3.24154633e+02, 2.16643219e+02, 3.87278015e+02, 2.25811737e+02,
    4.52151611e+02, 2.35028992e+02, 1.89481552e+02, 2.59596954e+02,
    2.50604599e+02, 2.69241364e+02, 3.13216736e+02, 2.79011902e+02,
    3.77245300e+02, 2.89411896e+02, 4.42622375e+02, 3.00004242e+02,
    1.77041031e+02, 3.22409546e+02, 2.38704666e+02, 3.33045013e+02,
    3.01829865e+02, 3.44068726e+02, 3.66465179e+02, 3.55508209e+02,
    4.32671783e+02, 3.67288208e+02 ]
CalibrationFramePatternWorld: [ 0., 0., 0., 0., 4.43000011e-02, 0., 0.,
    8.86000022e-02, 0., 0., 1.32900000e-01, 0., 0., 1.77200004e-01, 0.,
    4.43000011e-02, 0., 0., 4.43000011e-02, 4.43000011e-02, 0.,
    4.43000011e-02, 8.86000022e-02, 0., 4.43000011e-02, 1.32900000e-01,
    0., 4.43000011e-02, 1.77200004e-01, 0., 8.86000022e-02, 0., 0.,
    8.86000022e-02, 4.43000011e-02, 0., 8.86000022e-02, 8.86000022e-02,
    0., 8.86000022e-02, 1.32900000e-01, 0., 8.86000022e-02,
    1.77200004e-01, 0., 1.32900000e-01, 0., 0., 1.32900000e-01,
    4.43000011e-02, 0., 1.32900000e-01, 8.86000022e-02, 0.,
    1.32900000e-01, 1.32900000e-01, 0., 1.32900000e-01, 1.77200004e-01,
    0. ]
CalibrationFrameExtRotation: !!opencv-matrix
   rows: 3
   cols: 1
   dt: d
   data: [ 2.0239220416833126e+00, 2.3778490895509008e+00,
       -2.9140986641845801e-01 ]
CalibrationFrameExtTranslation: !!opencv-matrix
   rows: 3
   cols: 1
   dt: d
   data: [ -8.2899055145731246e-02, -8.2528911169495289e-02,
       4.1981382633240466e-01 ]
CalibrationFrameRMSerror: 4.9123767018318176e-01
