%YAML:1.0
---
CalibrationFramePatternImage: [ 2.77276367e+02, 1.82537212e+01,
    3.01716675e+02, 1.82135811e+01, 3.26886688e+02, 1.83676910e+01,
    3.52230072e+02, 1.82612152e+01, 3.78441589e+02, 1.81447296e+01,
    2.76634155e+02, 4.47762909e+01, 3.00702301e+02, 4.51450386e+01,
    3.25647217e+02, 4.54306564e+01, 3.51000610e+02, 4.58852844e+01,
    3.76979248e+02, 4.63350639e+01, 2.76341949e+02, 7.10510254e+01,
    3.00138458e+02, 7.16699448e+01, 3.24572693e+02, 7.21479340e+01,
    3.49864349e+02, 7.28661804e+01, 3.75551971e+02, 7.35698929e+01,
    2.76190857e+02, 9.68001404e+01, 2.99992004e+02, 9.77910843e+01,
    3.24163147e+02, 9.86154861e+01, 3.48641327e+02, 9.97256012e+01,
    3.74019379e+02, 1.00515846e+02 ]
CalibrationFramePatternWorld: [ 0., 0., 0., 0., 4.43000011e-02, 0., 0.,
    8.86000022e-02, 0., 0., 1.32900000e-01, 0., 0., 1.77200004e-01, 0.,
    4.43000011e-02, 0., 0., 4.43000011e-02, 4.43000011e-02, 0.,
    4.43000011e-02, 8.86000022e-02, 0., 4.43000011e-02, 1.32900000e-01,
    0., 4.43000011e-02, 1.77200004e-01, 0., 8.86000022e-02, 0., 0.,
    8.86000022e-02, 4.43000011e-02, 0., 8.86000022e-02, 8.86000022e-02,
    0., 8.86000022e-02, 1.32900000e-01, 0., 8.86000022e-02,
    1.77200004e-01, 0., 1.32900000e-01, 0., 0., 1.32900000e-01,
    4.43000011e-02, 0., 1.32900000e-01, 8.86000022e-02, 0.,
    1.32900000e-01, 1.32900000e-01, 0., 1.32900000e-01, 1.77200004e-01,
    0. ]
CalibrationFrameExtRotation: !!opencv-matrix
   rows: 3
   cols: 1
   dt: d
   data: [ -1.9136509006366562e+00, -2.0523553659212119e+00,
       2.4842904833865517e-02 ]
CalibrationFrameExtTranslation: !!opencv-matrix
   rows: 3
   cols: 1
   dt: d
   data: [ -8.8417382724924942e-02, -4.1086210535409551e-01,
       1.0017288584712301e+00 ]
CalibrationFrameRMSerror: 2.0938704907894135e-01
