%YAML:1.0
---
CalibrationFramePatternImage: [ 1.73894730e+02, 1.10711624e+02,
    1.92795700e+02, 1.09129036e+02, 2.11443710e+02, 1.07453552e+02,
    2.29626801e+02, 1.05643410e+02, 2.48156387e+02, 1.03747719e+02,
    1.76360001e+02, 1.28741104e+02, 1.94671204e+02, 1.27393425e+02,
    2.13413025e+02, 1.25557800e+02, 2.31984283e+02, 1.24107742e+02,
    2.50320984e+02, 1.22236809e+02, 1.78550720e+02, 1.47162766e+02,
    1.97104507e+02, 1.45393845e+02, 2.15517059e+02, 1.43517059e+02,
    2.33706619e+02, 1.42163239e+02, 2.52348221e+02, 1.40327606e+02,
    1.81211075e+02, 1.65364471e+02, 1.99482941e+02, 1.63482941e+02,
    2.17679962e+02, 1.61683273e+02, 2.36062012e+02, 1.60303436e+02,
    2.54316391e+02, 1.58477966e+02 ]
CalibrationFramePatternWorld: [ 0., 0., 0., 0., 4.43000011e-02, 0., 0.,
    8.86000022e-02, 0., 0., 1.32900000e-01, 0., 0., 1.77200004e-01, 0.,
    4.43000011e-02, 0., 0., 4.43000011e-02, 4.43000011e-02, 0.,
    4.43000011e-02, 8.86000022e-02, 0., 4.43000011e-02, 1.32900000e-01,
    0., 4.43000011e-02, 1.77200004e-01, 0., 8.86000022e-02, 0., 0.,
    8.86000022e-02, 4.43000011e-02, 0., 8.86000022e-02, 8.86000022e-02,
    0., 8.86000022e-02, 1.32900000e-01, 0., 8.86000022e-02,
    1.77200004e-01, 0., 1.32900000e-01, 0., 0., 1.32900000e-01,
    4.43000011e-02, 0., 1.32900000e-01, 8.86000022e-02, 0.,
    1.32900000e-01, 1.32900000e-01, 0., 1.32900000e-01, 1.77200004e-01,
    0. ]
CalibrationFrameExtRotation: !!opencv-matrix
   rows: 3
   cols: 1
   dt: d
   data: [ -2.3406916162007487e+00, -2.1024771554689252e+00,
       -1.3241857805407101e-01 ]
CalibrationFrameExtTranslation: !!opencv-matrix
   rows: 3
   cols: 1
   dt: d
   data: [ -3.7185509478479484e-01, -3.4827873977378609e-01,
       1.4006412984083181e+00 ]
CalibrationFrameRMSerror: 2.1918788552284241e-01
