%YAML:1.0
---
CalibrationFramePatternImage: [ 4.79801117e+02, 1.32309982e+02,
    4.98405304e+02, 1.19330849e+02, 5.17120911e+02, 1.06013954e+02,
    5.36341003e+02, 9.27409973e+01, 5.55603760e+02, 7.89947586e+01,
    4.92260498e+02, 1.50291367e+02, 5.11070374e+02, 1.37273468e+02,
    5.29978699e+02, 1.23971565e+02, 549., 1.10864967e+02, 5.68266846e+02,
    9.72071838e+01, 5.04783203e+02, 1.68049713e+02, 5.23530640e+02,
    1.55238953e+02, 5.42676819e+02, 1.41995331e+02, 5.61878479e+02,
    1.28948593e+02, 5.81067444e+02, 1.15451767e+02, 5.16981323e+02,
    1.85884018e+02, 5.35960205e+02, 1.73285248e+02, 5.55005432e+02,
    1.60198761e+02, 5.74236877e+02, 1.47175919e+02, 5.93923523e+02,
    1.33855499e+02 ]
CalibrationFramePatternWorld: [ 0., 0., 0., 0., 4.43000011e-02, 0., 0.,
    8.86000022e-02, 0., 0., 1.32900000e-01, 0., 0., 1.77200004e-01, 0.,
    4.43000011e-02, 0., 0., 4.43000011e-02, 4.43000011e-02, 0.,
    4.43000011e-02, 8.86000022e-02, 0., 4.43000011e-02, 1.32900000e-01,
    0., 4.43000011e-02, 1.77200004e-01, 0., 8.86000022e-02, 0., 0.,
    8.86000022e-02, 4.43000011e-02, 0., 8.86000022e-02, 8.86000022e-02,
    0., 8.86000022e-02, 1.32900000e-01, 0., 8.86000022e-02,
    1.77200004e-01, 0., 1.32900000e-01, 0., 0., 1.32900000e-01,
    4.43000011e-02, 0., 1.32900000e-01, 8.86000022e-02, 0.,
    1.32900000e-01, 1.32900000e-01, 0., 1.32900000e-01, 1.77200004e-01,
    0. ]
CalibrationFrameExtRotation: !!opencv-matrix
   rows: 3
   cols: 1
   dt: d
   data: [ -2.6317544529432300e+00, -1.3620298317357433e+00,
       9.2209358198026656e-02 ]
CalibrationFrameExtTranslation: !!opencv-matrix
   rows: 3
   cols: 1
   dt: d
   data: [ 3.0608417373503027e-01, -2.4799585579414354e-01,
       1.1702680952667348e+00 ]
CalibrationFrameRMSerror: 1.4344972372055054e-01
