%YAML:1.0
---
CalibrationFramePatternImage: [ 1.80906158e+02, 2.22191208e+02,
    2.14813950e+02, 2.25074265e+02, 2.47935654e+02, 2.27902145e+02,
    2.80239594e+02, 2.30542297e+02, 3.12244110e+02, 2.33481537e+02,
    1.78385971e+02, 2.53676086e+02, 2.12031616e+02, 2.56070679e+02,
    2.44823853e+02, 2.58060974e+02, 2.76822845e+02, 2.60100220e+02,
    3.08181854e+02, 2.62458954e+02, 1.76859421e+02, 2.83614471e+02,
    2.09817322e+02, 2.85620056e+02, 2.42210037e+02, 2.87535095e+02,
    2.73695801e+02, 2.89231598e+02, 3.04593109e+02, 2.90475891e+02,
    1.75274445e+02, 3.12623260e+02, 2.07744858e+02, 3.14086731e+02,
    2.39337967e+02, 3.15448547e+02, 2.70843445e+02, 3.16945679e+02,
    3.01371216e+02, 3.18103882e+02 ]
CalibrationFramePatternWorld: [ 0., 0., 0., 0., 4.43000011e-02, 0., 0.,
    8.86000022e-02, 0., 0., 1.32900000e-01, 0., 0., 1.77200004e-01, 0.,
    4.43000011e-02, 0., 0., 4.43000011e-02, 4.43000011e-02, 0.,
    4.43000011e-02, 8.86000022e-02, 0., 4.43000011e-02, 1.32900000e-01,
    0., 4.43000011e-02, 1.77200004e-01, 0., 8.86000022e-02, 0., 0.,
    8.86000022e-02, 4.43000011e-02, 0., 8.86000022e-02, 8.86000022e-02,
    0., 8.86000022e-02, 1.32900000e-01, 0., 8.86000022e-02,
    1.77200004e-01, 0., 1.32900000e-01, 0., 0., 1.32900000e-01,
    4.43000011e-02, 0., 1.32900000e-01, 8.86000022e-02, 0.,
    1.32900000e-01, 1.32900000e-01, 0., 1.32900000e-01, 1.77200004e-01,
    0. ]
CalibrationFrameExtRotation: !!opencv-matrix
   rows: 3
   cols: 1
   dt: d
   data: [ -1.9859146886844030e+00, -2.2110598715638519e+00,
       -5.6609422816523047e-01 ]
CalibrationFrameExtTranslation: !!opencv-matrix
   rows: 3
   cols: 1
   dt: d
   data: [ -1.9641763314843083e-01, -4.2040415499333413e-02,
       7.7008969208988487e-01 ]
CalibrationFrameRMSerror: 3.2326331734657288e-01
