%YAML:1.0
---
CalibrationFramePatternImage: [ 4.16985138e+02, 2.95357269e+02,
    4.38500000e+02, 2.98847778e+02, 4.60527496e+02, 3.02584991e+02,
    4.82894775e+02, 3.06408020e+02, 5.05345856e+02, 3.10242554e+02,
    4.13674591e+02, 3.16568176e+02, 4.35301361e+02, 3.20297974e+02,
    4.57169464e+02, 3.24125488e+02, 4.79470886e+02, 3.28082520e+02,
    5.02004761e+02, 3.32346832e+02, 4.10397736e+02, 3.37654480e+02,
    4.31893951e+02, 3.41535339e+02, 4.53624573e+02, 3.45619537e+02,
    4.75984985e+02, 3.49840820e+02, 4.98757294e+02, 3.54282104e+02,
    4.06943542e+02, 3.58631714e+02, 4.28325653e+02, 3.62816711e+02,
    4.50062805e+02, 3.67234314e+02, 4.72149109e+02, 3.71822174e+02,
    4.94810760e+02, 3.76255463e+02 ]
CalibrationFramePatternWorld: [ 0., 0., 0., 0., 4.43000011e-02, 0., 0.,
    8.86000022e-02, 0., 0., 1.32900000e-01, 0., 0., 1.77200004e-01, 0.,
    4.43000011e-02, 0., 0., 4.43000011e-02, 4.43000011e-02, 0.,
    4.43000011e-02, 8.86000022e-02, 0., 4.43000011e-02, 1.32900000e-01,
    0., 4.43000011e-02, 1.77200004e-01, 0., 8.86000022e-02, 0., 0.,
    8.86000022e-02, 4.43000011e-02, 0., 8.86000022e-02, 8.86000022e-02,
    0., 8.86000022e-02, 1.32900000e-01, 0., 8.86000022e-02,
    1.77200004e-01, 0., 1.32900000e-01, 0., 0., 1.32900000e-01,
    4.43000011e-02, 0., 1.32900000e-01, 8.86000022e-02, 0.,
    1.32900000e-01, 1.32900000e-01, 0., 1.32900000e-01, 1.77200004e-01,
    0. ]
CalibrationFrameExtRotation: !!opencv-matrix
   rows: 3
   cols: 1
   dt: d
   data: [ -1.9333586126643556e+00, -2.2684115633658202e+00,
       2.7408391406354848e-01 ]
CalibrationFrameExtTranslation: !!opencv-matrix
   rows: 3
   cols: 1
   dt: d
   data: [ 1.8212509409262803e-01, 8.5499673748080207e-02,
       1.1945957784728514e+00 ]
CalibrationFrameRMSerror: 1.7165873944759369e-01
