%YAML:1.0
---
CalibrationFramePatternImage: [ 2.82490417e+02, 8.11788025e+01,
    3.10520294e+02, 8.64741669e+01, 3.38289734e+02, 9.14082260e+01,
    3.65509583e+02, 9.62529373e+01, 3.92879486e+02, 1.00669807e+02,
    2.78549255e+02, 1.04994522e+02, 3.07134155e+02, 1.09933220e+02,
    3.35252380e+02, 1.14980392e+02, 3.62944031e+02, 1.19872330e+02,
    3.90952545e+02, 1.24581505e+02, 2.74623627e+02, 1.30044708e+02,
    3.03542908e+02, 1.34936737e+02, 3.32428162e+02, 1.39391251e+02,
    3.60909149e+02, 1.44038193e+02, 3.89019928e+02, 1.48917984e+02,
    2.70597534e+02, 1.56492264e+02, 3.00243958e+02, 1.60951111e+02,
    3.29309021e+02, 1.65331711e+02, 3.58512390e+02, 1.69716156e+02,
    3.87219269e+02, 1.73913498e+02 ]
CalibrationFramePatternWorld: [ 0., 0., 0., 0., 4.43000011e-02, 0., 0.,
    8.86000022e-02, 0., 0., 1.32900000e-01, 0., 0., 1.77200004e-01, 0.,
    4.43000011e-02, 0., 0., 4.43000011e-02, 4.43000011e-02, 0.,
    4.43000011e-02, 8.86000022e-02, 0., 4.43000011e-02, 1.32900000e-01,
    0., 4.43000011e-02, 1.77200004e-01, 0., 8.86000022e-02, 0., 0.,
    8.86000022e-02, 4.43000011e-02, 0., 8.86000022e-02, 8.86000022e-02,
    0., 8.86000022e-02, 1.32900000e-01, 0., 8.86000022e-02,
    1.77200004e-01, 0., 1.32900000e-01, 0., 0., 1.32900000e-01,
    4.43000011e-02, 0., 1.32900000e-01, 8.86000022e-02, 0.,
    1.32900000e-01, 1.32900000e-01, 0., 1.32900000e-01, 1.77200004e-01,
    0. ]
CalibrationFrameExtRotation: !!opencv-matrix
   rows: 3
   cols: 1
   dt: d
   data: [ 1.8600196773809266e+00, 2.1154293247566800e+00,
       -2.1998505115193517e-01 ]
CalibrationFrameExtTranslation: !!opencv-matrix
   rows: 3
   cols: 1
   dt: d
   data: [ -7.2332842265934380e-02, -2.7143949136254003e-01,
       9.0551781742682091e-01 ]
CalibrationFrameRMSerror: 3.2797098159790039e-01
