%YAML:1.0
---
CalibrationFramePatternImage: [ 4.25466003e+02, 1.87533997e+02,
    4.44211517e+02, 1.86540421e+02, 4.63466003e+02, 1.85500000e+02,
    4.82794159e+02, 1.84471268e+02, 5.02841278e+02, 1.83096237e+02,
    4.26126984e+02, 2.05885483e+02, 4.44935059e+02, 2.05362549e+02,
    4.64009491e+02, 2.04276367e+02, 4.83738098e+02, 2.03313660e+02,
    5.03497375e+02, 2.02742371e+02, 4.26853333e+02, 2.24446671e+02,
    4.45496674e+02, 2.23617783e+02, 4.64604370e+02, 2.23308197e+02,
    4.84403503e+02, 2.22430923e+02, 5.04341309e+02, 2.21640717e+02,
    4.27581360e+02, 2.42705948e+02, 4.46301636e+02, 2.42507111e+02,
    4.65259033e+02, 2.42095535e+02, 4.85065613e+02, 2.41559372e+02,
    5.05063263e+02, 2.41286148e+02 ]
CalibrationFramePatternWorld: [ 0., 0., 0., 0., 4.43000011e-02, 0., 0.,
    8.86000022e-02, 0., 0., 1.32900000e-01, 0., 0., 1.77200004e-01, 0.,
    4.43000011e-02, 0., 0., 4.43000011e-02, 4.43000011e-02, 0.,
    4.43000011e-02, 8.86000022e-02, 0., 4.43000011e-02, 1.32900000e-01,
    0., 4.43000011e-02, 1.77200004e-01, 0., 8.86000022e-02, 0., 0.,
    8.86000022e-02, 4.43000011e-02, 0., 8.86000022e-02, 8.86000022e-02,
    0., 8.86000022e-02, 1.32900000e-01, 0., 8.86000022e-02,
    1.77200004e-01, 0., 1.32900000e-01, 0., 0., 1.32900000e-01,
    4.43000011e-02, 0., 1.32900000e-01, 8.86000022e-02, 0.,
    1.32900000e-01, 1.32900000e-01, 0., 1.32900000e-01, 1.77200004e-01,
    0. ]
CalibrationFrameExtRotation: !!opencv-matrix
   rows: 3
   cols: 1
   dt: d
   data: [ -2.0245145231900521e+00, -1.9463660221669492e+00,
       2.3466995587272690e-01 ]
CalibrationFrameExtTranslation: !!opencv-matrix
   rows: 3
   cols: 1
   dt: d
   data: [ 2.2912333098854193e-01, -1.5879819820722202e-01,
       1.3710775068627024e+00 ]
CalibrationFrameRMSerror: 2.1147531270980835e-01
