%YAML:1.0
---
CalibrationFramePatternImage: [ 3.47029053e+02, 3.18705231e+02,
    3.78598755e+02, 3.25368744e+02, 4.10862061e+02, 3.32074890e+02,
    4.43433899e+02, 3.38911652e+02, 4.76404358e+02, 3.45978394e+02,
    3.40665771e+02, 3.49552277e+02, 3.72418640e+02, 3.56400269e+02,
    4.04267151e+02, 3.62970093e+02, 4.36624817e+02, 3.69670105e+02,
    4.69356354e+02, 3.76786957e+02, 3.34726227e+02, 3.79696686e+02,
    3.66101074e+02, 3.86497345e+02, 3.97880157e+02, 3.93391388e+02,
    4.29951904e+02, 4.00234894e+02, 4.62422668e+02, 4.06941986e+02,
    3.29173309e+02, 4.09039886e+02, 3.60157684e+02, 4.15961365e+02,
    3.91518158e+02, 4.22944946e+02, 4.23406860e+02, 4.30061249e+02,
    4.55742798e+02, 4.37135010e+02 ]
CalibrationFramePatternWorld: [ 0., 0., 0., 0., 4.43000011e-02, 0., 0.,
    8.86000022e-02, 0., 0., 1.32900000e-01, 0., 0., 1.77200004e-01, 0.,
    4.43000011e-02, 0., 0., 4.43000011e-02, 4.43000011e-02, 0.,
    4.43000011e-02, 8.86000022e-02, 0., 4.43000011e-02, 1.32900000e-01,
    0., 4.43000011e-02, 1.77200004e-01, 0., 8.86000022e-02, 0., 0.,
    8.86000022e-02, 4.43000011e-02, 0., 8.86000022e-02, 8.86000022e-02,
    0., 8.86000022e-02, 1.32900000e-01, 0., 8.86000022e-02,
    1.77200004e-01, 0., 1.32900000e-01, 0., 0., 1.32900000e-01,
    4.43000011e-02, 0., 1.32900000e-01, 8.86000022e-02, 0.,
    1.32900000e-01, 1.32900000e-01, 0., 1.32900000e-01, 1.77200004e-01,
    0. ]
CalibrationFrameExtRotation: !!opencv-matrix
   rows: 3
   cols: 1
   dt: d
   data: [ -1.8844796363519183e+00, -2.2759321661868648e+00,
       -5.5792748847604233e-02 ]
CalibrationFrameExtTranslation: !!opencv-matrix
   rows: 3
   cols: 1
   dt: d
   data: [ 2.4137028688573890e-02, 8.8805275386627650e-02,
       7.8894344656630044e-01 ]
CalibrationFrameRMSerror: 2.1101364493370056e-01
