%YAML:1.0
---
CalibrationFramePatternImage: [ 7.55403748e+01, 1.73028214e+02,
    1.41982742e+02, 1.64487061e+02, 2.04615784e+02, 1.56545822e+02,
    2.63541870e+02, 1.49021484e+02, 3.19116455e+02, 1.41823914e+02,
    8.91183624e+01, 2.36164093e+02, 1.55045135e+02, 2.25243408e+02,
    2.16839478e+02, 2.15141327e+02, 2.74940704e+02, 2.05740982e+02,
    3.29984314e+02, 1.96903214e+02, 1.02579468e+02, 2.98842224e+02,
    1.67797241e+02, 2.85775360e+02, 2.29188995e+02, 2.73507874e+02,
    2.86932617e+02, 2.62101959e+02, 3.41324341e+02, 2.51411423e+02,
    1.17025154e+02, 3.60495483e+02, 1.81158859e+02, 3.45729218e+02,
    2.41325623e+02, 3.31693085e+02, 2.98535797e+02, 3.18641144e+02,
    3.52473175e+02, 3.06243683e+02 ]
CalibrationFramePatternWorld: [ 0., 0., 0., 0., 4.43000011e-02, 0., 0.,
    8.86000022e-02, 0., 0., 1.32900000e-01, 0., 0., 1.77200004e-01, 0.,
    4.43000011e-02, 0., 0., 4.43000011e-02, 4.43000011e-02, 0.,
    4.43000011e-02, 8.86000022e-02, 0., 4.43000011e-02, 1.32900000e-01,
    0., 4.43000011e-02, 1.77200004e-01, 0., 8.86000022e-02, 0., 0.,
    8.86000022e-02, 4.43000011e-02, 0., 8.86000022e-02, 8.86000022e-02,
    0., 8.86000022e-02, 1.32900000e-01, 0., 8.86000022e-02,
    1.77200004e-01, 0., 1.32900000e-01, 0., 0., 1.32900000e-01,
    4.43000011e-02, 0., 1.32900000e-01, 8.86000022e-02, 0.,
    1.32900000e-01, 1.32900000e-01, 0., 1.32900000e-01, 1.77200004e-01,
    0. ]
CalibrationFrameExtRotation: !!opencv-matrix
   rows: 3
   cols: 1
   dt: d
   data: [ 2.2428212692161584e+00, 1.8365299844200669e+00,
       2.9153804027908303e-01 ]
CalibrationFrameExtTranslation: !!opencv-matrix
   rows: 3
   cols: 1
   dt: d
   data: [ -1.7368488356126516e-01, -5.5710137120409307e-02,
       4.0232195603589571e-01 ]
CalibrationFrameRMSerror: 9.7216838598251343e-01
