%YAML:1.0
---
CalibrationFramePatternImage: [ 2.60043549e+02, 3.38929993e+02,
    2.89409790e+02, 3.37770142e+02, 3.18023987e+02, 3.36608459e+02,
    3.46422821e+02, 3.35530548e+02, 3.74333344e+02, 3.34543976e+02,
    2.60736389e+02, 3.68852905e+02, 2.90257812e+02, 3.67457031e+02,
    3.19303223e+02, 3.65750793e+02, 3.47378174e+02, 3.64269501e+02,
    3.75260925e+02, 3.63009399e+02, 2.61744873e+02, 3.99379578e+02,
    2.91679016e+02, 3.97189148e+02, 3.20385132e+02, 3.95179993e+02,
    3.49036591e+02, 3.93298767e+02, 3.76574249e+02, 3.91508240e+02,
    2.63042969e+02, 4.29700562e+02, 2.92793060e+02, 4.27214508e+02,
    3.21851074e+02, 4.24946808e+02, 3.50507935e+02, 4.22678833e+02,
    3.78675354e+02, 4.20488342e+02 ]
CalibrationFramePatternWorld: [ 0., 0., 0., 0., 4.43000011e-02, 0., 0.,
    8.86000022e-02, 0., 0., 1.32900000e-01, 0., 0., 1.77200004e-01, 0.,
    4.43000011e-02, 0., 0., 4.43000011e-02, 4.43000011e-02, 0.,
    4.43000011e-02, 8.86000022e-02, 0., 4.43000011e-02, 1.32900000e-01,
    0., 4.43000011e-02, 1.77200004e-01, 0., 8.86000022e-02, 0., 0.,
    8.86000022e-02, 4.43000011e-02, 0., 8.86000022e-02, 8.86000022e-02,
    0., 8.86000022e-02, 1.32900000e-01, 0., 8.86000022e-02,
    1.77200004e-01, 0., 1.32900000e-01, 0., 0., 1.32900000e-01,
    4.43000011e-02, 0., 1.32900000e-01, 8.86000022e-02, 0.,
    1.32900000e-01, 1.32900000e-01, 0., 1.32900000e-01, 1.77200004e-01,
    0. ]
CalibrationFrameExtRotation: !!opencv-matrix
   rows: 3
   cols: 1
   dt: d
   data: [ 2.1073911573194199e+00, 2.0372032564309892e+00,
       3.2552371373394527e-02 ]
CalibrationFrameExtTranslation: !!opencv-matrix
   rows: 3
   cols: 1
   dt: d
   data: [ -1.0380184925322405e-01, 1.3056119209941658e-01,
       8.8245473274925257e-01 ]
CalibrationFrameRMSerror: 3.7357932329177856e-01
