%YAML:1.0
---
CalibrationFramePatternImage: [ 4.37376923e+02, 3.40549469e+02,
    4.63372192e+02, 3.38199158e+02, 4.88844971e+02, 3.36080872e+02,
    5.14024109e+02, 3.33892059e+02, 5.39097717e+02, 3.31911865e+02,
    4.39397919e+02, 3.68519043e+02, 4.65604126e+02, 3.65850037e+02,
    4.90955353e+02, 3.63408936e+02, 5.15974060e+02, 361., 5.40736694e+02,
    3.58596649e+02, 4.40939240e+02, 3.96449646e+02, 4.67157715e+02,
    3.93650543e+02, 4.92935181e+02, 3.90970978e+02, 5.18220154e+02,
    3.88301880e+02, 5.42821411e+02, 3.85535858e+02, 4.42147949e+02,
    4.24370178e+02, 4.68487396e+02, 4.21431641e+02, 4.94496643e+02,
    4.18452148e+02, 5.19685852e+02, 4.15508057e+02, 5.44742004e+02,
    4.12696167e+02 ]
CalibrationFramePatternWorld: [ 0., 0., 0., 0., 4.43000011e-02, 0., 0.,
    8.86000022e-02, 0., 0., 1.32900000e-01, 0., 0., 1.77200004e-01, 0.,
    4.43000011e-02, 0., 0., 4.43000011e-02, 4.43000011e-02, 0.,
    4.43000011e-02, 8.86000022e-02, 0., 4.43000011e-02, 1.32900000e-01,
    0., 4.43000011e-02, 1.77200004e-01, 0., 8.86000022e-02, 0., 0.,
    8.86000022e-02, 4.43000011e-02, 0., 8.86000022e-02, 8.86000022e-02,
    0., 8.86000022e-02, 1.32900000e-01, 0., 8.86000022e-02,
    1.77200004e-01, 0., 1.32900000e-01, 0., 0., 1.32900000e-01,
    4.43000011e-02, 0., 1.32900000e-01, 8.86000022e-02, 0.,
    1.32900000e-01, 1.32900000e-01, 0., 1.32900000e-01, 1.77200004e-01,
    0. ]
CalibrationFrameExtRotation: !!opencv-matrix
   rows: 3
   cols: 1
   dt: d
   data: [ 2.1762097724695639e+00, 2.0528478941972801e+00,
       1.6532720927078698e-01 ]
CalibrationFrameExtTranslation: !!opencv-matrix
   rows: 3
   cols: 1
   dt: d
   data: [ 1.7250450814046989e-01, 1.3816351000977958e-01,
       9.2069186800343983e-01 ]
CalibrationFrameRMSerror: 2.3302119970321655e-01
