%YAML:1.0
---
CalibrationFramePatternImage: [ 1.44473053e+02, 4.41656685e+01,
    1.63660019e+02, 4.95304527e+01, 1.82453552e+02, 5.50896187e+01,
    2.00654678e+02, 5.98888893e+01, 2.18366196e+02, 6.46561050e+01,
    1.42179016e+02, 6.27026749e+01, 1.61602112e+02, 6.79502640e+01,
    1.80441406e+02, 7.29601822e+01, 1.98559021e+02, 7.76111145e+01,
    2.16478867e+02, 8.25058670e+01, 1.39901169e+02, 8.16434097e+01,
    1.59228073e+02, 8.61661530e+01, 1.78473862e+02, 9.11383438e+01,
    1.96797699e+02, 9.55034485e+01, 2.14672531e+02, 1.00072769e+02,
    1.37302765e+02, 1.00780083e+02, 1.57177048e+02, 1.05313553e+02,
    1.76368423e+02, 1.09565788e+02, 1.94654114e+02, 1.13712326e+02,
    2.12718124e+02, 1.17847878e+02 ]
CalibrationFramePatternWorld: [ 0., 0., 0., 0., 4.43000011e-02, 0., 0.,
    8.86000022e-02, 0., 0., 1.32900000e-01, 0., 0., 1.77200004e-01, 0.,
    4.43000011e-02, 0., 0., 4.43000011e-02, 4.43000011e-02, 0.,
    4.43000011e-02, 8.86000022e-02, 0., 4.43000011e-02, 1.32900000e-01,
    0., 4.43000011e-02, 1.77200004e-01, 0., 8.86000022e-02, 0., 0.,
    8.86000022e-02, 4.43000011e-02, 0., 8.86000022e-02, 8.86000022e-02,
    0., 8.86000022e-02, 1.32900000e-01, 0., 8.86000022e-02,
    1.77200004e-01, 0., 1.32900000e-01, 0., 0., 1.32900000e-01,
    4.43000011e-02, 0., 1.32900000e-01, 8.86000022e-02, 0.,
    1.32900000e-01, 1.32900000e-01, 0., 1.32900000e-01, 1.77200004e-01,
    0. ]
CalibrationFrameExtRotation: !!opencv-matrix
   rows: 3
   cols: 1
   dt: d
   data: [ 1.8168555818789269e+00, 2.0343588109133703e+00,
       5.0609020662342530e-01 ]
CalibrationFrameExtTranslation: !!opencv-matrix
   rows: 3
   cols: 1
   dt: d
   data: [ -4.2234885973672281e-01, -4.8596516478069296e-01,
       1.3348036428138554e+00 ]
CalibrationFrameRMSerror: 2.0077669620513916e-01
