%YAML:1.0
---
CalibrationFramePatternImage: [ 1.11268740e+01, 2.76640137e+02,
    3.18682442e+01, 2.81261261e+02, 5.21983566e+01, 2.86089203e+02,
    7.26215897e+01, 2.90919342e+02, 9.24581909e+01, 2.95819000e+02,
    9.19540215e+00, 2.93040222e+02, 2.92478638e+01, 2.97584869e+02,
    4.98633690e+01, 3.02196716e+02, 6.99729385e+01, 3.06589172e+02,
    8.96614380e+01, 3.11197388e+02, 7.71503258e+00, 3.08547699e+02,
    2.75343513e+01, 3.13246826e+02, 4.75585938e+01, 3.17617188e+02,
    6.74549179e+01, 3.22028687e+02, 8.70508041e+01, 3.26184631e+02,
    6.56805563e+00, 3.23556946e+02, 2.60066395e+01, 3.27814087e+02,
    4.58698540e+01, 3.32379822e+02, 6.54453659e+01, 3.36691559e+02,
    8.45168076e+01, 3.40740906e+02 ]
CalibrationFramePatternWorld: [ 0., 0., 0., 0., 4.43000011e-02, 0., 0.,
    8.86000022e-02, 0., 0., 1.32900000e-01, 0., 0., 1.77200004e-01, 0.,
    4.43000011e-02, 0., 0., 4.43000011e-02, 4.43000011e-02, 0.,
    4.43000011e-02, 8.86000022e-02, 0., 4.43000011e-02, 1.32900000e-01,
    0., 4.43000011e-02, 1.77200004e-01, 0., 8.86000022e-02, 0., 0.,
    8.86000022e-02, 4.43000011e-02, 0., 8.86000022e-02, 8.86000022e-02,
    0., 8.86000022e-02, 1.32900000e-01, 0., 8.86000022e-02,
    1.77200004e-01, 0., 1.32900000e-01, 0., 0., 1.32900000e-01,
    4.43000011e-02, 0., 1.32900000e-01, 8.86000022e-02, 0.,
    1.32900000e-01, 1.32900000e-01, 0., 1.32900000e-01, 1.77200004e-01,
    0. ]
CalibrationFrameExtRotation: !!opencv-matrix
   rows: 3
   cols: 1
   dt: d
   data: [ -1.6703070913194129e+00, -2.2845358861952740e+00,
       -6.0392651584389345e-01 ]
CalibrationFrameExtTranslation: !!opencv-matrix
   rows: 3
   cols: 1
   dt: d
   data: [ -7.0877271773532913e-01, 4.9688723568544181e-02,
       1.3055555066560718e+00 ]
CalibrationFrameRMSerror: 2.4855676293373108e-01
