%YAML:1.0
---
CalibrationFramePatternImage: [ 5.09273407e+02, 6.41619339e+01,
    5.28453125e+02, 6.52782593e+01, 5.48278809e+02, 6.67811050e+01,
    5.68783142e+02, 6.84464264e+01, 5.90488220e+02, 6.97971725e+01,
    5.02798737e+02, 8.32012558e+01, 5.21154236e+02, 8.52139282e+01,
    5.40902710e+02, 8.72396393e+01, 5.61529602e+02, 8.93651657e+01, 583.,
    9.14609756e+01, 4.96362091e+02, 1.02946754e+02, 5.14649597e+02,
    1.04927711e+02, 5.33694824e+02, 1.07170891e+02, 5.54039246e+02,
    1.09979057e+02, 5.75731506e+02, 1.12835014e+02, 4.89991577e+02,
    1.22410095e+02, 5.08081116e+02, 1.25147377e+02, 5.27017151e+02,
    1.28037140e+02, 5.46894165e+02, 1.30992065e+02, 5.67953857e+02,
    1.34200653e+02 ]
CalibrationFramePatternWorld: [ 0., 0., 0., 0., 4.43000011e-02, 0., 0.,
    8.86000022e-02, 0., 0., 1.32900000e-01, 0., 0., 1.77200004e-01, 0.,
    4.43000011e-02, 0., 0., 4.43000011e-02, 4.43000011e-02, 0.,
    4.43000011e-02, 8.86000022e-02, 0., 4.43000011e-02, 1.32900000e-01,
    0., 4.43000011e-02, 1.77200004e-01, 0., 8.86000022e-02, 0., 0.,
    8.86000022e-02, 4.43000011e-02, 0., 8.86000022e-02, 8.86000022e-02,
    0., 8.86000022e-02, 1.32900000e-01, 0., 8.86000022e-02,
    1.77200004e-01, 0., 1.32900000e-01, 0., 0., 1.32900000e-01,
    4.43000011e-02, 0., 1.32900000e-01, 8.86000022e-02, 0.,
    1.32900000e-01, 1.32900000e-01, 0., 1.32900000e-01, 1.77200004e-01,
    0. ]
CalibrationFrameExtRotation: !!opencv-matrix
   rows: 3
   cols: 1
   dt: d
   data: [ -1.4775214192149877e+00, -2.1002685457648487e+00,
       7.2981675091236120e-01 ]
CalibrationFrameExtTranslation: !!opencv-matrix
   rows: 3
   cols: 1
   dt: d
   data: [ 3.9267682323326114e-01, -4.1526762218753688e-01,
       1.2507962556838033e+00 ]
CalibrationFrameRMSerror: 2.6230612397193909e-01
