%YAML:1.0
---
CalibrationFramePatternImage: [ 6.96598892e+01, 3.59233887e+02,
    9.15406647e+01, 3.60403198e+02, 1.12650002e+02, 3.61510712e+02,
    1.33154892e+02, 3.62745972e+02, 1.53972229e+02, 3.64279053e+02,
    6.88019333e+01, 3.75467377e+02, 9.01762619e+01, 3.76456848e+02,
    1.11260818e+02, 3.77397675e+02, 1.31657959e+02, 3.78148010e+02,
    1.52051178e+02, 3.79062988e+02, 6.84679718e+01, 3.90726807e+02,
    8.92337341e+01, 3.91472778e+02, 1.09876785e+02, 3.92437103e+02,
    1.30156784e+02, 3.93121216e+02, 1.50224930e+02, 3.93886169e+02,
    6.80756302e+01, 4.05008392e+02, 8.88211365e+01, 4.05918701e+02,
    1.08961861e+02, 4.06545197e+02, 129., 4.07500000e+02, 1.48892044e+02,
    4.08075562e+02 ]
CalibrationFramePatternWorld: [ 0., 0., 0., 0., 4.43000011e-02, 0., 0.,
    8.86000022e-02, 0., 0., 1.32900000e-01, 0., 0., 1.77200004e-01, 0.,
    4.43000011e-02, 0., 0., 4.43000011e-02, 4.43000011e-02, 0.,
    4.43000011e-02, 8.86000022e-02, 0., 4.43000011e-02, 1.32900000e-01,
    0., 4.43000011e-02, 1.77200004e-01, 0., 8.86000022e-02, 0., 0.,
    8.86000022e-02, 4.43000011e-02, 0., 8.86000022e-02, 8.86000022e-02,
    0., 8.86000022e-02, 1.32900000e-01, 0., 8.86000022e-02,
    1.77200004e-01, 0., 1.32900000e-01, 0., 0., 1.32900000e-01,
    4.43000011e-02, 0., 1.32900000e-01, 8.86000022e-02, 0.,
    1.32900000e-01, 1.32900000e-01, 0., 1.32900000e-01, 1.77200004e-01,
    0. ]
CalibrationFrameExtRotation: !!opencv-matrix
   rows: 3
   cols: 1
   dt: d
   data: [ -1.8442935749103506e+00, -2.2044683033468644e+00,
       -7.3630524856335255e-01 ]
CalibrationFrameExtTranslation: !!opencv-matrix
   rows: 3
   cols: 1
   dt: d
   data: [ -5.6828453610100238e-01, 2.3223588677248791e-01,
       1.2843103800306879e+00 ]
CalibrationFrameRMSerror: 2.5964877009391785e-01
