%YAML:1.0
---
CalibrationFramePatternImage: [ 2.99763763e+02, 1.48215210e+02,
    3.19073456e+02, 1.52533905e+02, 3.38408875e+02, 1.57238220e+02,
    3.58733154e+02, 1.61855072e+02, 3.79336578e+02, 1.66299911e+02,
    2.92828339e+02, 1.67904190e+02, 3.11672302e+02, 1.72840378e+02,
    3.31458435e+02, 1.77549438e+02, 3.51541779e+02, 1.82546082e+02,
    3.72375519e+02, 1.87672577e+02, 2.85941223e+02, 1.88037567e+02,
    3.04725159e+02, 1.92748383e+02, 3.24129333e+02, 1.98189240e+02,
    3.44156708e+02, 2.03604324e+02, 3.64879822e+02, 2.09289719e+02,
    2.78884583e+02, 2.08397049e+02, 2.97613159e+02, 2.13539474e+02,
    3.16880768e+02, 2.19210617e+02, 3.36667480e+02, 2.24957520e+02,
    3.57325378e+02, 2.30926804e+02 ]
CalibrationFramePatternWorld: [ 0., 0., 0., 0., 4.43000011e-02, 0., 0.,
    8.86000022e-02, 0., 0., 1.32900000e-01, 0., 0., 1.77200004e-01, 0.,
    4.43000011e-02, 0., 0., 4.43000011e-02, 4.43000011e-02, 0.,
    4.43000011e-02, 8.86000022e-02, 0., 4.43000011e-02, 1.32900000e-01,
    0., 4.43000011e-02, 1.77200004e-01, 0., 8.86000022e-02, 0., 0.,
    8.86000022e-02, 4.43000011e-02, 0., 8.86000022e-02, 8.86000022e-02,
    0., 8.86000022e-02, 1.32900000e-01, 0., 8.86000022e-02,
    1.77200004e-01, 0., 1.32900000e-01, 0., 0., 1.32900000e-01,
    4.43000011e-02, 0., 1.32900000e-01, 8.86000022e-02, 0.,
    1.32900000e-01, 1.32900000e-01, 0., 1.32900000e-01, 1.77200004e-01,
    0. ]
CalibrationFrameExtRotation: !!opencv-matrix
   rows: 3
   cols: 1
   dt: d
   data: [ -1.7200357561957405e+00, -2.3701806604433644e+00,
       5.3673300352079156e-01 ]
CalibrationFrameExtTranslation: !!opencv-matrix
   rows: 3
   cols: 1
   dt: d
   data: [ -5.8884566252186396e-02, -2.1855066787817631e-01,
       1.1863042731909681e+00 ]
CalibrationFrameRMSerror: 2.2077514231204987e-01
