%YAML:1.0
---
CalibrationFramePatternImage: [ 5.14309753e+02, 2.66375122e+02,
    5.32670776e+02, 2.64592377e+02, 5.51321289e+02, 2.62434204e+02,
    5.69517029e+02, 2.60517059e+02, 5.87749451e+02, 2.58860229e+02,
    5.17367493e+02, 2.86471161e+02, 5.35858154e+02, 2.84180115e+02,
    5.54374329e+02, 2.82071503e+02, 5.72580139e+02, 2.80080139e+02,
    5.90731812e+02, 2.78058746e+02, 5.20009888e+02, 3.06636017e+02,
    5.38580139e+02, 3.04235229e+02, 5.57525452e+02, 3.01946014e+02,
    5.75725403e+02, 2.99855774e+02, 5.93676270e+02, 2.97806183e+02,
    5.22662537e+02, 3.26939484e+02, 5.41549988e+02, 3.24458832e+02,
    5.60385742e+02, 3.22117401e+02, 5.78667725e+02, 3.19865417e+02,
    5.96932922e+02, 3.17238098e+02 ]
CalibrationFramePatternWorld: [ 0., 0., 0., 0., 4.43000011e-02, 0., 0.,
    8.86000022e-02, 0., 0., 1.32900000e-01, 0., 0., 1.77200004e-01, 0.,
    4.43000011e-02, 0., 0., 4.43000011e-02, 4.43000011e-02, 0.,
    4.43000011e-02, 8.86000022e-02, 0., 4.43000011e-02, 1.32900000e-01,
    0., 4.43000011e-02, 1.77200004e-01, 0., 8.86000022e-02, 0., 0.,
    8.86000022e-02, 4.43000011e-02, 0., 8.86000022e-02, 8.86000022e-02,
    0., 8.86000022e-02, 1.32900000e-01, 0., 8.86000022e-02,
    1.77200004e-01, 0., 1.32900000e-01, 0., 0., 1.32900000e-01,
    4.43000011e-02, 0., 1.32900000e-01, 8.86000022e-02, 0.,
    1.32900000e-01, 1.32900000e-01, 0., 1.32900000e-01, 1.77200004e-01,
    0. ]
CalibrationFrameExtRotation: !!opencv-matrix
   rows: 3
   cols: 1
   dt: d
   data: [ 2.2124952611484283e+00, 1.9860102194891998e+00,
       5.2328718635540276e-02 ]
CalibrationFrameExtTranslation: !!opencv-matrix
   rows: 3
   cols: 1
   dt: d
   data: [ 4.0770360578848513e-01, 2.7173660164655385e-02,
       1.2709088543585485e+00 ]
CalibrationFrameRMSerror: 1.8159027397632599e-01
