%YAML:1.0
---
CalibrationFramePatternImage: [ 3.12477631e+02, 3.97138901e+01,
    3.70268951e+02, 4.51712570e+01, 4.27715729e+02, 5.03900681e+01,
    4.85110535e+02, 5.54802856e+01, 5.42572266e+02, 6.04684830e+01,
    3.07249878e+02, 9.93482208e+01, 3.64491974e+02, 1.04229149e+02,
    4.21251770e+02, 1.09297531e+02, 4.77782318e+02, 1.14174614e+02,
    5.34573608e+02, 1.18897720e+02, 3.02155914e+02, 1.58034790e+02,
    3.58574127e+02, 1.62580276e+02, 4.14978149e+02, 1.67075546e+02,
    4.70980347e+02, 1.71433960e+02, 5.26679321e+02, 1.75659317e+02,
    2.97737091e+02, 2.14817886e+02, 3.53309265e+02, 2.18977631e+02,
    4.08814178e+02, 2.23085327e+02, 4.64233734e+02, 2.27202682e+02,
    5.19496582e+02, 2.31354950e+02 ]
CalibrationFramePatternWorld: [ 0., 0., 0., 0., 4.43000011e-02, 0., 0.,
    8.86000022e-02, 0., 0., 1.32900000e-01, 0., 0., 1.77200004e-01, 0.,
    4.43000011e-02, 0., 0., 4.43000011e-02, 4.43000011e-02, 0.,
    4.43000011e-02, 8.86000022e-02, 0., 4.43000011e-02, 1.32900000e-01,
    0., 4.43000011e-02, 1.77200004e-01, 0., 8.86000022e-02, 0., 0.,
    8.86000022e-02, 4.43000011e-02, 0., 8.86000022e-02, 8.86000022e-02,
    0., 8.86000022e-02, 1.32900000e-01, 0., 8.86000022e-02,
    1.77200004e-01, 0., 1.32900000e-01, 0., 0., 1.32900000e-01,
    4.43000011e-02, 0., 1.32900000e-01, 8.86000022e-02, 0.,
    1.32900000e-01, 1.32900000e-01, 0., 1.32900000e-01, 1.77200004e-01,
    0. ]
CalibrationFrameExtRotation: !!opencv-matrix
   rows: 3
   cols: 1
   dt: d
   data: [ -2.0508846457337446e+00, -2.2231676782542271e+00,
       -2.0417307149960018e-01 ]
CalibrationFrameExtTranslation: !!opencv-matrix
   rows: 3
   cols: 1
   dt: d
   data: [ -1.3253757245135844e-02, -1.6250116793445085e-01,
       4.3569738324634405e-01 ]
CalibrationFrameRMSerror: 7.2728908061981201e-01
