%YAML:1.0
---
CalibrationFramePatternImage: [ 2.43713287e+02, 2.61507904e+02,
    2.76251740e+02, 2.51449005e+02, 3.08383575e+02, 2.41312286e+02,
    3.40123871e+02, 2.31383484e+02, 3.71677246e+02, 2.21638855e+02,
    2.53953400e+02, 2.93579651e+02, 2.86268616e+02, 2.83354584e+02,
    3.18159302e+02, 2.73151184e+02, 3.49781067e+02, 2.63039185e+02,
    3.81273987e+02, 2.53156158e+02, 2.63852509e+02, 3.25278534e+02,
    2.96257385e+02, 3.14916077e+02, 3.28030701e+02, 3.04631104e+02,
    3.59654877e+02, 2.94448486e+02, 3.90717560e+02, 2.84393677e+02,
    2.73777435e+02, 3.56632172e+02, 3.05901459e+02, 3.46077454e+02,
    3.37478271e+02, 3.35872925e+02, 3.68942627e+02, 3.25732849e+02,
    4.00162018e+02, 3.15574860e+02 ]
CalibrationFramePatternWorld: [ 0., 0., 0., 0., 4.43000011e-02, 0., 0.,
    8.86000022e-02, 0., 0., 1.32900000e-01, 0., 0., 1.77200004e-01, 0.,
    4.43000011e-02, 0., 0., 4.43000011e-02, 4.43000011e-02, 0.,
    4.43000011e-02, 8.86000022e-02, 0., 4.43000011e-02, 1.32900000e-01,
    0., 4.43000011e-02, 1.77200004e-01, 0., 8.86000022e-02, 0., 0.,
    8.86000022e-02, 4.43000011e-02, 0., 8.86000022e-02, 8.86000022e-02,
    0., 8.86000022e-02, 1.32900000e-01, 0., 8.86000022e-02,
    1.77200004e-01, 0., 1.32900000e-01, 0., 0., 1.32900000e-01,
    4.43000011e-02, 0., 1.32900000e-01, 8.86000022e-02, 0.,
    1.32900000e-01, 1.32900000e-01, 0., 1.32900000e-01, 1.77200004e-01,
    0. ]
CalibrationFrameExtRotation: !!opencv-matrix
   rows: 3
   cols: 1
   dt: d
   data: [ 2.5119604273165623e+00, 1.8490538915947761e+00,
       1.6603574056844470e-01 ]
CalibrationFrameExtTranslation: !!opencv-matrix
   rows: 3
   cols: 1
   dt: d
   data: [ -1.1137278053795364e-01, 9.7933434756104307e-03,
       7.5785462933861247e-01 ]
CalibrationFrameRMSerror: 1.5971130132675171e-01
