%YAML:1.0
---
CalibrationFramePatternImage: [ 7.24589615e+01, 8.97047195e+01,
    1.36209824e+02, 7.86850739e+01, 1.98031067e+02, 6.79615479e+01,
    2.58032990e+02, 5.74881477e+01, 3.16463379e+02, 4.71296959e+01,
    8.92334290e+01, 1.51646530e+02, 1.51700394e+02, 1.39720367e+02,
    2.12470703e+02, 1.28423248e+02, 2.71433289e+02, 1.17259392e+02,
    3.28804260e+02, 1.06225578e+02, 1.05745552e+02, 2.11782593e+02,
    1.66856094e+02, 1.99370453e+02, 2.26773865e+02, 1.87214493e+02,
    2.84735077e+02, 1.75196945e+02, 3.41145355e+02, 1.63650116e+02,
    1.22059174e+02, 2.69959869e+02, 1.81871765e+02, 2.57173248e+02,
    2.40138382e+02, 2.44437820e+02, 2.97221375e+02, 2.32122513e+02,
    3.52952606e+02, 2.19970825e+02 ]
CalibrationFramePatternWorld: [ 0., 0., 0., 0., 4.43000011e-02, 0., 0.,
    8.86000022e-02, 0., 0., 1.32900000e-01, 0., 0., 1.77200004e-01, 0.,
    4.43000011e-02, 0., 0., 4.43000011e-02, 4.43000011e-02, 0.,
    4.43000011e-02, 8.86000022e-02, 0., 4.43000011e-02, 1.32900000e-01,
    0., 4.43000011e-02, 1.77200004e-01, 0., 8.86000022e-02, 0., 0.,
    8.86000022e-02, 4.43000011e-02, 0., 8.86000022e-02, 8.86000022e-02,
    0., 8.86000022e-02, 1.32900000e-01, 0., 8.86000022e-02,
    1.77200004e-01, 0., 1.32900000e-01, 0., 0., 1.32900000e-01,
    4.43000011e-02, 0., 1.32900000e-01, 8.86000022e-02, 0.,
    1.32900000e-01, 1.32900000e-01, 0., 1.32900000e-01, 1.77200004e-01,
    0. ]
CalibrationFrameExtRotation: !!opencv-matrix
   rows: 3
   cols: 1
   dt: d
   data: [ 2.4369298334467109e+00, 1.9620942698900250e+00,
       3.0678165418285086e-01 ]
CalibrationFrameExtTranslation: !!opencv-matrix
   rows: 3
   cols: 1
   dt: d
   data: [ -1.8009504740626395e-01, -1.1656835748078956e-01,
       4.1071289242196996e-01 ]
CalibrationFrameRMSerror: 5.0002461671829224e-01
