%YAML:1.0
---
CalibrationFramePatternImage: [ 3.43217590e+02, 2.21875290e+02,
    4.02968750e+02, 2.33108337e+02, 4.62559875e+02, 2.44317230e+02,
    5.21986755e+02, 2.55579666e+02, 5.81427795e+02, 2.66986938e+02,
    3.31505920e+02, 2.81164978e+02, 3.90945801e+02, 2.92468353e+02,
    4.49683136e+02, 3.03236969e+02, 5.08041565e+02, 3.14002075e+02,
    5.66816711e+02, 3.25223846e+02, 3.20148865e+02, 3.38895477e+02,
    3.78691528e+02, 3.49835388e+02, 4.37235107e+02, 3.60560944e+02,
    4.95101654e+02, 3.71094604e+02, 5.52368958e+02, 3.81350403e+02,
    3.08947906e+02, 3.94463562e+02, 3.66689178e+02, 4.05103058e+02,
    4.24131622e+02, 4.15596405e+02, 4.81431915e+02, 4.26314484e+02,
    5.38417969e+02, 4.36555847e+02 ]
CalibrationFramePatternWorld: [ 0., 0., 0., 0., 4.43000011e-02, 0., 0.,
    8.86000022e-02, 0., 0., 1.32900000e-01, 0., 0., 1.77200004e-01, 0.,
    4.43000011e-02, 0., 0., 4.43000011e-02, 4.43000011e-02, 0.,
    4.43000011e-02, 8.86000022e-02, 0., 4.43000011e-02, 1.32900000e-01,
    0., 4.43000011e-02, 1.77200004e-01, 0., 8.86000022e-02, 0., 0.,
    8.86000022e-02, 4.43000011e-02, 0., 8.86000022e-02, 8.86000022e-02,
    0., 8.86000022e-02, 1.32900000e-01, 0., 8.86000022e-02,
    1.77200004e-01, 0., 1.32900000e-01, 0., 0., 1.32900000e-01,
    4.43000011e-02, 0., 1.32900000e-01, 8.86000022e-02, 0.,
    1.32900000e-01, 1.32900000e-01, 0., 1.32900000e-01, 1.77200004e-01,
    0. ]
CalibrationFrameExtRotation: !!opencv-matrix
   rows: 3
   cols: 1
   dt: d
   data: [ -1.9424582418940335e+00, -2.3461134560298409e+00,
       -1.6495638014444278e-01 ]
CalibrationFrameExtTranslation: !!opencv-matrix
   rows: 3
   cols: 1
   dt: d
   data: [ 1.0019502215949789e-02, -2.3248700378436068e-02,
       4.1653796193013531e-01 ]
CalibrationFrameRMSerror: 3.6496809124946594e-01
