%YAML:1.0
---
CalibrationFramePatternImage: [ 8.39606705e+01, 1.14548912e+02,
    9.95042343e+01, 1.21502930e+02, 1.14878899e+02, 1.28728683e+02,
    1.30399628e+02, 1.35521042e+02, 1.45976959e+02, 1.42669846e+02,
    1.61495392e+02, 1.49588730e+02, 1.76726837e+02, 1.56537796e+02,
    7.56432037e+01, 1.29107285e+02, 9.14537659e+01, 1.36121948e+02,
    1.07168938e+02, 1.43261688e+02, 1.22811852e+02, 1.50447693e+02,
    1.38302551e+02, 1.57387802e+02, 1.53672531e+02, 1.64548035e+02,
    1.69167709e+02, 1.71456482e+02, 6.79263992e+01, 1.43597260e+02,
    8.36277313e+01, 1.50723068e+02, 9.94450836e+01, 1.58044647e+02,
    1.15063728e+02, 1.64881836e+02, 1.30457199e+02, 1.72194794e+02,
    1.46201431e+02, 1.79154861e+02, 1.61631531e+02, 1.86263947e+02,
    5.97731857e+01, 1.58303650e+02, 7.56842499e+01, 1.65459717e+02,
    9.14622726e+01, 1.72460953e+02, 1.07257584e+02, 1.79852753e+02,
    1.22905556e+02, 1.86791763e+02, 1.38519135e+02, 1.93877396e+02,
    1.53728882e+02, 2.00888474e+02, 5.19832993e+01, 1.73092834e+02,
    6.77518463e+01, 1.80328323e+02, 8.35915375e+01, 1.87483810e+02,
    9.94180527e+01, 1.94518936e+02, 1.14958115e+02, 2.01590561e+02,
    1.30531342e+02, 2.08761215e+02, 1.46205139e+02, 2.15785751e+02 ]
CalibrationFramePatternWorld: [ 0., 0., 0., 0., 2.70000007e-02, 0., 0.,
    5.40000014e-02, 0., 0., 8.10000002e-02, 0., 0., 1.08000003e-01, 0.,
    0., 1.35000005e-01, 0., 0., 1.62000000e-01, 0., 2.70000007e-02, 0.,
    0., 2.70000007e-02, 2.70000007e-02, 0., 2.70000007e-02,
    5.40000014e-02, 0., 2.70000007e-02, 8.10000002e-02, 0.,
    2.70000007e-02, 1.08000003e-01, 0., 2.70000007e-02, 1.35000005e-01,
    0., 2.70000007e-02, 1.62000000e-01, 0., 5.40000014e-02, 0., 0.,
    5.40000014e-02, 2.70000007e-02, 0., 5.40000014e-02, 5.40000014e-02,
    0., 5.40000014e-02, 8.10000002e-02, 0., 5.40000014e-02,
    1.08000003e-01, 0., 5.40000014e-02, 1.35000005e-01, 0.,
    5.40000014e-02, 1.62000000e-01, 0., 8.10000002e-02, 0., 0.,
    8.10000002e-02, 2.70000007e-02, 0., 8.10000002e-02, 5.40000014e-02,
    0., 8.10000002e-02, 8.10000002e-02, 0., 8.10000002e-02,
    1.08000003e-01, 0., 8.10000002e-02, 1.35000005e-01, 0.,
    8.10000002e-02, 1.62000000e-01, 0., 1.08000003e-01, 0., 0.,
    1.08000003e-01, 2.70000007e-02, 0., 1.08000003e-01, 5.40000014e-02,
    0., 1.08000003e-01, 8.10000002e-02, 0., 1.08000003e-01,
    1.08000003e-01, 0., 1.08000003e-01, 1.35000005e-01, 0.,
    1.08000003e-01, 1.62000000e-01, 0. ]
CalibrationFrameExtRotation: !!opencv-matrix
   rows: 3
   cols: 1
   dt: d
   data: [ 1.5983271585044858e+00, 2.4538234966278325e+00,
       -5.0987811226444607e-02 ]
CalibrationFrameExtTranslation: !!opencv-matrix
   rows: 3
   cols: 1
   dt: d
   data: [ -4.3465170407817055e-01, -1.9433326775641740e-01,
       9.0610522488409473e-01 ]
CalibrationFrameRMSerror: 2.1314255893230438e-01
