%YAML:1.0
---
CalibrationFramePatternImage: [ 3.01261444e+02, 1.50443527e+02,
    3.31430603e+02, 1.46529907e+02, 3.61526733e+02, 1.43065247e+02,
    3.91289856e+02, 1.38891983e+02, 4.20956421e+02, 1.35466827e+02,
    4.50205200e+02, 1.31821777e+02, 4.80119781e+02, 1.27726601e+02,
    3.05572113e+02, 1.79623795e+02, 3.36157043e+02, 1.76100174e+02,
    3.65708130e+02, 1.72733505e+02, 3.95719147e+02, 1.68512863e+02,
    4.25198547e+02, 1.64842758e+02, 4.54716278e+02, 1.60998352e+02,
    4.84297882e+02, 1.57336105e+02, 3.09611145e+02, 2.08891754e+02,
    3.40040253e+02, 2.04885757e+02, 3.69920441e+02, 2.01518250e+02,
    3.99781555e+02, 1.97518707e+02, 4.29362061e+02, 1.93926178e+02,
    4.58953033e+02, 1.90376007e+02, 4.88565948e+02, 1.86252960e+02,
    3.13790863e+02, 2.37295624e+02, 3.44153381e+02, 2.33307587e+02,
    3.74047577e+02, 2.29826614e+02, 4.03687164e+02, 2.26447250e+02,
    4.33596191e+02, 2.22701187e+02, 4.63384003e+02, 2.18988358e+02,
    4.92922119e+02, 2.15287598e+02, 3.17550507e+02, 2.65702576e+02,
    3.47432678e+02, 2.62013031e+02, 3.77695709e+02, 2.58389435e+02,
    4.07409363e+02, 2.54804764e+02, 4.37445709e+02, 2.51397827e+02,
    4.67086700e+02, 2.47676758e+02, 4.96805969e+02, 2.44090897e+02 ]
CalibrationFramePatternWorld: [ 0., 0., 0., 0., 2.70000007e-02, 0., 0.,
    5.40000014e-02, 0., 0., 8.10000002e-02, 0., 0., 1.08000003e-01, 0.,
    0., 1.35000005e-01, 0., 0., 1.62000000e-01, 0., 2.70000007e-02, 0.,
    0., 2.70000007e-02, 2.70000007e-02, 0., 2.70000007e-02,
    5.40000014e-02, 0., 2.70000007e-02, 8.10000002e-02, 0.,
    2.70000007e-02, 1.08000003e-01, 0., 2.70000007e-02, 1.35000005e-01,
    0., 2.70000007e-02, 1.62000000e-01, 0., 5.40000014e-02, 0., 0.,
    5.40000014e-02, 2.70000007e-02, 0., 5.40000014e-02, 5.40000014e-02,
    0., 5.40000014e-02, 8.10000002e-02, 0., 5.40000014e-02,
    1.08000003e-01, 0., 5.40000014e-02, 1.35000005e-01, 0.,
    5.40000014e-02, 1.62000000e-01, 0., 8.10000002e-02, 0., 0.,
    8.10000002e-02, 2.70000007e-02, 0., 8.10000002e-02, 5.40000014e-02,
    0., 8.10000002e-02, 8.10000002e-02, 0., 8.10000002e-02,
    1.08000003e-01, 0., 8.10000002e-02, 1.35000005e-01, 0.,
    8.10000002e-02, 1.62000000e-01, 0., 1.08000003e-01, 0., 0.,
    1.08000003e-01, 2.70000007e-02, 0., 1.08000003e-01, 5.40000014e-02,
    0., 1.08000003e-01, 8.10000002e-02, 0., 1.08000003e-01,
    1.08000003e-01, 0., 1.08000003e-01, 1.35000005e-01, 0.,
    1.08000003e-01, 1.62000000e-01, 0. ]
CalibrationFrameExtRotation: !!opencv-matrix
   rows: 3
   cols: 1
   dt: d
   data: [ -2.4324476267281381e+00, -2.1372539513424846e+00,
       4.0864566936714954e-02 ]
CalibrationFrameExtTranslation: !!opencv-matrix
   rows: 3
   cols: 1
   dt: d
   data: [ -4.5750422894457368e-02, -7.7904187474837974e-02,
       5.1800926677659664e-01 ]
CalibrationFrameRMSerror: 7.5193142890930176e-01
