%YAML:1.0
---
CalibrationFramePatternImage: [ 4.46670685e+02, 8.25307007e+01,
    4.62482971e+02, 7.85929871e+01, 4.78082092e+02, 7.48107910e+01,
    4.93792847e+02, 7.10430145e+01, 5.09350189e+02, 6.69955597e+01,
    5.24658020e+02, 6.32562981e+01, 5.40155762e+02, 5.95302963e+01,
    4.50412354e+02, 9.93561478e+01, 4.66044189e+02, 9.54849243e+01,
    4.81883362e+02, 9.14466019e+01, 4.97507141e+02, 8.76170883e+01,
    5.12846741e+02, 8.37532806e+01, 5.28331665e+02, 7.97279968e+01,
    5.43451660e+02, 7.61158142e+01, 4.54154602e+02, 1.15861443e+02,
    4.69690735e+02, 1.11743111e+02, 4.85418610e+02, 1.07935928e+02,
    5.00810242e+02, 1.03854362e+02, 5.16327393e+02, 9.99819489e+01,
    5.31656555e+02, 9.61194611e+01, 5.46670044e+02, 9.22880020e+01,
    4.57655212e+02, 1.32205658e+02, 4.73432220e+02, 1.27976700e+02,
    4.88822083e+02, 1.24009598e+02, 5.04367004e+02, 1.20155525e+02,
    5.19765381e+02, 1.15886246e+02, 5.35107727e+02, 1.12134102e+02,
    5.50375183e+02, 1.08154350e+02, 4.61269958e+02, 1.48112091e+02,
    4.76856110e+02, 1.44149597e+02, 4.92381622e+02, 1.39890442e+02,
    5.07587585e+02, 1.35896286e+02, 5.22873108e+02, 1.32103806e+02,
    5.38284363e+02, 1.27975876e+02, 5.53270081e+02, 1.24170189e+02 ]
CalibrationFramePatternWorld: [ 0., 0., 0., 0., 2.70000007e-02, 0., 0.,
    5.40000014e-02, 0., 0., 8.10000002e-02, 0., 0., 1.08000003e-01, 0.,
    0., 1.35000005e-01, 0., 0., 1.62000000e-01, 0., 2.70000007e-02, 0.,
    0., 2.70000007e-02, 2.70000007e-02, 0., 2.70000007e-02,
    5.40000014e-02, 0., 2.70000007e-02, 8.10000002e-02, 0.,
    2.70000007e-02, 1.08000003e-01, 0., 2.70000007e-02, 1.35000005e-01,
    0., 2.70000007e-02, 1.62000000e-01, 0., 5.40000014e-02, 0., 0.,
    5.40000014e-02, 2.70000007e-02, 0., 5.40000014e-02, 5.40000014e-02,
    0., 5.40000014e-02, 8.10000002e-02, 0., 5.40000014e-02,
    1.08000003e-01, 0., 5.40000014e-02, 1.35000005e-01, 0.,
    5.40000014e-02, 1.62000000e-01, 0., 8.10000002e-02, 0., 0.,
    8.10000002e-02, 2.70000007e-02, 0., 8.10000002e-02, 5.40000014e-02,
    0., 8.10000002e-02, 8.10000002e-02, 0., 8.10000002e-02,
    1.08000003e-01, 0., 8.10000002e-02, 1.35000005e-01, 0.,
    8.10000002e-02, 1.62000000e-01, 0., 1.08000003e-01, 0., 0.,
    1.08000003e-01, 2.70000007e-02, 0., 1.08000003e-01, 5.40000014e-02,
    0., 1.08000003e-01, 8.10000002e-02, 0., 1.08000003e-01,
    1.08000003e-01, 0., 1.08000003e-01, 1.35000005e-01, 0.,
    1.08000003e-01, 1.62000000e-01, 0. ]
CalibrationFrameExtRotation: !!opencv-matrix
   rows: 3
   cols: 1
   dt: d
   data: [ -2.5261048318640307e+00, -1.9403185913882222e+00,
       -3.0565296286666122e-01 ]
CalibrationFrameExtTranslation: !!opencv-matrix
   rows: 3
   cols: 1
   dt: d
   data: [ 1.4824646230052893e-01, -2.4662646633189522e-01,
       9.2606929584407505e-01 ]
CalibrationFrameRMSerror: 1.6755050420761108e-01
