%YAML:1.0
---
CalibrationFramePatternImage: [ 1.41832275e+02, 1.12774460e+02,
    1.93523270e+02, 1.07125359e+02, 2.43359879e+02, 1.01870667e+02,
    2.90669281e+02, 9.65738144e+01, 3.36284180e+02, 9.15652313e+01,
    3.79843567e+02, 8.67582626e+01, 4.21714417e+02, 8.22553864e+01,
    1.51671280e+02, 1.64235352e+02, 2.02612061e+02, 1.57913925e+02,
    2.50645599e+02, 1.51100128e+02, 2.97300385e+02, 1.45034668e+02,
    3.41949829e+02, 1.39061951e+02, 3.85124786e+02, 1.33215286e+02,
    4.26001862e+02, 1.27543007e+02, 1.61821304e+02, 2.13845245e+02,
    2.11258072e+02, 2.06124283e+02, 2.58739838e+02, 1.98512497e+02,
    3.04253479e+02, 1.91204987e+02, 3.47644867e+02, 1.84434952e+02,
    3.90180786e+02, 1.77800934e+02, 4.30277466e+02, 1.71727829e+02,
    1.70797791e+02, 2.61190735e+02, 2.20268356e+02, 2.52982193e+02,
    2.66086151e+02, 2.43844437e+02, 3.11489471e+02, 2.36380264e+02,
    3.53697052e+02, 2.28218735e+02, 3.95692261e+02, 2.21389786e+02,
    4.35229584e+02, 2.13859726e+02, 1.80350113e+02, 3.06592316e+02,
    2.27385605e+02, 2.97001068e+02, 2.72567383e+02, 2.87593140e+02,
    3.17187531e+02, 2.78871643e+02, 3.59975067e+02, 2.71366364e+02,
    4.00369141e+02, 2.63127838e+02, 4.40745392e+02, 2.55706192e+02 ]
CalibrationFramePatternWorld: [ 0., 0., 0., 0., 2.70000007e-02, 0., 0.,
    5.40000014e-02, 0., 0., 8.10000002e-02, 0., 0., 1.08000003e-01, 0.,
    0., 1.35000005e-01, 0., 0., 1.62000000e-01, 0., 2.70000007e-02, 0.,
    0., 2.70000007e-02, 2.70000007e-02, 0., 2.70000007e-02,
    5.40000014e-02, 0., 2.70000007e-02, 8.10000002e-02, 0.,
    2.70000007e-02, 1.08000003e-01, 0., 2.70000007e-02, 1.35000005e-01,
    0., 2.70000007e-02, 1.62000000e-01, 0., 5.40000014e-02, 0., 0.,
    5.40000014e-02, 2.70000007e-02, 0., 5.40000014e-02, 5.40000014e-02,
    0., 5.40000014e-02, 8.10000002e-02, 0., 5.40000014e-02,
    1.08000003e-01, 0., 5.40000014e-02, 1.35000005e-01, 0.,
    5.40000014e-02, 1.62000000e-01, 0., 8.10000002e-02, 0., 0.,
    8.10000002e-02, 2.70000007e-02, 0., 8.10000002e-02, 5.40000014e-02,
    0., 8.10000002e-02, 8.10000002e-02, 0., 8.10000002e-02,
    1.08000003e-01, 0., 8.10000002e-02, 1.35000005e-01, 0.,
    8.10000002e-02, 1.62000000e-01, 0., 1.08000003e-01, 0., 0.,
    1.08000003e-01, 2.70000007e-02, 0., 1.08000003e-01, 5.40000014e-02,
    0., 1.08000003e-01, 8.10000002e-02, 0., 1.08000003e-01,
    1.08000003e-01, 0., 1.08000003e-01, 1.35000005e-01, 0.,
    1.08000003e-01, 1.62000000e-01, 0. ]
CalibrationFrameExtRotation: !!opencv-matrix
   rows: 3
   cols: 1
   dt: d
   data: [ 2.2735837083529877e+00, 1.9419702509342200e+00,
       4.7879575645625505e-01 ]
CalibrationFrameExtTranslation: !!opencv-matrix
   rows: 3
   cols: 1
   dt: d
   data: [ -1.1186806078444404e-01, -6.4659858501659270e-02,
       2.9965493394241144e-01 ]
CalibrationFrameRMSerror: 6.2991428375244141e-01
