%YAML:1.0
---
CalibrationFramePatternImage: [ 3.28078766e+02, 1.45160370e+02,
    3.63986359e+02, 1.41637512e+02, 4.00760437e+02, 1.37777161e+02,
    4.38576874e+02, 1.33986450e+02, 4.77578003e+02, 1.30019196e+02,
    5.17958069e+02, 1.25604309e+02, 5.59420349e+02, 1.21457123e+02,
    3.32124664e+02, 1.80912918e+02, 3.67587311e+02, 1.77850052e+02,
    4.03945496e+02, 1.74797272e+02, 4.41467834e+02, 1.71573776e+02,
    4.79758026e+02, 1.68115402e+02, 5.19696045e+02, 1.64466522e+02,
    5.60467346e+02, 1.60961853e+02, 3.35695618e+02, 2.15019119e+02,
    3.70850891e+02, 2.12593704e+02, 4.06878204e+02, 2.09874512e+02,
    4.43832428e+02, 2.07423584e+02, 4.82084198e+02, 2.04984726e+02,
    5.21301392e+02, 2.01866837e+02, 5.61731934e+02, 1.99334671e+02,
    3.39126160e+02, 2.47966873e+02, 3.74003723e+02, 2.46053253e+02,
    4.09672394e+02, 2.44325546e+02, 4.46108185e+02, 2.42208328e+02,
    4.83882812e+02, 2.40282654e+02, 5.22777344e+02, 2.38426010e+02,
    5.62821167e+02, 2.36310410e+02, 3.42763855e+02, 2.80434998e+02,
    3.76955536e+02, 2.78999786e+02, 4.12156342e+02, 2.77589630e+02,
    4.48386108e+02, 2.76435089e+02, 4.85496979e+02, 2.75020020e+02,
    5.23719971e+02, 2.74017426e+02, 5.63415161e+02, 2.72519409e+02 ]
CalibrationFramePatternWorld: [ 0., 0., 0., 0., 2.70000007e-02, 0., 0.,
    5.40000014e-02, 0., 0., 8.10000002e-02, 0., 0., 1.08000003e-01, 0.,
    0., 1.35000005e-01, 0., 0., 1.62000000e-01, 0., 2.70000007e-02, 0.,
    0., 2.70000007e-02, 2.70000007e-02, 0., 2.70000007e-02,
    5.40000014e-02, 0., 2.70000007e-02, 8.10000002e-02, 0.,
    2.70000007e-02, 1.08000003e-01, 0., 2.70000007e-02, 1.35000005e-01,
    0., 2.70000007e-02, 1.62000000e-01, 0., 5.40000014e-02, 0., 0.,
    5.40000014e-02, 2.70000007e-02, 0., 5.40000014e-02, 5.40000014e-02,
    0., 5.40000014e-02, 8.10000002e-02, 0., 5.40000014e-02,
    1.08000003e-01, 0., 5.40000014e-02, 1.35000005e-01, 0.,
    5.40000014e-02, 1.62000000e-01, 0., 8.10000002e-02, 0., 0.,
    8.10000002e-02, 2.70000007e-02, 0., 8.10000002e-02, 5.40000014e-02,
    0., 8.10000002e-02, 8.10000002e-02, 0., 8.10000002e-02,
    1.08000003e-01, 0., 8.10000002e-02, 1.35000005e-01, 0.,
    8.10000002e-02, 1.62000000e-01, 0., 1.08000003e-01, 0., 0.,
    1.08000003e-01, 2.70000007e-02, 0., 1.08000003e-01, 5.40000014e-02,
    0., 1.08000003e-01, 8.10000002e-02, 0., 1.08000003e-01,
    1.08000003e-01, 0., 1.08000003e-01, 1.35000005e-01, 0.,
    1.08000003e-01, 1.62000000e-01, 0. ]
CalibrationFrameExtRotation: !!opencv-matrix
   rows: 3
   cols: 1
   dt: d
   data: [ -2.0979829614032410e+00, -1.9327356534439306e+00,
       -3.9282523240138888e-02 ]
CalibrationFrameExtTranslation: !!opencv-matrix
   rows: 3
   cols: 1
   dt: d
   data: [ -1.8522470199100572e-02, -6.8331055711172220e-02,
       4.2834691513777345e-01 ]
CalibrationFrameRMSerror: 5.3057402372360229e-01
