%YAML:1.0
---
CalibrationFramePatternImage: [ 2.96087303e+01, 3.35141327e+02,
    4.88775711e+01, 3.30704742e+02, 6.78124390e+01, 3.26496674e+02,
    8.61014633e+01, 3.22094849e+02, 1.04506134e+02, 3.17817566e+02,
    1.22609802e+02, 3.13682892e+02, 1.40566757e+02, 3.09398346e+02,
    3.14549656e+01, 3.52630493e+02, 5.04314690e+01, 3.48332703e+02,
    6.95323486e+01, 3.43681763e+02, 8.86083984e+01, 3.39288483e+02,
    1.06905556e+02, 3.34980957e+02, 1.25335747e+02, 3.30500610e+02,
    1.43290924e+02, 3.26232544e+02, 3.28061600e+01, 3.70404449e+02,
    5.25559387e+01, 3.65805115e+02, 7.15904770e+01, 3.61266510e+02,
    9.07009354e+01, 3.56658905e+02, 1.09464928e+02, 3.52014008e+02,
    1.27839745e+02, 3.47546051e+02, 1.46094131e+02, 3.43048126e+02,
    3.47207565e+01, 3.88456848e+02, 5.44200668e+01, 3.83800110e+02,
    7.39028168e+01, 3.78844147e+02, 9.28228531e+01, 3.74289429e+02,
    1.11651230e+02, 3.69528870e+02, 1.30435074e+02, 3.64778900e+02,
    1.48697479e+02, 3.60342285e+02, 3.66333580e+01, 4.06738007e+02,
    5.63266144e+01, 4.02194336e+02, 7.58859482e+01, 3.97074707e+02,
    9.51182861e+01, 3.92194794e+02, 1.14087036e+02, 3.87439789e+02,
    1.32894547e+02, 3.82456726e+02, 1.51496841e+02, 3.77773438e+02 ]
CalibrationFramePatternWorld: [ 0., 0., 0., 0., 2.70000007e-02, 0., 0.,
    5.40000014e-02, 0., 0., 8.10000002e-02, 0., 0., 1.08000003e-01, 0.,
    0., 1.35000005e-01, 0., 0., 1.62000000e-01, 0., 2.70000007e-02, 0.,
    0., 2.70000007e-02, 2.70000007e-02, 0., 2.70000007e-02,
    5.40000014e-02, 0., 2.70000007e-02, 8.10000002e-02, 0.,
    2.70000007e-02, 1.08000003e-01, 0., 2.70000007e-02, 1.35000005e-01,
    0., 2.70000007e-02, 1.62000000e-01, 0., 5.40000014e-02, 0., 0.,
    5.40000014e-02, 2.70000007e-02, 0., 5.40000014e-02, 5.40000014e-02,
    0., 5.40000014e-02, 8.10000002e-02, 0., 5.40000014e-02,
    1.08000003e-01, 0., 5.40000014e-02, 1.35000005e-01, 0.,
    5.40000014e-02, 1.62000000e-01, 0., 8.10000002e-02, 0., 0.,
    8.10000002e-02, 2.70000007e-02, 0., 8.10000002e-02, 5.40000014e-02,
    0., 8.10000002e-02, 8.10000002e-02, 0., 8.10000002e-02,
    1.08000003e-01, 0., 8.10000002e-02, 1.35000005e-01, 0.,
    8.10000002e-02, 1.62000000e-01, 0., 1.08000003e-01, 0., 0.,
    1.08000003e-01, 2.70000007e-02, 0., 1.08000003e-01, 5.40000014e-02,
    0., 1.08000003e-01, 8.10000002e-02, 0., 1.08000003e-01,
    1.08000003e-01, 0., 1.08000003e-01, 1.35000005e-01, 0.,
    1.08000003e-01, 1.62000000e-01, 0. ]
CalibrationFrameExtRotation: !!opencv-matrix
   rows: 3
   cols: 1
   dt: d
   data: [ 2.1532901620510931e+00, 1.6471829311592383e+00,
       -2.0585772018485515e-01 ]
CalibrationFrameExtTranslation: !!opencv-matrix
   rows: 3
   cols: 1
   dt: d
   data: [ -4.8243334566323071e-01, 1.5032815092956800e-01,
       8.3129475072770009e-01 ]
CalibrationFrameRMSerror: 2.4062180519104004e-01
