%YAML:1.0
---
CalibrationFramePatternImage: [ 4.80236755e+02, 2.32988033e+01,
    4.96876434e+02, 2.43656559e+01, 5.13407349e+02, 2.58472462e+01,
    5.30259949e+02, 2.68776131e+01, 5.47336792e+02, 2.83930607e+01,
    5.64216003e+02, 2.94974194e+01, 5.81350647e+02, 3.09616985e+01,
    4.78529785e+02, 3.69652786e+01, 4.94921509e+02, 3.85145988e+01,
    5.11835571e+02, 3.96726303e+01, 5.28804260e+02, 4.11201782e+01,
    5.45666199e+02, 4.25220490e+01, 5.63011169e+02, 4.39227943e+01,
    5.80489990e+02, 4.51357651e+01, 4.76525269e+02, 5.09184494e+01,
    4.93447845e+02, 5.20274544e+01, 5.10149323e+02, 5.39055061e+01,
    5.27164551e+02, 5.53742638e+01, 5.44559998e+02, 5.65776405e+01,
    5.61666687e+02, 5.82000008e+01, 5.79078674e+02, 5.94571114e+01,
    4.74736938e+02, 6.38496017e+01, 4.91441559e+02, 6.63589630e+01,
    5.08574219e+02, 6.78175125e+01, 5.25639709e+02, 6.96153564e+01,
    5.42806091e+02, 7.10169296e+01, 5.60411621e+02, 7.25445328e+01,
    5.78021362e+02, 7.40117035e+01, 4.72889038e+02, 7.89353943e+01,
    4.89702393e+02, 8.05308380e+01, 5.06566711e+02, 8.23787308e+01,
    5.23966492e+02, 8.38829117e+01, 5.41517212e+02, 8.56383286e+01,
    5.59032837e+02, 8.71810532e+01, 5.76766541e+02, 8.89240189e+01 ]
CalibrationFramePatternWorld: [ 0., 0., 0., 0., 2.70000007e-02, 0., 0.,
    5.40000014e-02, 0., 0., 8.10000002e-02, 0., 0., 1.08000003e-01, 0.,
    0., 1.35000005e-01, 0., 0., 1.62000000e-01, 0., 2.70000007e-02, 0.,
    0., 2.70000007e-02, 2.70000007e-02, 0., 2.70000007e-02,
    5.40000014e-02, 0., 2.70000007e-02, 8.10000002e-02, 0.,
    2.70000007e-02, 1.08000003e-01, 0., 2.70000007e-02, 1.35000005e-01,
    0., 2.70000007e-02, 1.62000000e-01, 0., 5.40000014e-02, 0., 0.,
    5.40000014e-02, 2.70000007e-02, 0., 5.40000014e-02, 5.40000014e-02,
    0., 5.40000014e-02, 8.10000002e-02, 0., 5.40000014e-02,
    1.08000003e-01, 0., 5.40000014e-02, 1.35000005e-01, 0.,
    5.40000014e-02, 1.62000000e-01, 0., 8.10000002e-02, 0., 0.,
    8.10000002e-02, 2.70000007e-02, 0., 8.10000002e-02, 5.40000014e-02,
    0., 8.10000002e-02, 8.10000002e-02, 0., 8.10000002e-02,
    1.08000003e-01, 0., 8.10000002e-02, 1.35000005e-01, 0.,
    8.10000002e-02, 1.62000000e-01, 0., 1.08000003e-01, 0., 0.,
    1.08000003e-01, 2.70000007e-02, 0., 1.08000003e-01, 5.40000014e-02,
    0., 1.08000003e-01, 8.10000002e-02, 0., 1.08000003e-01,
    1.08000003e-01, 0., 1.08000003e-01, 1.35000005e-01, 0.,
    1.08000003e-01, 1.62000000e-01, 0. ]
CalibrationFrameExtRotation: !!opencv-matrix
   rows: 3
   cols: 1
   dt: d
   data: [ 1.9363249938712273e+00, 2.2563120421803711e+00,
       -3.8665027905683180e-01 ]
CalibrationFrameExtTranslation: !!opencv-matrix
   rows: 3
   cols: 1
   dt: d
   data: [ 2.1085556179603235e-01, -3.6008012620482382e-01,
       9.7727468451939425e-01 ]
CalibrationFrameRMSerror: 2.5460872054100037e-01
