%YAML:1.0
---
CalibrationFramePatternImage: [ 2.65211273e+02, 1.34969498e+02,
    2.82656738e+02, 1.29905396e+02, 2.99561615e+02, 1.25028740e+02,
    3.16480774e+02, 1.20219200e+02, 3.32302887e+02, 1.15760155e+02,
    3.47972412e+02, 1.11406082e+02, 3.63636780e+02, 1.07001572e+02,
    2.68032990e+02, 1.53864136e+02, 2.85326874e+02, 1.48600723e+02,
    3.01976868e+02, 1.43563492e+02, 3.18368011e+02, 1.38584198e+02,
    3.34309509e+02, 1.33736008e+02, 3.49862427e+02, 1.29177673e+02,
    3.64675079e+02, 1.24677834e+02, 2.70833038e+02, 1.72027878e+02,
    2.87685089e+02, 1.66608643e+02, 3.04394165e+02, 1.61264542e+02,
    3.20094360e+02, 1.56163300e+02, 3.35734528e+02, 1.51288498e+02,
    3.50892761e+02, 1.46527145e+02, 3.65662689e+02, 1.41744888e+02,
    2.73926208e+02, 1.89490356e+02, 2.90498016e+02, 1.83947098e+02,
    3.06299805e+02, 1.78256363e+02, 3.22195374e+02, 1.73078659e+02,
    3.37625763e+02, 1.67945145e+02, 3.52687531e+02, 1.63047592e+02,
    3.67383362e+02, 1.58073288e+02, 2.76361938e+02, 2.06404602e+02,
    2.92621185e+02, 2.00366669e+02, 3.08445618e+02, 1.95017639e+02,
    3.23741180e+02, 1.89465790e+02, 3.38901489e+02, 1.84138535e+02,
    3.53691986e+02, 1.79102463e+02, 3.68072571e+02, 1.74372421e+02 ]
CalibrationFramePatternWorld: [ 0., 0., 0., 0., 2.70000007e-02, 0., 0.,
    5.40000014e-02, 0., 0., 8.10000002e-02, 0., 0., 1.08000003e-01, 0.,
    0., 1.35000005e-01, 0., 0., 1.62000000e-01, 0., 2.70000007e-02, 0.,
    0., 2.70000007e-02, 2.70000007e-02, 0., 2.70000007e-02,
    5.40000014e-02, 0., 2.70000007e-02, 8.10000002e-02, 0.,
    2.70000007e-02, 1.08000003e-01, 0., 2.70000007e-02, 1.35000005e-01,
    0., 2.70000007e-02, 1.62000000e-01, 0., 5.40000014e-02, 0., 0.,
    5.40000014e-02, 2.70000007e-02, 0., 5.40000014e-02, 5.40000014e-02,
    0., 5.40000014e-02, 8.10000002e-02, 0., 5.40000014e-02,
    1.08000003e-01, 0., 5.40000014e-02, 1.35000005e-01, 0.,
    5.40000014e-02, 1.62000000e-01, 0., 8.10000002e-02, 0., 0.,
    8.10000002e-02, 2.70000007e-02, 0., 8.10000002e-02, 5.40000014e-02,
    0., 8.10000002e-02, 8.10000002e-02, 0., 8.10000002e-02,
    1.08000003e-01, 0., 8.10000002e-02, 1.35000005e-01, 0.,
    8.10000002e-02, 1.62000000e-01, 0., 1.08000003e-01, 0., 0.,
    1.08000003e-01, 2.70000007e-02, 0., 1.08000003e-01, 5.40000014e-02,
    0., 1.08000003e-01, 8.10000002e-02, 0., 1.08000003e-01,
    1.08000003e-01, 0., 1.08000003e-01, 1.35000005e-01, 0.,
    1.08000003e-01, 1.62000000e-01, 0. ]
CalibrationFrameExtRotation: !!opencv-matrix
   rows: 3
   cols: 1
   dt: d
   data: [ 2.2626967041946022e+00, 1.7786052697353028e+00,
       1.1043410761363701e+00 ]
CalibrationFrameExtTranslation: !!opencv-matrix
   rows: 3
   cols: 1
   dt: d
   data: [ -1.1908918685619518e-01, -1.3588888203058619e-01,
       7.6651384024766478e-01 ]
CalibrationFrameRMSerror: 2.0939227938652039e-01
