%YAML:1.0
---
CalibrationFramePatternImage: [ 4.95640793e+01, 1.52670380e+02,
    6.93533630e+01, 1.56756439e+02, 8.84021988e+01, 1.60913864e+02,
    1.07000931e+02, 1.64617264e+02, 1.24658607e+02, 1.68421692e+02,
    1.42009705e+02, 1.72089554e+02, 1.59074738e+02, 1.75622940e+02,
    4.55064735e+01, 1.70395126e+02, 6.51992569e+01, 1.74401199e+02,
    8.44493332e+01, 1.77763336e+02, 1.02632736e+02, 1.81225037e+02,
    1.20499443e+02, 1.84582733e+02, 1.37739914e+02, 1.88160416e+02,
    1.54583725e+02, 1.91181107e+02, 4.16405716e+01, 1.87706543e+02,
    6.12669716e+01, 1.91185257e+02, 8.02987518e+01, 1.94284668e+02,
    9.86844635e+01, 1.97261261e+02, 1.16533920e+02, 2.00548691e+02,
    1.33901810e+02, 2.03588776e+02, 1.50447998e+02, 2.06616501e+02,
    3.77318153e+01, 2.04512497e+02, 5.75234947e+01, 2.07737549e+02,
    7.63504715e+01, 2.10568619e+02, 9.45898056e+01, 2.13464340e+02,
    1.12373047e+02, 2.16323761e+02, 1.29614517e+02, 2.19192581e+02,
    1.46549088e+02, 2.21649597e+02, 3.41901207e+01, 2.21061111e+02,
    5.37306480e+01, 2.23856857e+02, 7.26412125e+01, 2.26698334e+02,
    9.08799591e+01, 2.29391144e+02, 1.08602837e+02, 2.31868408e+02,
    1.25957840e+02, 2.34407822e+02, 1.42676010e+02, 2.36722580e+02 ]
CalibrationFramePatternWorld: [ 0., 0., 0., 0., 2.70000007e-02, 0., 0.,
    5.40000014e-02, 0., 0., 8.10000002e-02, 0., 0., 1.08000003e-01, 0.,
    0., 1.35000005e-01, 0., 0., 1.62000000e-01, 0., 2.70000007e-02, 0.,
    0., 2.70000007e-02, 2.70000007e-02, 0., 2.70000007e-02,
    5.40000014e-02, 0., 2.70000007e-02, 8.10000002e-02, 0.,
    2.70000007e-02, 1.08000003e-01, 0., 2.70000007e-02, 1.35000005e-01,
    0., 2.70000007e-02, 1.62000000e-01, 0., 5.40000014e-02, 0., 0.,
    5.40000014e-02, 2.70000007e-02, 0., 5.40000014e-02, 5.40000014e-02,
    0., 5.40000014e-02, 8.10000002e-02, 0., 5.40000014e-02,
    1.08000003e-01, 0., 5.40000014e-02, 1.35000005e-01, 0.,
    5.40000014e-02, 1.62000000e-01, 0., 8.10000002e-02, 0., 0.,
    8.10000002e-02, 2.70000007e-02, 0., 8.10000002e-02, 5.40000014e-02,
    0., 8.10000002e-02, 8.10000002e-02, 0., 8.10000002e-02,
    1.08000003e-01, 0., 8.10000002e-02, 1.35000005e-01, 0.,
    8.10000002e-02, 1.62000000e-01, 0., 1.08000003e-01, 0., 0.,
    1.08000003e-01, 2.70000007e-02, 0., 1.08000003e-01, 5.40000014e-02,
    0., 1.08000003e-01, 8.10000002e-02, 0., 1.08000003e-01,
    1.08000003e-01, 0., 1.08000003e-01, 1.35000005e-01, 0.,
    1.08000003e-01, 1.62000000e-01, 0. ]
CalibrationFrameExtRotation: !!opencv-matrix
   rows: 3
   cols: 1
   dt: d
   data: [ 1.6795402608707579e+00, 2.2189158038361767e+00,
       9.7695815546991616e-01 ]
CalibrationFrameExtTranslation: !!opencv-matrix
   rows: 3
   cols: 1
   dt: d
   data: [ -4.3896757761444860e-01, -1.1836272049519556e-01,
       8.0811390528846316e-01 ]
CalibrationFrameRMSerror: 1.9642090797424316e-01
