%YAML:1.0
---
CalibrationFramePatternImage: [ 4.72725281e+02, 2.65424500e+02,
    4.94078918e+02, 2.70472992e+02, 5.15199829e+02, 2.75469330e+02,
    5.36133728e+02, 2.80448639e+02, 5.56611206e+02, 2.85511963e+02,
    5.76664978e+02, 2.89974457e+02, 5.96943420e+02, 2.94530945e+02,
    4.68126953e+02, 2.88462280e+02, 4.89576233e+02, 2.93391327e+02,
    5.10732727e+02, 2.98174744e+02, 5.31560364e+02, 3.03208344e+02,
    5.52359741e+02, 3.07575287e+02, 5.72589233e+02, 3.12412720e+02,
    5.92473938e+02, 3.16590820e+02, 4.63590454e+02, 3.11444092e+02,
    4.85017090e+02, 3.15882629e+02, 5.06303223e+02, 3.20704712e+02,
    5.27156189e+02, 3.25228088e+02, 5.47884155e+02, 3.29713379e+02,
    5.68125793e+02, 3.34193359e+02, 5.88445862e+02, 3.38463348e+02,
    4.58895386e+02, 3.34134247e+02, 4.80653107e+02, 3.38901184e+02,
    5.01797424e+02, 3.43170410e+02, 5.22798706e+02, 3.47590027e+02,
    5.43617981e+02, 3.51741669e+02, 5.64391174e+02, 3.56202026e+02,
    5.84798523e+02, 3.60316162e+02, 4.54594696e+02, 3.57231476e+02,
    4.76230011e+02, 3.61445984e+02, 4.97474060e+02, 3.65794342e+02,
    5.18893982e+02, 3.69919281e+02, 5.39547119e+02, 3.74160736e+02,
    5.60400757e+02, 3.78090485e+02, 5.80743469e+02, 3.82011810e+02 ]
CalibrationFramePatternWorld: [ 0., 0., 0., 0., 2.70000007e-02, 0., 0.,
    5.40000014e-02, 0., 0., 8.10000002e-02, 0., 0., 1.08000003e-01, 0.,
    0., 1.35000005e-01, 0., 0., 1.62000000e-01, 0., 2.70000007e-02, 0.,
    0., 2.70000007e-02, 2.70000007e-02, 0., 2.70000007e-02,
    5.40000014e-02, 0., 2.70000007e-02, 8.10000002e-02, 0.,
    2.70000007e-02, 1.08000003e-01, 0., 2.70000007e-02, 1.35000005e-01,
    0., 2.70000007e-02, 1.62000000e-01, 0., 5.40000014e-02, 0., 0.,
    5.40000014e-02, 2.70000007e-02, 0., 5.40000014e-02, 5.40000014e-02,
    0., 5.40000014e-02, 8.10000002e-02, 0., 5.40000014e-02,
    1.08000003e-01, 0., 5.40000014e-02, 1.35000005e-01, 0.,
    5.40000014e-02, 1.62000000e-01, 0., 8.10000002e-02, 0., 0.,
    8.10000002e-02, 2.70000007e-02, 0., 8.10000002e-02, 5.40000014e-02,
    0., 8.10000002e-02, 8.10000002e-02, 0., 8.10000002e-02,
    1.08000003e-01, 0., 8.10000002e-02, 1.35000005e-01, 0.,
    8.10000002e-02, 1.62000000e-01, 0., 1.08000003e-01, 0., 0.,
    1.08000003e-01, 2.70000007e-02, 0., 1.08000003e-01, 5.40000014e-02,
    0., 1.08000003e-01, 8.10000002e-02, 0., 1.08000003e-01,
    1.08000003e-01, 0., 1.08000003e-01, 1.35000005e-01, 0.,
    1.08000003e-01, 1.62000000e-01, 0. ]
CalibrationFrameExtRotation: !!opencv-matrix
   rows: 3
   cols: 1
   dt: d
   data: [ 1.8243705612739907e+00, 2.2923747275714250e+00,
       1.7654769513451837e-01 ]
CalibrationFrameExtTranslation: !!opencv-matrix
   rows: 3
   cols: 1
   dt: d
   data: [ 1.3800933770896445e-01, 3.6044741349305964e-02,
       6.6783045309523204e-01 ]
CalibrationFrameRMSerror: 2.5775021314620972e-01
