%YAML:1.0
---
CalibrationFramePatternImage: [ 1.20386452e+02, 1.34167923e+02,
    1.72113174e+02, 1.32570541e+02, 2.20708786e+02, 1.31054657e+02,
    2.66509796e+02, 1.29544128e+02, 3.09733154e+02, 1.28246674e+02,
    3.50323151e+02, 1.26890594e+02, 3.89019287e+02, 1.25513916e+02,
    1.25518372e+02, 1.84910095e+02, 1.76124786e+02, 1.81499283e+02,
    2.23262619e+02, 1.78113113e+02, 2.67854218e+02, 1.75430145e+02,
    3.09705841e+02, 1.72298233e+02, 3.49731506e+02, 1.69629990e+02,
    3.87291016e+02, 1.67004578e+02, 1.30632980e+02, 2.32075165e+02,
    1.79674438e+02, 2.27198456e+02, 2.26212494e+02, 2.22731491e+02,
    2.69338593e+02, 2.18140060e+02, 3.10658661e+02, 2.14248703e+02,
    3.49535950e+02, 2.10193970e+02, 3.86636261e+02, 2.06400757e+02,
    1.35254807e+02, 2.76990204e+02, 1.83832352e+02, 2.71067566e+02,
    2.28396866e+02, 2.64571808e+02, 2.70798187e+02, 2.59093323e+02,
    3.11006256e+02, 2.53995804e+02, 3.49437408e+02, 2.49154953e+02,
    3.85993988e+02, 2.44627457e+02, 1.40825699e+02, 3.20251953e+02,
    1.87175003e+02, 3.12588287e+02, 2.31110687e+02, 3.05268585e+02,
    2.73030457e+02, 2.98479004e+02, 3.12137665e+02, 2.92605835e+02,
    3.49645050e+02, 2.86600677e+02, 3.85498230e+02, 2.81199341e+02 ]
CalibrationFramePatternWorld: [ 0., 0., 0., 0., 2.70000007e-02, 0., 0.,
    5.40000014e-02, 0., 0., 8.10000002e-02, 0., 0., 1.08000003e-01, 0.,
    0., 1.35000005e-01, 0., 0., 1.62000000e-01, 0., 2.70000007e-02, 0.,
    0., 2.70000007e-02, 2.70000007e-02, 0., 2.70000007e-02,
    5.40000014e-02, 0., 2.70000007e-02, 8.10000002e-02, 0.,
    2.70000007e-02, 1.08000003e-01, 0., 2.70000007e-02, 1.35000005e-01,
    0., 2.70000007e-02, 1.62000000e-01, 0., 5.40000014e-02, 0., 0.,
    5.40000014e-02, 2.70000007e-02, 0., 5.40000014e-02, 5.40000014e-02,
    0., 5.40000014e-02, 8.10000002e-02, 0., 5.40000014e-02,
    1.08000003e-01, 0., 5.40000014e-02, 1.35000005e-01, 0.,
    5.40000014e-02, 1.62000000e-01, 0., 8.10000002e-02, 0., 0.,
    8.10000002e-02, 2.70000007e-02, 0., 8.10000002e-02, 5.40000014e-02,
    0., 8.10000002e-02, 8.10000002e-02, 0., 8.10000002e-02,
    1.08000003e-01, 0., 8.10000002e-02, 1.35000005e-01, 0.,
    8.10000002e-02, 1.62000000e-01, 0., 1.08000003e-01, 0., 0.,
    1.08000003e-01, 2.70000007e-02, 0., 1.08000003e-01, 5.40000014e-02,
    0., 1.08000003e-01, 8.10000002e-02, 0., 1.08000003e-01,
    1.08000003e-01, 0., 1.08000003e-01, 1.35000005e-01, 0.,
    1.08000003e-01, 1.62000000e-01, 0. ]
CalibrationFrameExtRotation: !!opencv-matrix
   rows: 3
   cols: 1
   dt: d
   data: [ 2.1373936743891528e+00, 2.0222196952691456e+00,
       7.4666002241180307e-01 ]
CalibrationFrameExtTranslation: !!opencv-matrix
   rows: 3
   cols: 1
   dt: d
   data: [ -1.2476305421595277e-01, -5.3598777513405242e-02,
       3.0186352963136226e-01 ]
CalibrationFrameRMSerror: 4.6165990829467773e-01
