%YAML:1.0
---
CalibrationFramePatternImage: [ 1.08147972e+02, 1.34992462e+02,
    1.39674728e+02, 1.27069519e+02, 1.69735596e+02, 1.19724289e+02,
    1.98160385e+02, 1.12438744e+02, 2.25296951e+02, 1.05925720e+02,
    2.50475235e+02, 9.95731659e+01, 2.74753479e+02, 9.36866913e+01,
    1.21639107e+02, 1.60271851e+02, 1.53577255e+02, 1.51786072e+02,
    1.83443451e+02, 1.43634659e+02, 2.12144821e+02, 1.35958557e+02,
    2.38848587e+02, 1.28769562e+02, 2.64476288e+02, 1.21668602e+02,
    2.88645142e+02, 1.15239555e+02, 1.35463669e+02, 1.86115677e+02,
    1.67479050e+02, 1.76735504e+02, 1.97539642e+02, 1.68090424e+02,
    2.25804382e+02, 1.59724625e+02, 2.52982010e+02, 1.51508713e+02,
    2.78444153e+02, 1.44027588e+02, 3.02731628e+02, 1.36579559e+02,
    1.49371689e+02, 2.12760757e+02, 1.81418045e+02, 2.02737656e+02,
    2.11647232e+02, 1.93059860e+02, 2.40167572e+02, 1.83879730e+02,
    2.67281982e+02, 1.75176956e+02, 2.92880524e+02, 1.66482330e+02,
    3.17269775e+02, 1.58531082e+02, 1.63433884e+02, 2.40616669e+02,
    1.95608337e+02, 2.29624390e+02, 2.26103546e+02, 2.18904755e+02,
    2.54833481e+02, 2.08796204e+02, 2.81979736e+02, 1.99095154e+02,
    3.07588165e+02, 1.89669983e+02, 3.32117981e+02, 1.80965729e+02 ]
CalibrationFramePatternWorld: [ 0., 0., 0., 0., 2.70000007e-02, 0., 0.,
    5.40000014e-02, 0., 0., 8.10000002e-02, 0., 0., 1.08000003e-01, 0.,
    0., 1.35000005e-01, 0., 0., 1.62000000e-01, 0., 2.70000007e-02, 0.,
    0., 2.70000007e-02, 2.70000007e-02, 0., 2.70000007e-02,
    5.40000014e-02, 0., 2.70000007e-02, 8.10000002e-02, 0.,
    2.70000007e-02, 1.08000003e-01, 0., 2.70000007e-02, 1.35000005e-01,
    0., 2.70000007e-02, 1.62000000e-01, 0., 5.40000014e-02, 0., 0.,
    5.40000014e-02, 2.70000007e-02, 0., 5.40000014e-02, 5.40000014e-02,
    0., 5.40000014e-02, 8.10000002e-02, 0., 5.40000014e-02,
    1.08000003e-01, 0., 5.40000014e-02, 1.35000005e-01, 0.,
    5.40000014e-02, 1.62000000e-01, 0., 8.10000002e-02, 0., 0.,
    8.10000002e-02, 2.70000007e-02, 0., 8.10000002e-02, 5.40000014e-02,
    0., 8.10000002e-02, 8.10000002e-02, 0., 8.10000002e-02,
    1.08000003e-01, 0., 8.10000002e-02, 1.35000005e-01, 0.,
    8.10000002e-02, 1.62000000e-01, 0., 1.08000003e-01, 0., 0.,
    1.08000003e-01, 2.70000007e-02, 0., 1.08000003e-01, 5.40000014e-02,
    0., 1.08000003e-01, 8.10000002e-02, 0., 1.08000003e-01,
    1.08000003e-01, 0., 1.08000003e-01, 1.35000005e-01, 0.,
    1.08000003e-01, 1.62000000e-01, 0. ]
CalibrationFrameExtRotation: !!opencv-matrix
   rows: 3
   cols: 1
   dt: d
   data: [ 2.1633124001119044e+00, 1.2948732104036513e+00,
       5.4589281888996442e-02 ]
CalibrationFrameExtTranslation: !!opencv-matrix
   rows: 3
   cols: 1
   dt: d
   data: [ -2.0306104247731438e-01, -8.3042171641537321e-02,
       4.6661117739684449e-01 ]
CalibrationFrameRMSerror: 3.3121621608734131e-01
