%YAML:1.0
---
CalibrationFramePatternImage: [ 2.59661224e+02, 1.86118118e+02,
    2.90421570e+02, 1.97623474e+02, 3.21233215e+02, 2.09352417e+02,
    3.51725891e+02, 2.20695908e+02, 3.82052307e+02, 2.32360519e+02,
    4.12389221e+02, 2.43939270e+02, 4.42440674e+02, 2.55775864e+02,
    2.47889328e+02, 2.16734573e+02, 2.78581604e+02, 2.28448990e+02,
    3.09372925e+02, 2.40150101e+02, 3.39942352e+02, 2.51832397e+02,
    3.70421814e+02, 2.63418915e+02, 4.00923248e+02, 2.74890167e+02,
    4.30971466e+02, 2.86474640e+02, 2.35647919e+02, 2.47105606e+02,
    2.66820831e+02, 2.58771149e+02, 2.97758331e+02, 2.70560394e+02,
    3.28324371e+02, 2.82326172e+02, 3.58776367e+02, 2.93847137e+02,
    3.89258606e+02, 3.05573456e+02, 4.19545349e+02, 3.17121246e+02,
    2.23650223e+02, 2.77637543e+02, 2.54995224e+02, 2.89210602e+02,
    2.85888184e+02, 3.00947784e+02, 3.16661011e+02, 3.12665314e+02,
    3.47338013e+02, 3.24377014e+02, 3.77690308e+02, 3.36070129e+02,
    4.08053040e+02, 3.47818756e+02, 2.11635849e+02, 3.08250031e+02,
    2.42894699e+02, 3.19934418e+02, 2.73881958e+02, 3.31540588e+02,
    3.04600098e+02, 3.43292175e+02, 3.35240601e+02, 3.55342163e+02,
    3.65650696e+02, 3.66751434e+02, 3.95833282e+02, 3.78807159e+02 ]
CalibrationFramePatternWorld: [ 0., 0., 0., 0., 2.70000007e-02, 0., 0.,
    5.40000014e-02, 0., 0., 8.10000002e-02, 0., 0., 1.08000003e-01, 0.,
    0., 1.35000005e-01, 0., 0., 1.62000000e-01, 0., 2.70000007e-02, 0.,
    0., 2.70000007e-02, 2.70000007e-02, 0., 2.70000007e-02,
    5.40000014e-02, 0., 2.70000007e-02, 8.10000002e-02, 0.,
    2.70000007e-02, 1.08000003e-01, 0., 2.70000007e-02, 1.35000005e-01,
    0., 2.70000007e-02, 1.62000000e-01, 0., 5.40000014e-02, 0., 0.,
    5.40000014e-02, 2.70000007e-02, 0., 5.40000014e-02, 5.40000014e-02,
    0., 5.40000014e-02, 8.10000002e-02, 0., 5.40000014e-02,
    1.08000003e-01, 0., 5.40000014e-02, 1.35000005e-01, 0.,
    5.40000014e-02, 1.62000000e-01, 0., 8.10000002e-02, 0., 0.,
    8.10000002e-02, 2.70000007e-02, 0., 8.10000002e-02, 5.40000014e-02,
    0., 8.10000002e-02, 8.10000002e-02, 0., 8.10000002e-02,
    1.08000003e-01, 0., 8.10000002e-02, 1.35000005e-01, 0.,
    8.10000002e-02, 1.62000000e-01, 0., 1.08000003e-01, 0., 0.,
    1.08000003e-01, 2.70000007e-02, 0., 1.08000003e-01, 5.40000014e-02,
    0., 1.08000003e-01, 8.10000002e-02, 0., 1.08000003e-01,
    1.08000003e-01, 0., 1.08000003e-01, 1.35000005e-01, 0.,
    1.08000003e-01, 1.62000000e-01, 0. ]
CalibrationFrameExtRotation: !!opencv-matrix
   rows: 3
   cols: 1
   dt: d
   data: [ 1.7299960512776800e+00, 2.5233173435642704e+00,
       3.5668853925775110e-02 ]
CalibrationFrameExtTranslation: !!opencv-matrix
   rows: 3
   cols: 1
   dt: d
   data: [ -7.6594207363811603e-02, -4.0664580534205387e-02,
       4.6572725113218916e-01 ]
CalibrationFrameRMSerror: 4.7909763455390930e-01
