%YAML:1.0
---
CalibrationFramePatternImage: [ 1.02852623e+02, 2.42994141e+02,
    1.32557343e+02, 2.50016754e+02, 1.61022354e+02, 2.56891724e+02,
    1.88891449e+02, 2.63451385e+02, 2.16124146e+02, 2.70033722e+02,
    2.42867462e+02, 2.76412323e+02, 2.68737427e+02, 2.82529785e+02,
    9.44418259e+01, 2.71476318e+02, 1.24292709e+02, 2.77996552e+02,
    1.53450256e+02, 2.84488403e+02, 1.81651276e+02, 2.91003967e+02,
    2.09180237e+02, 2.97093689e+02, 2.35972885e+02, 3.03217499e+02,
    2.61855835e+02, 3.09115753e+02, 8.63910370e+01, 2.99764832e+02,
    1.16533653e+02, 3.05948578e+02, 1.45741989e+02, 3.12344574e+02,
    1.74391693e+02, 3.18518494e+02, 2.01981613e+02, 3.24242065e+02,
    2.29108124e+02, 3.30097595e+02, 2.55638641e+02, 3.35770599e+02,
    7.82236176e+01, 3.28596466e+02, 1.08429718e+02, 3.34579620e+02,
    1.38156525e+02, 3.40461914e+02, 1.66803543e+02, 3.46178802e+02,
    1.94962814e+02, 3.51838348e+02, 2.22278549e+02, 3.57330444e+02,
    2.49265564e+02, 3.62635559e+02, 6.97441330e+01, 3.57496338e+02,
    1.00374855e+02, 3.63357849e+02, 1.30279922e+02, 3.68920044e+02,
    1.59403976e+02, 3.74275391e+02, 1.87606293e+02, 3.79536102e+02,
    2.15506165e+02, 3.84653839e+02, 2.42365845e+02, 3.89704315e+02 ]
CalibrationFramePatternWorld: [ 0., 0., 0., 0., 2.70000007e-02, 0., 0.,
    5.40000014e-02, 0., 0., 8.10000002e-02, 0., 0., 1.08000003e-01, 0.,
    0., 1.35000005e-01, 0., 0., 1.62000000e-01, 0., 2.70000007e-02, 0.,
    0., 2.70000007e-02, 2.70000007e-02, 0., 2.70000007e-02,
    5.40000014e-02, 0., 2.70000007e-02, 8.10000002e-02, 0.,
    2.70000007e-02, 1.08000003e-01, 0., 2.70000007e-02, 1.35000005e-01,
    0., 2.70000007e-02, 1.62000000e-01, 0., 5.40000014e-02, 0., 0.,
    5.40000014e-02, 2.70000007e-02, 0., 5.40000014e-02, 5.40000014e-02,
    0., 5.40000014e-02, 8.10000002e-02, 0., 5.40000014e-02,
    1.08000003e-01, 0., 5.40000014e-02, 1.35000005e-01, 0.,
    5.40000014e-02, 1.62000000e-01, 0., 8.10000002e-02, 0., 0.,
    8.10000002e-02, 2.70000007e-02, 0., 8.10000002e-02, 5.40000014e-02,
    0., 8.10000002e-02, 8.10000002e-02, 0., 8.10000002e-02,
    1.08000003e-01, 0., 8.10000002e-02, 1.35000005e-01, 0.,
    8.10000002e-02, 1.62000000e-01, 0., 1.08000003e-01, 0., 0.,
    1.08000003e-01, 2.70000007e-02, 0., 1.08000003e-01, 5.40000014e-02,
    0., 1.08000003e-01, 8.10000002e-02, 0., 1.08000003e-01,
    1.08000003e-01, 0., 1.08000003e-01, 1.35000005e-01, 0.,
    1.08000003e-01, 1.62000000e-01, 0. ]
CalibrationFrameExtRotation: !!opencv-matrix
   rows: 3
   cols: 1
   dt: d
   data: [ 1.7263028916733580e+00, 2.2186827227031531e+00,
       2.2612194266911295e-01 ]
CalibrationFrameExtTranslation: !!opencv-matrix
   rows: 3
   cols: 1
   dt: d
   data: [ -2.3375575782432315e-01, 7.5618540527608658e-03,
       5.2356377626725226e-01 ]
CalibrationFrameRMSerror: 3.8155087828636169e-01
