%YAML:1.0
---
CalibrationFramePatternImage: [ 2.53774811e+02, 1.45971527e+02,
    2.74489075e+02, 1.55407089e+02, 2.95366425e+02, 1.64774414e+02,
    3.16246490e+02, 1.74005539e+02, 3.37387665e+02, 1.83607468e+02,
    3.58443085e+02, 1.93277557e+02, 3.79899994e+02, 2.02890656e+02,
    2.43130737e+02, 1.65691193e+02, 2.63982178e+02, 1.75475281e+02,
    2.84946716e+02, 1.84871033e+02, 3.06120819e+02, 1.94769089e+02,
    3.27307709e+02, 2.04213013e+02, 3.48507782e+02, 2.14134552e+02,
    3.69946442e+02, 2.23797577e+02, 2.32410172e+02, 1.85794281e+02,
    2.53277435e+02, 1.95523056e+02, 2.74393280e+02, 2.05334076e+02,
    2.95629791e+02, 2.15187592e+02, 3.16926147e+02, 2.25280975e+02,
    3.38349579e+02, 2.35101898e+02, 3.59892456e+02, 2.44869049e+02,
    2.21698929e+02, 2.06185181e+02, 2.42794998e+02, 2.16124496e+02,
    2.64125305e+02, 2.26081573e+02, 2.85256409e+02, 2.36068359e+02,
    3.06637054e+02, 2.46029907e+02, 3.28214783e+02, 2.56267303e+02,
    3.49706665e+02, 2.66250549e+02, 2.10729401e+02, 2.26855850e+02,
    2.31813263e+02, 2.36918182e+02, 2.53117645e+02, 2.46948303e+02,
    2.74858673e+02, 2.56907776e+02, 2.96288788e+02, 2.67182678e+02,
    3.17936737e+02, 2.77492981e+02, 3.39595123e+02, 2.87720978e+02 ]
CalibrationFramePatternWorld: [ 0., 0., 0., 0., 2.70000007e-02, 0., 0.,
    5.40000014e-02, 0., 0., 8.10000002e-02, 0., 0., 1.08000003e-01, 0.,
    0., 1.35000005e-01, 0., 0., 1.62000000e-01, 0., 2.70000007e-02, 0.,
    0., 2.70000007e-02, 2.70000007e-02, 0., 2.70000007e-02,
    5.40000014e-02, 0., 2.70000007e-02, 8.10000002e-02, 0.,
    2.70000007e-02, 1.08000003e-01, 0., 2.70000007e-02, 1.35000005e-01,
    0., 2.70000007e-02, 1.62000000e-01, 0., 5.40000014e-02, 0., 0.,
    5.40000014e-02, 2.70000007e-02, 0., 5.40000014e-02, 5.40000014e-02,
    0., 5.40000014e-02, 8.10000002e-02, 0., 5.40000014e-02,
    1.08000003e-01, 0., 5.40000014e-02, 1.35000005e-01, 0.,
    5.40000014e-02, 1.62000000e-01, 0., 8.10000002e-02, 0., 0.,
    8.10000002e-02, 2.70000007e-02, 0., 8.10000002e-02, 5.40000014e-02,
    0., 8.10000002e-02, 8.10000002e-02, 0., 8.10000002e-02,
    1.08000003e-01, 0., 8.10000002e-02, 1.35000005e-01, 0.,
    8.10000002e-02, 1.62000000e-01, 0., 1.08000003e-01, 0., 0.,
    1.08000003e-01, 2.70000007e-02, 0., 1.08000003e-01, 5.40000014e-02,
    0., 1.08000003e-01, 8.10000002e-02, 0., 1.08000003e-01,
    1.08000003e-01, 0., 1.08000003e-01, 1.35000005e-01, 0.,
    1.08000003e-01, 1.62000000e-01, 0. ]
CalibrationFrameExtRotation: !!opencv-matrix
   rows: 3
   cols: 1
   dt: d
   data: [ 1.6128438263505933e+00, 2.5403821068763182e+00,
       -2.1440981279769722e-01 ]
CalibrationFrameExtTranslation: !!opencv-matrix
   rows: 3
   cols: 1
   dt: d
   data: [ -1.1608615616078677e-01, -1.0507607671396743e-01,
       6.6249804061519324e-01 ]
CalibrationFrameRMSerror: 1.9934606552124023e-01
