%YAML:1.0
---
CalibrationFramePatternImage: [ 2.55331039e+02, 5.90547714e+01,
    2.71244019e+02, 6.22600708e+01, 2.87478333e+02, 6.58469543e+01,
    3.03648468e+02, 6.90436401e+01, 3.20299072e+02, 7.25585327e+01,
    3.36688477e+02, 7.61070633e+01, 3.53708435e+02, 7.95095291e+01,
    2.50570343e+02, 7.54397202e+01, 2.66817993e+02, 7.88677521e+01,
    2.82675659e+02, 8.24264297e+01, 2.99275635e+02, 8.60113602e+01,
    3.15552307e+02, 8.94935684e+01, 3.32379700e+02, 9.32664795e+01,
    3.48982819e+02, 9.66889801e+01, 2.46439621e+02, 9.17308197e+01,
    2.62258362e+02, 9.53913498e+01, 2.78447083e+02, 9.92193604e+01,
    2.94584564e+02, 1.02592010e+02, 3.11108337e+02, 1.06308006e+02,
    3.27562195e+02, 1.10053024e+02, 3.44540802e+02, 1.13976067e+02,
    2.41659698e+02, 1.07998444e+02, 2.57819580e+02, 1.11731972e+02,
    2.73783325e+02, 1.15528595e+02, 2.90264313e+02, 1.19550354e+02,
    3.06514130e+02, 1.23131325e+02, 3.23179535e+02, 1.27074806e+02,
    3.39674805e+02, 1.30873230e+02, 2.37481369e+02, 1.24314377e+02,
    2.53355316e+02, 1.28280579e+02, 2.69470215e+02, 1.32299179e+02,
    2.85594574e+02, 1.36026321e+02, 3.01987427e+02, 1.40048828e+02,
    3.18543610e+02, 1.43997604e+02, 3.35309204e+02, 1.48046326e+02 ]
CalibrationFramePatternWorld: [ 0., 0., 0., 0., 2.70000007e-02, 0., 0.,
    5.40000014e-02, 0., 0., 8.10000002e-02, 0., 0., 1.08000003e-01, 0.,
    0., 1.35000005e-01, 0., 0., 1.62000000e-01, 0., 2.70000007e-02, 0.,
    0., 2.70000007e-02, 2.70000007e-02, 0., 2.70000007e-02,
    5.40000014e-02, 0., 2.70000007e-02, 8.10000002e-02, 0.,
    2.70000007e-02, 1.08000003e-01, 0., 2.70000007e-02, 1.35000005e-01,
    0., 2.70000007e-02, 1.62000000e-01, 0., 5.40000014e-02, 0., 0.,
    5.40000014e-02, 2.70000007e-02, 0., 5.40000014e-02, 5.40000014e-02,
    0., 5.40000014e-02, 8.10000002e-02, 0., 5.40000014e-02,
    1.08000003e-01, 0., 5.40000014e-02, 1.35000005e-01, 0.,
    5.40000014e-02, 1.62000000e-01, 0., 8.10000002e-02, 0., 0.,
    8.10000002e-02, 2.70000007e-02, 0., 8.10000002e-02, 5.40000014e-02,
    0., 8.10000002e-02, 8.10000002e-02, 0., 8.10000002e-02,
    1.08000003e-01, 0., 8.10000002e-02, 1.35000005e-01, 0.,
    8.10000002e-02, 1.62000000e-01, 0., 1.08000003e-01, 0., 0.,
    1.08000003e-01, 2.70000007e-02, 0., 1.08000003e-01, 5.40000014e-02,
    0., 1.08000003e-01, 8.10000002e-02, 0., 1.08000003e-01,
    1.08000003e-01, 0., 1.08000003e-01, 1.35000005e-01, 0.,
    1.08000003e-01, 1.62000000e-01, 0. ]
CalibrationFrameExtRotation: !!opencv-matrix
   rows: 3
   cols: 1
   dt: d
   data: [ -1.8775002120363677e+00, -2.4303560494760390e+00,
       1.8742285686473245e-01 ]
CalibrationFrameExtTranslation: !!opencv-matrix
   rows: 3
   cols: 1
   dt: d
   data: [ -1.5559754271605727e-01, -2.7980336309692455e-01,
       8.9871249996305891e-01 ]
CalibrationFrameRMSerror: 1.8899409472942352e-01
