%YAML:1.0
---
CalibrationFramePatternImage: [ 2.34045517e+02, 3.68101776e+02,
    2.52635529e+02, 3.62302612e+02, 2.70927887e+02, 3.56742188e+02,
    2.89513550e+02, 3.50990845e+02, 3.07534149e+02, 3.45487885e+02,
    3.25715942e+02, 3.40119507e+02, 3.43567108e+02, 3.34632111e+02,
    2.38934006e+02, 3.85449158e+02, 2.57594391e+02, 3.79433167e+02,
    2.75888885e+02, 3.73882660e+02, 2.94256256e+02, 3.68177032e+02,
    3.12387207e+02, 3.62581085e+02, 3.30305817e+02, 3.57141937e+02,
    3.47826294e+02, 3.51812164e+02, 2.43997437e+02, 4.02337799e+02,
    2.62341919e+02, 3.96505951e+02, 2.80582916e+02, 3.90532898e+02,
    2.98666718e+02, 3.84744934e+02, 3.16580109e+02, 3.79468079e+02,
    3.34397552e+02, 3.73823547e+02, 3.52005127e+02, 3.68286285e+02,
    2.49207062e+02, 4.18919708e+02, 2.67498138e+02, 4.13095703e+02,
    2.85523956e+02, 4.06967316e+02, 3.03385437e+02, 4.01207062e+02,
    3.21185303e+02, 3.95675964e+02, 3.38721893e+02, 3.90205841e+02,
    3.56341156e+02, 3.84698212e+02, 2.53882416e+02, 4.35125153e+02,
    2.72211823e+02, 4.29175232e+02, 2.90000153e+02, 4.23245331e+02,
    3.07737793e+02, 4.17482697e+02, 3.25307404e+02, 4.11666870e+02,
    3.42852600e+02, 4.06072540e+02, 3.60443726e+02, 4.00729553e+02 ]
CalibrationFramePatternWorld: [ 0., 0., 0., 0., 2.70000007e-02, 0., 0.,
    5.40000014e-02, 0., 0., 8.10000002e-02, 0., 0., 1.08000003e-01, 0.,
    0., 1.35000005e-01, 0., 0., 1.62000000e-01, 0., 2.70000007e-02, 0.,
    0., 2.70000007e-02, 2.70000007e-02, 0., 2.70000007e-02,
    5.40000014e-02, 0., 2.70000007e-02, 8.10000002e-02, 0.,
    2.70000007e-02, 1.08000003e-01, 0., 2.70000007e-02, 1.35000005e-01,
    0., 2.70000007e-02, 1.62000000e-01, 0., 5.40000014e-02, 0., 0.,
    5.40000014e-02, 2.70000007e-02, 0., 5.40000014e-02, 5.40000014e-02,
    0., 5.40000014e-02, 8.10000002e-02, 0., 5.40000014e-02,
    1.08000003e-01, 0., 5.40000014e-02, 1.35000005e-01, 0.,
    5.40000014e-02, 1.62000000e-01, 0., 8.10000002e-02, 0., 0.,
    8.10000002e-02, 2.70000007e-02, 0., 8.10000002e-02, 5.40000014e-02,
    0., 8.10000002e-02, 8.10000002e-02, 0., 8.10000002e-02,
    1.08000003e-01, 0., 8.10000002e-02, 1.35000005e-01, 0.,
    8.10000002e-02, 1.62000000e-01, 0., 1.08000003e-01, 0., 0.,
    1.08000003e-01, 2.70000007e-02, 0., 1.08000003e-01, 5.40000014e-02,
    0., 1.08000003e-01, 8.10000002e-02, 0., 1.08000003e-01,
    1.08000003e-01, 0., 1.08000003e-01, 1.35000005e-01, 0.,
    1.08000003e-01, 1.62000000e-01, 0. ]
CalibrationFrameExtRotation: !!opencv-matrix
   rows: 3
   cols: 1
   dt: d
   data: [ -2.4583049776763470e+00, -1.9163427935399540e+00,
       -4.7295847443981343e-01 ]
CalibrationFrameExtTranslation: !!opencv-matrix
   rows: 3
   cols: 1
   dt: d
   data: [ -1.6739684660962573e-01, 1.8731638865893857e-01,
       7.9094396419998836e-01 ]
CalibrationFrameRMSerror: 1.9181826710700989e-01
