%YAML:1.0
---
CalibrationFramePatternImage: [ 1.20200478e+02, 8.87676239e+01,
    1.74338409e+02, 9.37212448e+01, 2.25891830e+02, 9.87827377e+01,
    2.75118195e+02, 1.03214088e+02, 3.22321533e+02, 1.07605064e+02,
    3.67513519e+02, 1.11957565e+02, 4.10782501e+02, 1.15867508e+02,
    1.17214600e+02, 1.37050034e+02, 1.72732025e+02, 1.41626297e+02,
    2.25691650e+02, 1.45298370e+02, 2.76027557e+02, 1.48916702e+02,
    3.23946045e+02, 1.52217102e+02, 3.70125214e+02, 1.55317261e+02,
    4.14179596e+02, 1.58382523e+02, 1.14585526e+02, 1.88007233e+02,
    1.71852341e+02, 1.91411667e+02, 2.25794769e+02, 1.93662582e+02,
    2.77432312e+02, 1.96237061e+02, 3.26583252e+02, 1.98015320e+02,
    3.73607391e+02, 2.00103134e+02, 4.18460114e+02, 2.02148529e+02,
    1.13252075e+02, 2.41925842e+02, 1.71491287e+02, 2.43613113e+02,
    2.26670990e+02, 2.44470398e+02, 2.79411530e+02, 2.45385803e+02,
    3.29502045e+02, 2.46240417e+02, 3.77499756e+02, 2.47105194e+02,
    4.23264893e+02, 2.47672821e+02, 1.11773178e+02, 2.98650482e+02,
    1.70916351e+02, 2.97867279e+02, 2.27633972e+02, 2.97367584e+02,
    2.81312347e+02, 2.96573608e+02, 3.32485657e+02, 2.96413544e+02,
    3.81508179e+02, 2.95487976e+02, 4.28192780e+02, 2.95134003e+02 ]
CalibrationFramePatternWorld: [ 0., 0., 0., 0., 2.70000007e-02, 0., 0.,
    5.40000014e-02, 0., 0., 8.10000002e-02, 0., 0., 1.08000003e-01, 0.,
    0., 1.35000005e-01, 0., 0., 1.62000000e-01, 0., 2.70000007e-02, 0.,
    0., 2.70000007e-02, 2.70000007e-02, 0., 2.70000007e-02,
    5.40000014e-02, 0., 2.70000007e-02, 8.10000002e-02, 0.,
    2.70000007e-02, 1.08000003e-01, 0., 2.70000007e-02, 1.35000005e-01,
    0., 2.70000007e-02, 1.62000000e-01, 0., 5.40000014e-02, 0., 0.,
    5.40000014e-02, 2.70000007e-02, 0., 5.40000014e-02, 5.40000014e-02,
    0., 5.40000014e-02, 8.10000002e-02, 0., 5.40000014e-02,
    1.08000003e-01, 0., 5.40000014e-02, 1.35000005e-01, 0.,
    5.40000014e-02, 1.62000000e-01, 0., 8.10000002e-02, 0., 0.,
    8.10000002e-02, 2.70000007e-02, 0., 8.10000002e-02, 5.40000014e-02,
    0., 8.10000002e-02, 8.10000002e-02, 0., 8.10000002e-02,
    1.08000003e-01, 0., 8.10000002e-02, 1.35000005e-01, 0.,
    8.10000002e-02, 1.62000000e-01, 0., 1.08000003e-01, 0., 0.,
    1.08000003e-01, 2.70000007e-02, 0., 1.08000003e-01, 5.40000014e-02,
    0., 1.08000003e-01, 8.10000002e-02, 0., 1.08000003e-01,
    1.08000003e-01, 0., 1.08000003e-01, 1.35000005e-01, 0.,
    1.08000003e-01, 1.62000000e-01, 0. ]
CalibrationFrameExtRotation: !!opencv-matrix
   rows: 3
   cols: 1
   dt: d
   data: [ 1.9477495974768702e+00, 1.9059456198231668e+00,
       6.8811274928064450e-02 ]
CalibrationFrameExtTranslation: !!opencv-matrix
   rows: 3
   cols: 1
   dt: d
   data: [ -1.1972556955829712e-01, -7.4774911119572948e-02,
       2.8794921378423310e-01 ]
CalibrationFrameRMSerror: 5.5771952867507935e-01
