%YAML:1.0
---
FrameWidth: 640
FrameHeight: 360
CameraMatrix: !!opencv-matrix
   rows: 3
   cols: 3
   dt: d
   data: [ 4.8866119249269798e+02, 0., 3.3025014448608528e+02, 0.,
       4.9251802048850374e+02, 1.6633228077742214e+02, 0., 0., 1. ]
DistortionCoefficients: !!opencv-matrix
   rows: 1
   cols: 5
   dt: d
   data: [ 7.4623559759174080e-03, -1.1479716951196692e-01,
       8.5492988903669511e-04, -3.1113352138946288e-03,
       1.7809611925465818e-01 ]
CalibrationRMSerror: 2.6659089326858521e-01
CalibrationReprojectionError: 2.6659086346626282e-01
