%YAML:1.0
---
FrameWidth: 640
FrameHeight: 480
CameraMatrix: !!opencv-matrix
   rows: 3
   cols: 3
   dt: d
   data: [ 1.0268394790265704e+03, 0., 3.1593307301858840e+02, 0.,
       1.0318753374364017e+03, 2.5376375264974237e+02, 0., 0., 1. ]
DistortionCoefficients: !!opencv-matrix
   rows: 1
   cols: 5
   dt: d
   data: [ -2.7067617416434220e-01, 1.3402562369531581e+00,
       -3.1435227724602509e-03, -3.7056829192107037e-04,
       -2.1040462887013447e+01 ]
CalibrationRMSerror: 3.6908796429634094e-01
CalibrationReprojectionError: 3.6908817291259766e-01
