%YAML:1.0
---
FrameWidth: 640
FrameHeight: 480
CameraMatrix: !!opencv-matrix
   rows: 3
   cols: 3
   dt: d
   data: [ 6.8923414486473973e+02, 0., 3.0364526724778369e+02, 0.,
       6.8693758180399595e+02, 2.8013694085203764e+02, 0., 0., 1. ]
DistortionCoefficients: !!opencv-matrix
   rows: 1
   cols: 5
   dt: d
   data: [ -3.8747877394433650e-01, 1.0623443984494124e-01,
       -9.3334247989471375e-03, 3.4511143701943924e-03,
       -1.5788325975565287e-02 ]
CalibrationRMSerror: 2.5959482789039612e-01
CalibrationReprojectionError: 2.5959491729736328e-01
