%YAML:1.0
---
FrameWidth: 640
FrameHeight: 480
CameraMatrix: !!opencv-matrix
   rows: 3
   cols: 3
   dt: d
   data: [ 6.0954976029109480e+02, 0., 3.5151812263404912e+02, 0.,
       6.1268938454407021e+02, 2.2721318733929240e+02, 0., 0., 1. ]
DistortionCoefficients: !!opencv-matrix
   rows: 1
   cols: 5
   dt: d
   data: [ 6.8411506111762027e-02, -2.8917258489782997e-02,
       -4.3678118508347230e-05, 9.5907847499127324e-03,
       -8.0963757404121886e-02 ]
CalibrationRMSerror: 2.2196033596992493e-01
CalibrationReprojectionError: 2.2196005284786224e-01
CalibrationColinearityErrorOld: 4.4163208007812500e+00
CalibrationColinearityErrorNew: 4.4181823730468750e+00
