%YAML:1.0
---
FrameWidth: 640
FrameHeight: 480
CameraMatrix: !!opencv-matrix
   rows: 3
   cols: 3
   dt: d
   data: [ 9.3328149185915129e+02, 0., 3.4231813634616969e+02, 0.,
       9.3545481767854290e+02, 2.2072350158118155e+02, 0., 0., 1. ]
DistortionCoefficients: !!opencv-matrix
   rows: 1
   cols: 5
   dt: d
   data: [ -3.6622385017433257e-01, 2.1455694970676858e-01,
       5.1666131106798902e-03, -4.1770019427246428e-03,
       -2.1981883148543860e-01 ]
CalibrationRMSerror: 1.8444561958312988e-01
CalibrationReprojectionError: 1.8444578349590302e-01
CalibrationColinearityErrorOld: 5.5360770225524902e+00
CalibrationColinearityErrorNew: 5.5373497009277344e+00
