%YAML:1.0
---
CalibrationFramePatternImage: [ 2.31316238e+02, 9.14816742e+01,
    2.55876190e+02, 9.06848068e+01, 2.79597198e+02, 9.02778091e+01,
    3.02474762e+02, 8.94898529e+01, 3.24786133e+02, 8.88773117e+01,
    3.46335846e+02, 8.85511246e+01, 3.67219025e+02, 8.77041779e+01,
    2.36401855e+02, 1.15692482e+02, 2.61154694e+02, 1.14665985e+02,
    2.84791229e+02, 1.13410934e+02, 3.07832886e+02, 1.12555473e+02,
    3.29868622e+02, 1.11496857e+02, 3.51623077e+02, 1.10248543e+02,
    3.72458099e+02, 1.09328285e+02, 2.41118347e+02, 1.39451477e+02,
    2.66119751e+02, 1.38335190e+02, 2.89759216e+02, 1.36802856e+02,
    3.12972900e+02, 1.35445221e+02, 3.34921509e+02, 1.33958038e+02,
    3.56950714e+02, 1.32193085e+02, 3.77674744e+02, 1.31035980e+02,
    2.46628494e+02, 1.64569046e+02, 2.71288849e+02, 1.62371658e+02,
    2.95156494e+02, 1.60351425e+02, 3.18157990e+02, 1.58399094e+02,
    3.40567078e+02, 1.56245193e+02, 3.62594788e+02, 1.54619110e+02,
    3.83483032e+02, 1.52297653e+02, 2.52127304e+02, 1.89528427e+02,
    2.76646210e+02, 1.86598938e+02, 3.01023529e+02, 1.84331909e+02,
    3.23738708e+02, 1.81509308e+02, 3.46402008e+02, 1.79318268e+02,
    3.67978790e+02, 1.76441238e+02, 3.89073273e+02, 1.74148346e+02 ]
CalibrationFramePatternWorld: [ 0., 0., 0., 0., 2.70000007e-02, 0., 0.,
    5.40000014e-02, 0., 0., 8.10000002e-02, 0., 0., 1.08000003e-01, 0.,
    0., 1.35000005e-01, 0., 0., 1.62000000e-01, 0., 2.70000007e-02, 0.,
    0., 2.70000007e-02, 2.70000007e-02, 0., 2.70000007e-02,
    5.40000014e-02, 0., 2.70000007e-02, 8.10000002e-02, 0.,
    2.70000007e-02, 1.08000003e-01, 0., 2.70000007e-02, 1.35000005e-01,
    0., 2.70000007e-02, 1.62000000e-01, 0., 5.40000014e-02, 0., 0.,
    5.40000014e-02, 2.70000007e-02, 0., 5.40000014e-02, 5.40000014e-02,
    0., 5.40000014e-02, 8.10000002e-02, 0., 5.40000014e-02,
    1.08000003e-01, 0., 5.40000014e-02, 1.35000005e-01, 0.,
    5.40000014e-02, 1.62000000e-01, 0., 8.10000002e-02, 0., 0.,
    8.10000002e-02, 2.70000007e-02, 0., 8.10000002e-02, 5.40000014e-02,
    0., 8.10000002e-02, 8.10000002e-02, 0., 8.10000002e-02,
    1.08000003e-01, 0., 8.10000002e-02, 1.35000005e-01, 0.,
    8.10000002e-02, 1.62000000e-01, 0., 1.08000003e-01, 0., 0.,
    1.08000003e-01, 2.70000007e-02, 0., 1.08000003e-01, 5.40000014e-02,
    0., 1.08000003e-01, 8.10000002e-02, 0., 1.08000003e-01,
    1.08000003e-01, 0., 1.08000003e-01, 1.35000005e-01, 0.,
    1.08000003e-01, 1.62000000e-01, 0. ]
CalibrationFrameExtRotation: !!opencv-matrix
   rows: 3
   cols: 1
   dt: d
   data: [ 2.0643672184821100e+00, 1.6910815958708303e+00,
       2.3805248439353835e-01 ]
CalibrationFrameExtTranslation: !!opencv-matrix
   rows: 3
   cols: 1
   dt: d
   data: [ -1.2749950499080107e-01, -1.5691124400672504e-01,
       6.0365495670886382e-01 ]
CalibrationFrameRMSerror: 3.2213026285171509e-01
