%YAML:1.0
---
CalibrationFramePatternImage: [ 6.95332794e+01, 2.35009964e+02,
    1.01509254e+02, 2.29205032e+02, 1.32106155e+02, 2.24235489e+02,
    1.60867050e+02, 2.19104645e+02, 1.88876633e+02, 2.14163910e+02,
    2.15179749e+02, 2.09137421e+02, 2.40464737e+02, 2.04093674e+02,
    7.57373657e+01, 2.57524933e+02, 1.08669220e+02, 2.51327133e+02,
    1.39814011e+02, 2.45582855e+02, 1.69463165e+02, 2.39674881e+02,
    1.97716370e+02, 2.34388748e+02, 2.24911606e+02, 2.28774765e+02,
    2.50439514e+02, 2.23530487e+02, 8.25872116e+01, 2.80793030e+02,
    1.15956718e+02, 2.73984833e+02, 1.48072388e+02, 2.67931793e+02,
    1.78196243e+02, 2.61528778e+02, 2.07029449e+02, 2.55268265e+02,
    2.34514786e+02, 2.49435074e+02, 2.60806213e+02, 2.43448135e+02,
    8.92460403e+01, 3.05731598e+02, 1.23622581e+02, 2.98469086e+02,
    1.56191589e+02, 2.91390656e+02, 1.87205811e+02, 2.84358368e+02,
    2.16439804e+02, 2.77208252e+02, 2.44541534e+02, 2.70576477e+02,
    2.71352936e+02, 2.63929535e+02, 9.56936035e+01, 3.32427795e+02,
    1.31076721e+02, 3.24149658e+02, 1.64475189e+02, 3.16256805e+02,
    1.96305908e+02, 3.08303772e+02, 2.26300797e+02, 3.00639771e+02,
    2.55073990e+02, 2.93218323e+02, 2.82299072e+02, 2.86139191e+02 ]
CalibrationFramePatternWorld: [ 0., 0., 0., 0., 2.70000007e-02, 0., 0.,
    5.40000014e-02, 0., 0., 8.10000002e-02, 0., 0., 1.08000003e-01, 0.,
    0., 1.35000005e-01, 0., 0., 1.62000000e-01, 0., 2.70000007e-02, 0.,
    0., 2.70000007e-02, 2.70000007e-02, 0., 2.70000007e-02,
    5.40000014e-02, 0., 2.70000007e-02, 8.10000002e-02, 0.,
    2.70000007e-02, 1.08000003e-01, 0., 2.70000007e-02, 1.35000005e-01,
    0., 2.70000007e-02, 1.62000000e-01, 0., 5.40000014e-02, 0., 0.,
    5.40000014e-02, 2.70000007e-02, 0., 5.40000014e-02, 5.40000014e-02,
    0., 5.40000014e-02, 8.10000002e-02, 0., 5.40000014e-02,
    1.08000003e-01, 0., 5.40000014e-02, 1.35000005e-01, 0.,
    5.40000014e-02, 1.62000000e-01, 0., 8.10000002e-02, 0., 0.,
    8.10000002e-02, 2.70000007e-02, 0., 8.10000002e-02, 5.40000014e-02,
    0., 8.10000002e-02, 8.10000002e-02, 0., 8.10000002e-02,
    1.08000003e-01, 0., 8.10000002e-02, 1.35000005e-01, 0.,
    8.10000002e-02, 1.62000000e-01, 0., 1.08000003e-01, 0., 0.,
    1.08000003e-01, 2.70000007e-02, 0., 1.08000003e-01, 5.40000014e-02,
    0., 1.08000003e-01, 8.10000002e-02, 0., 1.08000003e-01,
    1.08000003e-01, 0., 1.08000003e-01, 1.35000005e-01, 0.,
    1.08000003e-01, 1.62000000e-01, 0. ]
CalibrationFrameExtRotation: !!opencv-matrix
   rows: 3
   cols: 1
   dt: d
   data: [ 1.9732031806643817e+00, 1.3261347026028480e+00,
       -2.2274000038342057e-01 ]
CalibrationFrameExtTranslation: !!opencv-matrix
   rows: 3
   cols: 1
   dt: d
   data: [ -2.5212842204565916e-01, -5.2718742651231901e-03,
       5.0930772261433943e-01 ]
CalibrationFrameRMSerror: 4.8050150275230408e-01
