%YAML:1.0
---
CalibrationFramePatternImage: [ 6.93569031e+01, 1.05354019e+02,
    9.95388565e+01, 1.01744125e+02, 1.28611801e+02, 9.90099487e+01,
    1.56485489e+02, 9.58133163e+01, 1.83364334e+02, 9.31718369e+01,
    2.08948761e+02, 9.05368500e+01, 2.33874786e+02, 8.82342377e+01,
    7.52815781e+01, 1.34772400e+02, 1.05252098e+02, 1.30726318e+02,
    1.33832474e+02, 1.27231216e+02, 1.61392975e+02, 1.23786133e+02,
    1.87680801e+02, 1.20357567e+02, 2.13377533e+02, 1.17058929e+02,
    2.37722244e+02, 1.14211784e+02, 8.14209900e+01, 1.63756027e+02,
    1.10784103e+02, 1.58772736e+02, 1.39086929e+02, 1.54691147e+02,
    1.66236755e+02, 1.50486847e+02, 1.92354553e+02, 1.46743851e+02,
    2.17460678e+02, 1.42949463e+02, 2.41545563e+02, 1.39482086e+02,
    8.75196228e+01, 1.91733124e+02, 1.16602089e+02, 1.86357697e+02,
    1.44430542e+02, 1.81412689e+02, 1.71202652e+02, 1.76702103e+02,
    1.97025879e+02, 1.72288681e+02, 2.21797119e+02, 1.68338776e+02,
    2.45652603e+02, 1.64150101e+02, 9.36802368e+01, 2.19495087e+02,
    1.22348274e+02, 2.13178558e+02, 1.49866745e+02, 2.07930542e+02,
    1.76216492e+02, 2.02499786e+02, 2.01908279e+02, 1.97951141e+02,
    2.26368637e+02, 1.92830139e+02, 2.49663757e+02, 1.88401443e+02 ]
CalibrationFramePatternWorld: [ 0., 0., 0., 0., 2.70000007e-02, 0., 0.,
    5.40000014e-02, 0., 0., 8.10000002e-02, 0., 0., 1.08000003e-01, 0.,
    0., 1.35000005e-01, 0., 0., 1.62000000e-01, 0., 2.70000007e-02, 0.,
    0., 2.70000007e-02, 2.70000007e-02, 0., 2.70000007e-02,
    5.40000014e-02, 0., 2.70000007e-02, 8.10000002e-02, 0.,
    2.70000007e-02, 1.08000003e-01, 0., 2.70000007e-02, 1.35000005e-01,
    0., 2.70000007e-02, 1.62000000e-01, 0., 5.40000014e-02, 0., 0.,
    5.40000014e-02, 2.70000007e-02, 0., 5.40000014e-02, 5.40000014e-02,
    0., 5.40000014e-02, 8.10000002e-02, 0., 5.40000014e-02,
    1.08000003e-01, 0., 5.40000014e-02, 1.35000005e-01, 0.,
    5.40000014e-02, 1.62000000e-01, 0., 8.10000002e-02, 0., 0.,
    8.10000002e-02, 2.70000007e-02, 0., 8.10000002e-02, 5.40000014e-02,
    0., 8.10000002e-02, 8.10000002e-02, 0., 8.10000002e-02,
    1.08000003e-01, 0., 8.10000002e-02, 1.35000005e-01, 0.,
    8.10000002e-02, 1.62000000e-01, 0., 1.08000003e-01, 0., 0.,
    1.08000003e-01, 2.70000007e-02, 0., 1.08000003e-01, 5.40000014e-02,
    0., 1.08000003e-01, 8.10000002e-02, 0., 1.08000003e-01,
    1.08000003e-01, 0., 1.08000003e-01, 1.35000005e-01, 0.,
    1.08000003e-01, 1.62000000e-01, 0. ]
CalibrationFrameExtRotation: !!opencv-matrix
   rows: 3
   cols: 1
   dt: d
   data: [ 2.1679112852854190e+00, 1.8071611047865632e+00,
       7.7135701091768005e-01 ]
CalibrationFrameExtTranslation: !!opencv-matrix
   rows: 3
   cols: 1
   dt: d
   data: [ -2.6252354898203584e-01, -1.2550822287819796e-01,
       5.2745564069363826e-01 ]
CalibrationFrameRMSerror: 3.7209045886993408e-01
