%YAML:1.0
---
CalibrationFramePatternImage: [ 3.09015381e+02, 9.76867294e+01,
    3.44051941e+02, 1.02301941e+02, 3.80050110e+02, 1.07156685e+02,
    4.17218048e+02, 1.12197937e+02, 4.55663818e+02, 1.17197121e+02,
    4.95594940e+02, 1.22414047e+02, 5.36840149e+02, 1.28190323e+02,
    3.03264038e+02, 1.34034317e+02, 3.37961884e+02, 1.39329636e+02,
    3.73443909e+02, 1.44747040e+02, 4.10253540e+02, 1.50329987e+02,
    4.48277100e+02, 1.56126389e+02, 4.87379486e+02, 1.62346115e+02,
    5.27962830e+02, 1.68605377e+02, 2.97903595e+02, 1.68959793e+02,
    3.32016571e+02, 1.75108124e+02, 3.67340179e+02, 1.80969330e+02,
    4.03637115e+02, 1.87236237e+02, 4.40688324e+02, 1.93642715e+02,
    4.79330292e+02, 2.00375137e+02, 5.19289795e+02, 2.07531998e+02,
    2.92436340e+02, 2.02999023e+02, 3.25990387e+02, 2.09560684e+02,
    3.60732727e+02, 2.16142227e+02, 3.96453278e+02, 2.22708420e+02,
    4.32861053e+02, 2.30186829e+02, 4.70874420e+02, 2.37629196e+02,
    5.09978577e+02, 2.45443222e+02, 2.86804169e+02, 2.36287735e+02,
    3.19920074e+02, 2.43284637e+02, 3.53935272e+02, 2.50294830e+02,
    3.89257599e+02, 2.57875824e+02, 4.25070557e+02, 2.65510712e+02,
    4.62789429e+02, 2.73767395e+02, 5.01184387e+02, 2.82399719e+02 ]
CalibrationFramePatternWorld: [ 0., 0., 0., 0., 2.70000007e-02, 0., 0.,
    5.40000014e-02, 0., 0., 8.10000002e-02, 0., 0., 1.08000003e-01, 0.,
    0., 1.35000005e-01, 0., 0., 1.62000000e-01, 0., 2.70000007e-02, 0.,
    0., 2.70000007e-02, 2.70000007e-02, 0., 2.70000007e-02,
    5.40000014e-02, 0., 2.70000007e-02, 8.10000002e-02, 0.,
    2.70000007e-02, 1.08000003e-01, 0., 2.70000007e-02, 1.35000005e-01,
    0., 2.70000007e-02, 1.62000000e-01, 0., 5.40000014e-02, 0., 0.,
    5.40000014e-02, 2.70000007e-02, 0., 5.40000014e-02, 5.40000014e-02,
    0., 5.40000014e-02, 8.10000002e-02, 0., 5.40000014e-02,
    1.08000003e-01, 0., 5.40000014e-02, 1.35000005e-01, 0.,
    5.40000014e-02, 1.62000000e-01, 0., 8.10000002e-02, 0., 0.,
    8.10000002e-02, 2.70000007e-02, 0., 8.10000002e-02, 5.40000014e-02,
    0., 8.10000002e-02, 8.10000002e-02, 0., 8.10000002e-02,
    1.08000003e-01, 0., 8.10000002e-02, 1.35000005e-01, 0.,
    8.10000002e-02, 1.62000000e-01, 0., 1.08000003e-01, 0., 0.,
    1.08000003e-01, 2.70000007e-02, 0., 1.08000003e-01, 5.40000014e-02,
    0., 1.08000003e-01, 8.10000002e-02, 0., 1.08000003e-01,
    1.08000003e-01, 0., 1.08000003e-01, 1.35000005e-01, 0.,
    1.08000003e-01, 1.62000000e-01, 0. ]
CalibrationFrameExtRotation: !!opencv-matrix
   rows: 3
   cols: 1
   dt: d
   data: [ -1.8367761556875468e+00, -2.2170175467493545e+00,
       9.7770290151884293e-02 ]
CalibrationFrameExtTranslation: !!opencv-matrix
   rows: 3
   cols: 1
   dt: d
   data: [ -3.2593315961810816e-02, -1.0818965226669840e-01,
       4.3141704997485758e-01 ]
CalibrationFrameRMSerror: 7.1359658241271973e-01
