%YAML:1.0
---
CalibrationFramePatternImage: [ 1.42521530e+02, 3.14886383e+02,
    1.75255997e+02, 3.03738770e+02, 2.06300217e+02, 2.93289856e+02,
    2.35578415e+02, 2.83450989e+02, 2.63799622e+02, 2.74232300e+02,
    2.90324188e+02, 2.65415039e+02, 3.15742615e+02, 2.57164276e+02,
    1.52310928e+02, 3.46930603e+02, 1.84324615e+02, 3.35221436e+02,
    2.14928802e+02, 3.23742676e+02, 2.43678802e+02, 3.13145447e+02,
    2.71048218e+02, 3.03219055e+02, 2.97542053e+02, 2.93583649e+02,
    3.22443329e+02, 2.84524506e+02, 1.61659195e+02, 3.78468536e+02,
    1.93288757e+02, 3.65629852e+02, 2.23230942e+02, 3.53537109e+02,
    2.51608551e+02, 3.42080902e+02, 2.78758698e+02, 3.31304626e+02,
    3.04663605e+02, 3.21174377e+02, 3.29617340e+02, 3.11313110e+02,
    1.71114716e+02, 4.09128357e+02, 2.02034164e+02, 3.95637573e+02,
    2.31428268e+02, 3.82604736e+02, 2.59494446e+02, 3.70552551e+02,
    2.86378662e+02, 3.59242126e+02, 3.12194000e+02, 3.48312927e+02,
    3.36650604e+02, 3.38234833e+02, 1.80356308e+02, 4.39496429e+02,
    2.10802505e+02, 4.25094055e+02, 2.39698105e+02, 4.11557526e+02,
    2.67572845e+02, 3.98731537e+02, 2.93868835e+02, 3.86710693e+02,
    3.19202301e+02, 3.75445221e+02, 3.43491638e+02, 3.64520844e+02 ]
CalibrationFramePatternWorld: [ 0., 0., 0., 0., 2.70000007e-02, 0., 0.,
    5.40000014e-02, 0., 0., 8.10000002e-02, 0., 0., 1.08000003e-01, 0.,
    0., 1.35000005e-01, 0., 0., 1.62000000e-01, 0., 2.70000007e-02, 0.,
    0., 2.70000007e-02, 2.70000007e-02, 0., 2.70000007e-02,
    5.40000014e-02, 0., 2.70000007e-02, 8.10000002e-02, 0.,
    2.70000007e-02, 1.08000003e-01, 0., 2.70000007e-02, 1.35000005e-01,
    0., 2.70000007e-02, 1.62000000e-01, 0., 5.40000014e-02, 0., 0.,
    5.40000014e-02, 2.70000007e-02, 0., 5.40000014e-02, 5.40000014e-02,
    0., 5.40000014e-02, 8.10000002e-02, 0., 5.40000014e-02,
    1.08000003e-01, 0., 5.40000014e-02, 1.35000005e-01, 0.,
    5.40000014e-02, 1.62000000e-01, 0., 8.10000002e-02, 0., 0.,
    8.10000002e-02, 2.70000007e-02, 0., 8.10000002e-02, 5.40000014e-02,
    0., 8.10000002e-02, 8.10000002e-02, 0., 8.10000002e-02,
    1.08000003e-01, 0., 8.10000002e-02, 1.35000005e-01, 0.,
    8.10000002e-02, 1.62000000e-01, 0., 1.08000003e-01, 0., 0.,
    1.08000003e-01, 2.70000007e-02, 0., 1.08000003e-01, 5.40000014e-02,
    0., 1.08000003e-01, 8.10000002e-02, 0., 1.08000003e-01,
    1.08000003e-01, 0., 1.08000003e-01, 1.35000005e-01, 0.,
    1.08000003e-01, 1.62000000e-01, 0. ]
CalibrationFrameExtRotation: !!opencv-matrix
   rows: 3
   cols: 1
   dt: d
   data: [ 2.1794911540545003e+00, 1.6499622868272903e+00,
       6.4067717389023437e-01 ]
CalibrationFrameExtTranslation: !!opencv-matrix
   rows: 3
   cols: 1
   dt: d
   data: [ -1.6606309280357351e-01, 5.8824703716604587e-02,
       4.5248776587829176e-01 ]
CalibrationFrameRMSerror: 2.8457179665565491e-01
