%YAML:1.0
---
CalibrationFramePatternImage: [ 4.43626373e+02, 1.64541611e+02,
    4.64925720e+02, 1.70527939e+02, 4.86398926e+02, 1.76500214e+02,
    5.08134064e+02, 1.82488586e+02, 5.29784119e+02, 1.88576553e+02,
    5.51963318e+02, 1.94654678e+02, 5.74137146e+02, 2.00785980e+02,
    4.36923676e+02, 1.85478531e+02, 4.58234772e+02, 1.91404541e+02,
    4.79528717e+02, 1.97347900e+02, 5.01069580e+02, 2.03411591e+02,
    5.22579712e+02, 2.09555634e+02, 5.44473877e+02, 2.15738373e+02,
    5.66374451e+02, 2.21652054e+02, 4.30759949e+02, 2.05646622e+02,
    4.51661835e+02, 2.11606384e+02, 4.72688416e+02, 2.17583496e+02,
    4.94043854e+02, 2.23608612e+02, 5.15562317e+02, 2.29751389e+02,
    5.37099365e+02, 2.35782654e+02, 5.58996704e+02, 2.42107941e+02,
    4.24445740e+02, 2.25430161e+02, 4.45091461e+02, 2.31390945e+02,
    4.66198181e+02, 2.37427155e+02, 4.87283203e+02, 2.43370697e+02,
    5.08562683e+02, 2.49579422e+02, 5.29961609e+02, 2.55644226e+02,
    5.51644897e+02, 2.61867767e+02, 4.18256683e+02, 2.44718994e+02,
    4.38941071e+02, 2.50622849e+02, 4.59643341e+02, 2.56735504e+02,
    4.80493378e+02, 2.62725830e+02, 5.01590881e+02, 2.68947723e+02,
    5.22906128e+02, 2.75191040e+02, 5.44148743e+02, 2.81334076e+02 ]
CalibrationFramePatternWorld: [ 0., 0., 0., 0., 2.70000007e-02, 0., 0.,
    5.40000014e-02, 0., 0., 8.10000002e-02, 0., 0., 1.08000003e-01, 0.,
    0., 1.35000005e-01, 0., 0., 1.62000000e-01, 0., 2.70000007e-02, 0.,
    0., 2.70000007e-02, 2.70000007e-02, 0., 2.70000007e-02,
    5.40000014e-02, 0., 2.70000007e-02, 8.10000002e-02, 0.,
    2.70000007e-02, 1.08000003e-01, 0., 2.70000007e-02, 1.35000005e-01,
    0., 2.70000007e-02, 1.62000000e-01, 0., 5.40000014e-02, 0., 0.,
    5.40000014e-02, 2.70000007e-02, 0., 5.40000014e-02, 5.40000014e-02,
    0., 5.40000014e-02, 8.10000002e-02, 0., 5.40000014e-02,
    1.08000003e-01, 0., 5.40000014e-02, 1.35000005e-01, 0.,
    5.40000014e-02, 1.62000000e-01, 0., 8.10000002e-02, 0., 0.,
    8.10000002e-02, 2.70000007e-02, 0., 8.10000002e-02, 5.40000014e-02,
    0., 8.10000002e-02, 8.10000002e-02, 0., 8.10000002e-02,
    1.08000003e-01, 0., 8.10000002e-02, 1.35000005e-01, 0.,
    8.10000002e-02, 1.62000000e-01, 0., 1.08000003e-01, 0., 0.,
    1.08000003e-01, 2.70000007e-02, 0., 1.08000003e-01, 5.40000014e-02,
    0., 1.08000003e-01, 8.10000002e-02, 0., 1.08000003e-01,
    1.08000003e-01, 0., 1.08000003e-01, 1.35000005e-01, 0.,
    1.08000003e-01, 1.62000000e-01, 0. ]
CalibrationFrameExtRotation: !!opencv-matrix
   rows: 3
   cols: 1
   dt: d
   data: [ -1.7366872372718718e+00, -2.3135377706451861e+00,
       -8.3355833540030316e-02 ]
CalibrationFrameExtTranslation: !!opencv-matrix
   rows: 3
   cols: 1
   dt: d
   data: [ 1.1290159211982503e-01, -9.6397902865718130e-02,
       7.3400170044222413e-01 ]
CalibrationFrameRMSerror: 2.7386796474456787e-01
