%YAML:1.0
---
CalibrationFramePatternImage: [ 3.54787598e+02, 2.69291626e+02,
    3.86712921e+02, 2.64518341e+02, 4.17735199e+02, 2.59896210e+02,
    4.47494049e+02, 2.55348907e+02, 4.76137909e+02, 2.50996780e+02,
    5.03707397e+02, 2.46921829e+02, 5.30705872e+02, 2.42805817e+02,
    3.59263519e+02, 3.04479828e+02, 3.91235931e+02, 2.98875397e+02,
    4.21975189e+02, 2.93549744e+02, 4.51625610e+02, 2.88257416e+02,
    4.79968353e+02, 2.83339966e+02, 5.07863831e+02, 2.78486420e+02,
    5.34537537e+02, 2.73921997e+02, 3.64275940e+02, 3.39206329e+02,
    3.95746613e+02, 3.32962250e+02, 4.26345520e+02, 3.26571655e+02,
    4.55653809e+02, 3.20930237e+02, 4.84598419e+02, 3.15204132e+02,
    5.12149048e+02, 3.09964478e+02, 5.39060486e+02, 3.04764648e+02,
    3.68749390e+02, 3.73701874e+02, 4.00606232e+02, 3.66575867e+02,
    4.30970581e+02, 3.59780121e+02, 4.60448395e+02, 3.53295990e+02,
    4.89021088e+02, 3.47259918e+02, 5.16879211e+02, 3.41180969e+02,
    5.43683655e+02, 3.35548798e+02, 3.73613129e+02, 4.08049774e+02,
    4.05029968e+02, 4.00224548e+02, 4.35544434e+02, 3.92805695e+02,
    4.64965973e+02, 3.85694427e+02, 4.93624268e+02, 3.78931519e+02,
    5.21249146e+02, 3.72630829e+02, 5.48033875e+02, 3.66161285e+02 ]
CalibrationFramePatternWorld: [ 0., 0., 0., 0., 2.70000007e-02, 0., 0.,
    5.40000014e-02, 0., 0., 8.10000002e-02, 0., 0., 1.08000003e-01, 0.,
    0., 1.35000005e-01, 0., 0., 1.62000000e-01, 0., 2.70000007e-02, 0.,
    0., 2.70000007e-02, 2.70000007e-02, 0., 2.70000007e-02,
    5.40000014e-02, 0., 2.70000007e-02, 8.10000002e-02, 0.,
    2.70000007e-02, 1.08000003e-01, 0., 2.70000007e-02, 1.35000005e-01,
    0., 2.70000007e-02, 1.62000000e-01, 0., 5.40000014e-02, 0., 0.,
    5.40000014e-02, 2.70000007e-02, 0., 5.40000014e-02, 5.40000014e-02,
    0., 5.40000014e-02, 8.10000002e-02, 0., 5.40000014e-02,
    1.08000003e-01, 0., 5.40000014e-02, 1.35000005e-01, 0.,
    5.40000014e-02, 1.62000000e-01, 0., 8.10000002e-02, 0., 0.,
    8.10000002e-02, 2.70000007e-02, 0., 8.10000002e-02, 5.40000014e-02,
    0., 8.10000002e-02, 8.10000002e-02, 0., 8.10000002e-02,
    1.08000003e-01, 0., 8.10000002e-02, 1.35000005e-01, 0.,
    8.10000002e-02, 1.62000000e-01, 0., 1.08000003e-01, 0., 0.,
    1.08000003e-01, 2.70000007e-02, 0., 1.08000003e-01, 5.40000014e-02,
    0., 1.08000003e-01, 8.10000002e-02, 0., 1.08000003e-01,
    1.08000003e-01, 0., 1.08000003e-01, 1.35000005e-01, 0.,
    1.08000003e-01, 1.62000000e-01, 0. ]
CalibrationFrameExtRotation: !!opencv-matrix
   rows: 3
   cols: 1
   dt: d
   data: [ 2.1465897194201600e+00, 1.8771404681890576e+00,
       3.6331771351319286e-01 ]
CalibrationFrameExtTranslation: !!opencv-matrix
   rows: 3
   cols: 1
   dt: d
   data: [ 1.0342601077046147e-03, 2.2068554699125192e-02,
       4.4486932453024158e-01 ]
CalibrationFrameRMSerror: 3.0123448371887207e-01
