%YAML:1.0
---
CalibrationFramePatternImage: [ 3.40672638e+02, 1.25910141e+02,
    3.70914948e+02, 1.29796112e+02, 4.00319946e+02, 1.33723190e+02,
    4.28020782e+02, 1.37512070e+02, 4.54807617e+02, 1.41118378e+02,
    4.80727234e+02, 1.44435455e+02, 5.05840851e+02, 1.47868057e+02,
    3.38034088e+02, 1.59955032e+02, 3.68195099e+02, 1.63263535e+02,
    3.97334686e+02, 1.66430161e+02, 4.25038513e+02, 1.69466537e+02,
    4.51776978e+02, 1.72314758e+02, 4.78022858e+02, 1.75098434e+02,
    5.02812347e+02, 1.77683624e+02, 3.35925537e+02, 1.93448608e+02,
    3.66188873e+02, 1.96042923e+02, 3.95025055e+02, 1.98624725e+02,
    4.22649658e+02, 2.00609619e+02, 4.49536224e+02, 2.02905212e+02,
    4.75594666e+02, 2.05292923e+02, 5.00778656e+02, 2.06969635e+02,
    3.34129059e+02, 2.27124695e+02, 3.64461365e+02, 2.28894867e+02,
    3.93132843e+02, 2.30455444e+02, 4.20889404e+02, 2.31894241e+02,
    4.47911926e+02, 2.33319641e+02, 4.73803284e+02, 2.34952866e+02,
    4.99131927e+02, 2.36291275e+02, 3.32114441e+02, 2.60332947e+02,
    3.62379150e+02, 2.61278595e+02, 3.91454529e+02, 2.62174866e+02,
    4.19321991e+02, 2.62828217e+02, 4.46482910e+02, 2.63726196e+02,
    4.72365204e+02, 2.64668365e+02, 4.97543610e+02, 2.65572113e+02 ]
CalibrationFramePatternWorld: [ 0., 0., 0., 0., 2.70000007e-02, 0., 0.,
    5.40000014e-02, 0., 0., 8.10000002e-02, 0., 0., 1.08000003e-01, 0.,
    0., 1.35000005e-01, 0., 0., 1.62000000e-01, 0., 2.70000007e-02, 0.,
    0., 2.70000007e-02, 2.70000007e-02, 0., 2.70000007e-02,
    5.40000014e-02, 0., 2.70000007e-02, 8.10000002e-02, 0.,
    2.70000007e-02, 1.08000003e-01, 0., 2.70000007e-02, 1.35000005e-01,
    0., 2.70000007e-02, 1.62000000e-01, 0., 5.40000014e-02, 0., 0.,
    5.40000014e-02, 2.70000007e-02, 0., 5.40000014e-02, 5.40000014e-02,
    0., 5.40000014e-02, 8.10000002e-02, 0., 5.40000014e-02,
    1.08000003e-01, 0., 5.40000014e-02, 1.35000005e-01, 0.,
    5.40000014e-02, 1.62000000e-01, 0., 8.10000002e-02, 0., 0.,
    8.10000002e-02, 2.70000007e-02, 0., 8.10000002e-02, 5.40000014e-02,
    0., 8.10000002e-02, 8.10000002e-02, 0., 8.10000002e-02,
    1.08000003e-01, 0., 8.10000002e-02, 1.35000005e-01, 0.,
    8.10000002e-02, 1.62000000e-01, 0., 1.08000003e-01, 0., 0.,
    1.08000003e-01, 2.70000007e-02, 0., 1.08000003e-01, 5.40000014e-02,
    0., 1.08000003e-01, 8.10000002e-02, 0., 1.08000003e-01,
    1.08000003e-01, 0., 1.08000003e-01, 1.35000005e-01, 0.,
    1.08000003e-01, 1.62000000e-01, 0. ]
CalibrationFrameExtRotation: !!opencv-matrix
   rows: 3
   cols: 1
   dt: d
   data: [ 1.9412175278615382e+00, 2.0507389303670243e+00,
       4.7625507083159935e-01 ]
CalibrationFrameExtTranslation: !!opencv-matrix
   rows: 3
   cols: 1
   dt: d
   data: [ -1.0468135039844510e-02, -9.2357867360780527e-02,
       4.6344935002231868e-01 ]
CalibrationFrameRMSerror: 4.3106174468994141e-01
