%YAML:1.0
---
CalibrationFramePatternImage: [ 3.51900024e+02, 3.06306061e+02,
    3.74780151e+02, 3.07697083e+02, 3.97164612e+02, 3.09070435e+02,
    4.19053528e+02, 3.10260864e+02, 4.40123932e+02, 3.11416443e+02,
    4.61027435e+02, 3.12879181e+02, 4.81507568e+02, 3.13807373e+02,
    3.49740845e+02, 3.31802063e+02, 3.72693451e+02, 3.32783539e+02,
    3.95069183e+02, 3.33626587e+02, 4.16858887e+02, 3.34443115e+02,
    4.38355591e+02, 3.35284058e+02, 4.59264893e+02, 3.35808380e+02,
    4.79377167e+02, 3.37012939e+02, 3.47392181e+02, 3.56909515e+02,
    3.70724731e+02, 3.56868958e+02, 3.92852417e+02, 3.57596954e+02,
    4.14915863e+02, 3.58403717e+02, 4.36570953e+02, 3.58736877e+02,
    4.57360809e+02, 3.58961578e+02, 4.77598724e+02, 3.59639954e+02,
    3.45442780e+02, 3.81343994e+02, 3.68560516e+02, 3.81432159e+02,
    3.90776917e+02, 3.81519531e+02, 4.12783051e+02, 3.81890198e+02,
    4.34214783e+02, 3.82086334e+02, 4.55151611e+02, 3.82460449e+02,
    4.75754730e+02, 3.82525726e+02, 3.43173035e+02, 4.05757263e+02,
    3.66078094e+02, 4.05560852e+02, 3.88798126e+02, 4.05448761e+02,
    4.10601807e+02, 4.05196716e+02, 4.32107941e+02, 4.04756287e+02,
    4.53255676e+02, 4.04632050e+02, 4.73478851e+02, 4.04895966e+02 ]
CalibrationFramePatternWorld: [ 0., 0., 0., 0., 2.70000007e-02, 0., 0.,
    5.40000014e-02, 0., 0., 8.10000002e-02, 0., 0., 1.08000003e-01, 0.,
    0., 1.35000005e-01, 0., 0., 1.62000000e-01, 0., 2.70000007e-02, 0.,
    0., 2.70000007e-02, 2.70000007e-02, 0., 2.70000007e-02,
    5.40000014e-02, 0., 2.70000007e-02, 8.10000002e-02, 0.,
    2.70000007e-02, 1.08000003e-01, 0., 2.70000007e-02, 1.35000005e-01,
    0., 2.70000007e-02, 1.62000000e-01, 0., 5.40000014e-02, 0., 0.,
    5.40000014e-02, 2.70000007e-02, 0., 5.40000014e-02, 5.40000014e-02,
    0., 5.40000014e-02, 8.10000002e-02, 0., 5.40000014e-02,
    1.08000003e-01, 0., 5.40000014e-02, 1.35000005e-01, 0.,
    5.40000014e-02, 1.62000000e-01, 0., 8.10000002e-02, 0., 0.,
    8.10000002e-02, 2.70000007e-02, 0., 8.10000002e-02, 5.40000014e-02,
    0., 8.10000002e-02, 8.10000002e-02, 0., 8.10000002e-02,
    1.08000003e-01, 0., 8.10000002e-02, 1.35000005e-01, 0.,
    8.10000002e-02, 1.62000000e-01, 0., 1.08000003e-01, 0., 0.,
    1.08000003e-01, 2.70000007e-02, 0., 1.08000003e-01, 5.40000014e-02,
    0., 1.08000003e-01, 8.10000002e-02, 0., 1.08000003e-01,
    1.08000003e-01, 0., 1.08000003e-01, 1.35000005e-01, 0.,
    1.08000003e-01, 1.62000000e-01, 0. ]
CalibrationFrameExtRotation: !!opencv-matrix
   rows: 3
   cols: 1
   dt: d
   data: [ 1.9263546085140331e+00, 2.1166692291187594e+00,
       3.8739238529084308e-01 ]
CalibrationFrameExtTranslation: !!opencv-matrix
   rows: 3
   cols: 1
   dt: d
   data: [ -1.4767194762589093e-03, 7.1538300472056351e-02,
       6.2636520183082811e-01 ]
CalibrationFrameRMSerror: 3.2868126034736633e-01
