%YAML:1.0
---
CalibrationFramePatternImage: [ 3.46378235e+02, 1.93606247e+02,
    3.82534698e+02, 1.94235611e+02, 4.19573669e+02, 1.94872696e+02,
    4.57518219e+02, 1.95535873e+02, 4.96568237e+02, 1.96369095e+02,
    5.36116089e+02, 1.96861755e+02, 5.76695007e+02, 1.97545425e+02,
    3.44950073e+02, 2.29454956e+02, 3.81560394e+02, 2.30418930e+02,
    4.18723297e+02, 2.31638474e+02, 4.56806824e+02, 2.32829987e+02,
    4.95651276e+02, 2.33866135e+02, 5.35667175e+02, 2.35411591e+02,
    5.76016052e+02, 2.36509674e+02, 3.43848236e+02, 2.64714996e+02,
    3.80377502e+02, 2.66232208e+02, 4.17762604e+02, 2.68010010e+02,
    4.55605499e+02, 2.69680481e+02, 4.94543762e+02, 2.71696503e+02,
    5.34595703e+02, 2.73315277e+02, 5.75364441e+02, 2.75209015e+02,
    3.42506409e+02, 3.00240967e+02, 3.79109924e+02, 3.02404877e+02,
    4.16248596e+02, 3.04692230e+02, 4.54528748e+02, 3.06940094e+02,
    4.93500793e+02, 3.09076965e+02, 5.33469421e+02, 3.11491394e+02,
    5.74564880e+02, 3.13937958e+02, 3.40921631e+02, 3.35747528e+02,
    3.77335938e+02, 3.38307587e+02, 4.14851807e+02, 3.41059845e+02,
    4.52823517e+02, 3.43900787e+02, 4.91921326e+02, 3.46730774e+02,
    5.32369324e+02, 3.49792480e+02, 5.72923157e+02, 3.52940338e+02 ]
CalibrationFramePatternWorld: [ 0., 0., 0., 0., 2.70000007e-02, 0., 0.,
    5.40000014e-02, 0., 0., 8.10000002e-02, 0., 0., 1.08000003e-01, 0.,
    0., 1.35000005e-01, 0., 0., 1.62000000e-01, 0., 2.70000007e-02, 0.,
    0., 2.70000007e-02, 2.70000007e-02, 0., 2.70000007e-02,
    5.40000014e-02, 0., 2.70000007e-02, 8.10000002e-02, 0.,
    2.70000007e-02, 1.08000003e-01, 0., 2.70000007e-02, 1.35000005e-01,
    0., 2.70000007e-02, 1.62000000e-01, 0., 5.40000014e-02, 0., 0.,
    5.40000014e-02, 2.70000007e-02, 0., 5.40000014e-02, 5.40000014e-02,
    0., 5.40000014e-02, 8.10000002e-02, 0., 5.40000014e-02,
    1.08000003e-01, 0., 5.40000014e-02, 1.35000005e-01, 0.,
    5.40000014e-02, 1.62000000e-01, 0., 8.10000002e-02, 0., 0.,
    8.10000002e-02, 2.70000007e-02, 0., 8.10000002e-02, 5.40000014e-02,
    0., 8.10000002e-02, 8.10000002e-02, 0., 8.10000002e-02,
    1.08000003e-01, 0., 8.10000002e-02, 1.35000005e-01, 0.,
    8.10000002e-02, 1.62000000e-01, 0., 1.08000003e-01, 0., 0.,
    1.08000003e-01, 2.70000007e-02, 0., 1.08000003e-01, 5.40000014e-02,
    0., 1.08000003e-01, 8.10000002e-02, 0., 1.08000003e-01,
    1.08000003e-01, 0., 1.08000003e-01, 1.35000005e-01, 0.,
    1.08000003e-01, 1.62000000e-01, 0. ]
CalibrationFrameExtRotation: !!opencv-matrix
   rows: 3
   cols: 1
   dt: d
   data: [ -2.1181357076479999e+00, -2.2037687957152130e+00,
       2.0868370152684765e-01 ]
CalibrationFrameExtTranslation: !!opencv-matrix
   rows: 3
   cols: 1
   dt: d
   data: [ -4.4893158372944133e-03, -3.6052658435719295e-02,
       4.3654528220400740e-01 ]
CalibrationFrameRMSerror: 5.8424234390258789e-01
