%YAML:1.0
---
CalibrationFramePatternImage: [ 1.30218826e+02, 6.42993393e+01,
    1.49038879e+02, 7.08035965e+01, 1.67414551e+02, 7.73281097e+01,
    1.85413147e+02, 8.36472626e+01, 2.03013962e+02, 8.97882385e+01,
    2.20341187e+02, 9.56381454e+01, 2.37257553e+02, 1.01663742e+02,
    1.25206291e+02, 8.23992462e+01, 1.43848175e+02, 8.88362885e+01,
    1.62204712e+02, 9.47892151e+01, 1.80166138e+02, 1.00917503e+02,
    1.97642090e+02, 1.06992752e+02, 2.15150558e+02, 1.12721855e+02,
    2.31950272e+02, 1.18474457e+02, 1.20151230e+02, 1.00091934e+02,
    1.38710892e+02, 1.06179428e+02, 1.57122314e+02, 1.12298119e+02,
    1.75012985e+02, 1.18035965e+02, 1.92507050e+02, 1.23830704e+02,
    2.09920502e+02, 1.29423080e+02, 2.26741745e+02, 1.35021530e+02,
    1.14991623e+02, 1.17454422e+02, 1.33662964e+02, 1.23449257e+02,
    1.52107407e+02, 1.29314011e+02, 1.70040268e+02, 1.34945770e+02,
    1.87568085e+02, 1.40607452e+02, 2.04826462e+02, 1.45897720e+02,
    2.21836166e+02, 1.51319275e+02, 1.10289742e+02, 1.34956589e+02,
    1.28866776e+02, 1.40638397e+02, 1.47346786e+02, 1.46318878e+02,
    1.65182083e+02, 1.51654831e+02, 1.82609741e+02, 1.57047897e+02,
    1.99966827e+02, 1.62347549e+02, 2.16666519e+02, 1.67469437e+02 ]
CalibrationFramePatternWorld: [ 0., 0., 0., 0., 2.70000007e-02, 0., 0.,
    5.40000014e-02, 0., 0., 8.10000002e-02, 0., 0., 1.08000003e-01, 0.,
    0., 1.35000005e-01, 0., 0., 1.62000000e-01, 0., 2.70000007e-02, 0.,
    0., 2.70000007e-02, 2.70000007e-02, 0., 2.70000007e-02,
    5.40000014e-02, 0., 2.70000007e-02, 8.10000002e-02, 0.,
    2.70000007e-02, 1.08000003e-01, 0., 2.70000007e-02, 1.35000005e-01,
    0., 2.70000007e-02, 1.62000000e-01, 0., 5.40000014e-02, 0., 0.,
    5.40000014e-02, 2.70000007e-02, 0., 5.40000014e-02, 5.40000014e-02,
    0., 5.40000014e-02, 8.10000002e-02, 0., 5.40000014e-02,
    1.08000003e-01, 0., 5.40000014e-02, 1.35000005e-01, 0.,
    5.40000014e-02, 1.62000000e-01, 0., 8.10000002e-02, 0., 0.,
    8.10000002e-02, 2.70000007e-02, 0., 8.10000002e-02, 5.40000014e-02,
    0., 8.10000002e-02, 8.10000002e-02, 0., 8.10000002e-02,
    1.08000003e-01, 0., 8.10000002e-02, 1.35000005e-01, 0.,
    8.10000002e-02, 1.62000000e-01, 0., 1.08000003e-01, 0., 0.,
    1.08000003e-01, 2.70000007e-02, 0., 1.08000003e-01, 5.40000014e-02,
    0., 1.08000003e-01, 8.10000002e-02, 0., 1.08000003e-01,
    1.08000003e-01, 0., 1.08000003e-01, 1.35000005e-01, 0.,
    1.08000003e-01, 1.62000000e-01, 0. ]
CalibrationFrameExtRotation: !!opencv-matrix
   rows: 3
   cols: 1
   dt: d
   data: [ 1.7621917401547926e+00, 2.4365915538949574e+00,
       6.7776031148599436e-01 ]
CalibrationFrameExtTranslation: !!opencv-matrix
   rows: 3
   cols: 1
   dt: d
   data: [ -3.2309953345915721e-01, -2.5706568391938955e-01,
       8.3049144696102739e-01 ]
CalibrationFrameRMSerror: 2.1317394077777863e-01
