%YAML:1.0
---
CalibrationFramePatternImage: [ 9.48858566e+01, 2.56489807e+02,
    1.26567307e+02, 2.58371979e+02, 1.57007767e+02, 2.60387604e+02,
    1.86385681e+02, 2.62358063e+02, 2.14985291e+02, 2.63842255e+02,
    2.42417908e+02, 2.65762360e+02, 2.69292267e+02, 2.67126678e+02,
    9.20947952e+01, 2.84714294e+02, 1.24527199e+02, 2.86608215e+02,
    1.55140518e+02, 2.87882416e+02, 1.85114746e+02, 2.89681183e+02,
    2.14288376e+02, 2.90799591e+02, 2.42300446e+02, 2.92447205e+02,
    2.69377563e+02, 2.93420868e+02, 8.90183029e+01, 3.13917664e+02,
    1.21885925e+02, 3.14820862e+02, 1.53255630e+02, 3.16546875e+02,
    1.83917618e+02, 3.17439331e+02, 2.13302063e+02, 3.18475983e+02,
    2.41836472e+02, 3.19649658e+02, 2.69475983e+02, 3.20382111e+02,
    8.54342117e+01, 3.43500275e+02, 1.18915428e+02, 3.44718536e+02,
    1.51164520e+02, 3.45631104e+02, 1.82241104e+02, 3.46475281e+02,
    2.12327408e+02, 3.46969238e+02, 2.41612900e+02, 3.47586151e+02,
    2.69590210e+02, 3.48252106e+02, 8.16432419e+01, 3.74946411e+02,
    1.15451317e+02, 3.75529968e+02, 1.48547791e+02, 3.75940521e+02,
    1.80137085e+02, 3.76402405e+02, 2.10934265e+02, 3.76688690e+02,
    2.40430389e+02, 3.76885895e+02, 2.69359558e+02, 3.77035522e+02 ]
CalibrationFramePatternWorld: [ 0., 0., 0., 0., 2.70000007e-02, 0., 0.,
    5.40000014e-02, 0., 0., 8.10000002e-02, 0., 0., 1.08000003e-01, 0.,
    0., 1.35000005e-01, 0., 0., 1.62000000e-01, 0., 2.70000007e-02, 0.,
    0., 2.70000007e-02, 2.70000007e-02, 0., 2.70000007e-02,
    5.40000014e-02, 0., 2.70000007e-02, 8.10000002e-02, 0.,
    2.70000007e-02, 1.08000003e-01, 0., 2.70000007e-02, 1.35000005e-01,
    0., 2.70000007e-02, 1.62000000e-01, 0., 5.40000014e-02, 0., 0.,
    5.40000014e-02, 2.70000007e-02, 0., 5.40000014e-02, 5.40000014e-02,
    0., 5.40000014e-02, 8.10000002e-02, 0., 5.40000014e-02,
    1.08000003e-01, 0., 5.40000014e-02, 1.35000005e-01, 0.,
    5.40000014e-02, 1.62000000e-01, 0., 8.10000002e-02, 0., 0.,
    8.10000002e-02, 2.70000007e-02, 0., 8.10000002e-02, 5.40000014e-02,
    0., 8.10000002e-02, 8.10000002e-02, 0., 8.10000002e-02,
    1.08000003e-01, 0., 8.10000002e-02, 1.35000005e-01, 0.,
    8.10000002e-02, 1.62000000e-01, 0., 1.08000003e-01, 0., 0.,
    1.08000003e-01, 2.70000007e-02, 0., 1.08000003e-01, 5.40000014e-02,
    0., 1.08000003e-01, 8.10000002e-02, 0., 1.08000003e-01,
    1.08000003e-01, 0., 1.08000003e-01, 1.35000005e-01, 0.,
    1.08000003e-01, 1.62000000e-01, 0. ]
CalibrationFrameExtRotation: !!opencv-matrix
   rows: 3
   cols: 1
   dt: d
   data: [ 1.8467930843742741e+00, 1.8777121682878644e+00,
       -1.5910851255738025e-02 ]
CalibrationFrameExtTranslation: !!opencv-matrix
   rows: 3
   cols: 1
   dt: d
   data: [ -2.3520692651224490e-01, 1.4108365182425144e-02,
       5.2335543078296964e-01 ]
CalibrationFrameRMSerror: 4.2059665918350220e-01
