%YAML:1.0
---
CalibrationFramePatternImage: [ 7.95100250e+01, 1.91814835e+02,
    1.12499580e+02, 2.00389343e+02, 1.44533020e+02, 2.08606598e+02,
    1.75247162e+02, 2.16741699e+02, 2.05133972e+02, 2.24298172e+02,
    2.33733643e+02, 2.31598785e+02, 2.61051880e+02, 2.38753357e+02,
    7.00868225e+01, 2.22704437e+02, 1.04079330e+02, 2.31128799e+02,
    1.36528381e+02, 2.38694275e+02, 1.67886688e+02, 2.46232971e+02,
    1.97989410e+02, 2.53198074e+02, 2.26971298e+02, 2.59935852e+02,
    2.54854462e+02, 2.66655640e+02, 6.11063156e+01, 2.54255081e+02,
    9.57780533e+01, 2.61633087e+02, 1.28557755e+02, 2.68910950e+02,
    1.60293533e+02, 2.75785675e+02, 1.90984192e+02, 2.82503326e+02,
    2.20513519e+02, 2.88743256e+02, 2.48540970e+02, 2.94689362e+02,
    5.19030151e+01, 2.86216156e+02, 8.71798019e+01, 2.93096710e+02,
    1.20736839e+02, 2.99619690e+02, 1.53104095e+02, 3.06007843e+02,
    1.83965912e+02, 3.11968353e+02, 2.14078857e+02, 3.17782135e+02,
    2.42761719e+02, 3.23216705e+02, 4.32798157e+01, 3.18916168e+02,
    7.85465469e+01, 3.25100983e+02, 1.12684998e+02, 3.31195282e+02,
    1.45631866e+02, 3.36732483e+02, 1.76971588e+02, 3.42455048e+02,
    2.07607666e+02, 3.47440002e+02, 2.36688095e+02, 3.52418976e+02 ]
CalibrationFramePatternWorld: [ 0., 0., 0., 0., 2.70000007e-02, 0., 0.,
    5.40000014e-02, 0., 0., 8.10000002e-02, 0., 0., 1.08000003e-01, 0.,
    0., 1.35000005e-01, 0., 0., 1.62000000e-01, 0., 2.70000007e-02, 0.,
    0., 2.70000007e-02, 2.70000007e-02, 0., 2.70000007e-02,
    5.40000014e-02, 0., 2.70000007e-02, 8.10000002e-02, 0.,
    2.70000007e-02, 1.08000003e-01, 0., 2.70000007e-02, 1.35000005e-01,
    0., 2.70000007e-02, 1.62000000e-01, 0., 5.40000014e-02, 0., 0.,
    5.40000014e-02, 2.70000007e-02, 0., 5.40000014e-02, 5.40000014e-02,
    0., 5.40000014e-02, 8.10000002e-02, 0., 5.40000014e-02,
    1.08000003e-01, 0., 5.40000014e-02, 1.35000005e-01, 0.,
    5.40000014e-02, 1.62000000e-01, 0., 8.10000002e-02, 0., 0.,
    8.10000002e-02, 2.70000007e-02, 0., 8.10000002e-02, 5.40000014e-02,
    0., 8.10000002e-02, 8.10000002e-02, 0., 8.10000002e-02,
    1.08000003e-01, 0., 8.10000002e-02, 1.35000005e-01, 0.,
    8.10000002e-02, 1.62000000e-01, 0., 1.08000003e-01, 0., 0.,
    1.08000003e-01, 2.70000007e-02, 0., 1.08000003e-01, 5.40000014e-02,
    0., 1.08000003e-01, 8.10000002e-02, 0., 1.08000003e-01,
    1.08000003e-01, 0., 1.08000003e-01, 1.35000005e-01, 0.,
    1.08000003e-01, 1.62000000e-01, 0. ]
CalibrationFrameExtRotation: !!opencv-matrix
   rows: 3
   cols: 1
   dt: d
   data: [ 1.6981963031468683e+00, 2.1341494713917220e+00,
       2.9279600767524522e-01 ]
CalibrationFrameExtTranslation: !!opencv-matrix
   rows: 3
   cols: 1
   dt: d
   data: [ -2.2929293406216603e-01, -4.1303427088678006e-02,
       4.7822087473913644e-01 ]
CalibrationFrameRMSerror: 3.3136516809463501e-01
