%YAML:1.0
---
CalibrationFramePatternImage: [ 4.85317108e+02, 9.49178925e+01,
    5.02513733e+02, 8.90902023e+01, 5.19655334e+02, 8.35664368e+01,
    5.36550171e+02, 7.79348297e+01, 5.53119263e+02, 7.22857285e+01,
    5.69594360e+02, 6.68348999e+01, 5.85799011e+02, 6.14107323e+01,
    4.89966339e+02, 1.13563484e+02, 5.07102600e+02, 1.07686867e+02,
    5.24035034e+02, 1.02016945e+02, 5.40679504e+02, 9.63229828e+01,
    5.57174988e+02, 9.07377396e+01, 5.73647705e+02, 8.51962357e+01,
    5.89515869e+02, 7.96873550e+01, 4.94570923e+02, 1.31493073e+02,
    5.11474182e+02, 1.25625992e+02, 5.28169739e+02, 1.20079628e+02,
    5.44732361e+02, 1.14403534e+02, 5.61188965e+02, 1.08773773e+02,
    5.77452209e+02, 1.03204361e+02, 5.93483887e+02, 9.75369720e+01,
    4.98738281e+02, 1.49222305e+02, 5.15746948e+02, 1.43450256e+02,
    5.32331604e+02, 1.37676025e+02, 5.48737244e+02, 1.32209808e+02,
    5.65016785e+02, 1.26420959e+02, 5.81406860e+02, 1.20673561e+02,
    5.97506592e+02, 1.15289566e+02, 5.02799225e+02, 1.66608734e+02,
    5.19549377e+02, 1.60926407e+02, 5.36095337e+02, 1.55234970e+02,
    5.52492798e+02, 1.49439407e+02, 5.68846497e+02, 1.43738617e+02,
    5.85158630e+02, 1.38261246e+02, 6.01150635e+02, 1.32522720e+02 ]
CalibrationFramePatternWorld: [ 0., 0., 0., 0., 2.70000007e-02, 0., 0.,
    5.40000014e-02, 0., 0., 8.10000002e-02, 0., 0., 1.08000003e-01, 0.,
    0., 1.35000005e-01, 0., 0., 1.62000000e-01, 0., 2.70000007e-02, 0.,
    0., 2.70000007e-02, 2.70000007e-02, 0., 2.70000007e-02,
    5.40000014e-02, 0., 2.70000007e-02, 8.10000002e-02, 0.,
    2.70000007e-02, 1.08000003e-01, 0., 2.70000007e-02, 1.35000005e-01,
    0., 2.70000007e-02, 1.62000000e-01, 0., 5.40000014e-02, 0., 0.,
    5.40000014e-02, 2.70000007e-02, 0., 5.40000014e-02, 5.40000014e-02,
    0., 5.40000014e-02, 8.10000002e-02, 0., 5.40000014e-02,
    1.08000003e-01, 0., 5.40000014e-02, 1.35000005e-01, 0.,
    5.40000014e-02, 1.62000000e-01, 0., 8.10000002e-02, 0., 0.,
    8.10000002e-02, 2.70000007e-02, 0., 8.10000002e-02, 5.40000014e-02,
    0., 8.10000002e-02, 8.10000002e-02, 0., 8.10000002e-02,
    1.08000003e-01, 0., 8.10000002e-02, 1.35000005e-01, 0.,
    8.10000002e-02, 1.62000000e-01, 0., 1.08000003e-01, 0., 0.,
    1.08000003e-01, 2.70000007e-02, 0., 1.08000003e-01, 5.40000014e-02,
    0., 1.08000003e-01, 8.10000002e-02, 0., 1.08000003e-01,
    1.08000003e-01, 0., 1.08000003e-01, 1.35000005e-01, 0.,
    1.08000003e-01, 1.62000000e-01, 0. ]
CalibrationFrameExtRotation: !!opencv-matrix
   rows: 3
   cols: 1
   dt: d
   data: [ -2.5356327941157839e+00, -1.8137936888621238e+00,
       -4.4963395775709425e-01 ]
CalibrationFrameExtTranslation: !!opencv-matrix
   rows: 3
   cols: 1
   dt: d
   data: [ 1.8630578743126369e-01, -2.1000592462042222e-01,
       8.3603034276521426e-01 ]
CalibrationFrameRMSerror: 2.2865189611911774e-01
