%YAML:1.0
---
CalibrationFramePatternImage: [ 8.08718109e+01, 1.22731056e+02,
    1.36373627e+02, 1.26239975e+02, 1.88534653e+02, 1.29342575e+02,
    2.38630997e+02, 1.32019867e+02, 2.86188629e+02, 1.34427902e+02,
    3.31469696e+02, 1.37069183e+02, 3.74664795e+02, 1.39497711e+02,
    8.05857239e+01, 1.76627548e+02, 1.35974594e+02, 1.78286575e+02,
    1.88282196e+02, 1.79729568e+02, 2.38279953e+02, 1.81082260e+02,
    2.85701660e+02, 1.82281357e+02, 3.31230286e+02, 1.83362137e+02,
    3.74381927e+02, 1.84544586e+02, 8.05169067e+01, 2.29164673e+02,
    1.35956345e+02, 2.29292236e+02, 1.88535461e+02, 2.29406708e+02,
    2.38416565e+02, 2.29334473e+02, 2.85903168e+02, 2.29216232e+02,
    3.31331604e+02, 2.29269577e+02, 3.74628784e+02, 2.28934479e+02,
    8.11820068e+01, 2.81934784e+02, 1.36744049e+02, 2.80361572e+02,
    1.88917679e+02, 2.78838806e+02, 2.38889618e+02, 2.77319061e+02,
    2.86369537e+02, 2.75834656e+02, 3.31893738e+02, 2.74715485e+02,
    3.75509094e+02, 2.73406097e+02, 8.30879517e+01, 3.34734344e+02,
    1.38171249e+02, 3.31413757e+02, 1.90430405e+02, 3.28226288e+02,
    2.40294540e+02, 3.25245270e+02, 2.87826477e+02, 3.22763672e+02,
    3.33165131e+02, 3.19966003e+02, 3.76690765e+02, 3.17587524e+02 ]
CalibrationFramePatternWorld: [ 0., 0., 0., 0., 2.70000007e-02, 0., 0.,
    5.40000014e-02, 0., 0., 8.10000002e-02, 0., 0., 1.08000003e-01, 0.,
    0., 1.35000005e-01, 0., 0., 1.62000000e-01, 0., 2.70000007e-02, 0.,
    0., 2.70000007e-02, 2.70000007e-02, 0., 2.70000007e-02,
    5.40000014e-02, 0., 2.70000007e-02, 8.10000002e-02, 0.,
    2.70000007e-02, 1.08000003e-01, 0., 2.70000007e-02, 1.35000005e-01,
    0., 2.70000007e-02, 1.62000000e-01, 0., 5.40000014e-02, 0., 0.,
    5.40000014e-02, 2.70000007e-02, 0., 5.40000014e-02, 5.40000014e-02,
    0., 5.40000014e-02, 8.10000002e-02, 0., 5.40000014e-02,
    1.08000003e-01, 0., 5.40000014e-02, 1.35000005e-01, 0.,
    5.40000014e-02, 1.62000000e-01, 0., 8.10000002e-02, 0., 0.,
    8.10000002e-02, 2.70000007e-02, 0., 8.10000002e-02, 5.40000014e-02,
    0., 8.10000002e-02, 8.10000002e-02, 0., 8.10000002e-02,
    1.08000003e-01, 0., 8.10000002e-02, 1.35000005e-01, 0.,
    8.10000002e-02, 1.62000000e-01, 0., 1.08000003e-01, 0., 0.,
    1.08000003e-01, 2.70000007e-02, 0., 1.08000003e-01, 5.40000014e-02,
    0., 1.08000003e-01, 8.10000002e-02, 0., 1.08000003e-01,
    1.08000003e-01, 0., 1.08000003e-01, 1.35000005e-01, 0.,
    1.08000003e-01, 1.62000000e-01, 0. ]
CalibrationFrameExtRotation: !!opencv-matrix
   rows: 3
   cols: 1
   dt: d
   data: [ 2.0391472109421618e+00, 2.0216723892326836e+00,
       3.6394682009682916e-01 ]
CalibrationFrameExtTranslation: !!opencv-matrix
   rows: 3
   cols: 1
   dt: d
   data: [ -1.3952583453519621e-01, -6.0007294490837360e-02,
       2.9226640408034371e-01 ]
CalibrationFrameRMSerror: 6.0527008771896362e-01
