%YAML:1.0
---
CalibrationFramePatternImage: [ 4.46181183e+02, 3.05582214e+02,
    4.68020233e+02, 3.00157501e+02, 4.89375916e+02, 2.94595612e+02,
    5.10854126e+02, 2.89042450e+02, 5.32255066e+02, 2.83519958e+02,
    5.53377075e+02, 2.78208221e+02, 5.74415527e+02, 2.72581146e+02,
    4.52419617e+02, 3.27923370e+02, 4.74381775e+02, 3.22342041e+02,
    4.95858032e+02, 3.16842743e+02, 5.17405579e+02, 3.11244232e+02,
    5.38753113e+02, 3.05640228e+02, 5.60221008e+02, 3.00174652e+02,
    5.81219482e+02, 2.94666534e+02, 4.58834320e+02, 3.50287964e+02,
    4.80555176e+02, 3.44632812e+02, 5.02277374e+02, 3.39026611e+02,
    5.23780334e+02, 3.33351318e+02, 5.45383240e+02, 3.27597626e+02,
    5.66760986e+02, 3.21949738e+02, 5.88222168e+02, 3.16374634e+02,
    4.64739746e+02, 3.72522156e+02, 4.86657257e+02, 3.66810638e+02,
    5.08457306e+02, 3.61011749e+02, 5.30350098e+02, 3.55391785e+02,
    5.52004211e+02, 3.49857758e+02, 5.73604065e+02, 3.44107300e+02,
    5.95174744e+02, 3.38525452e+02, 4.70895752e+02, 3.95045593e+02,
    4.92884094e+02, 3.89416046e+02, 5.14761292e+02, 3.83585083e+02,
    5.36928772e+02, 3.77909515e+02, 5.58626099e+02, 3.72073303e+02,
    5.80397522e+02, 3.66445374e+02, 6.02098450e+02, 3.60599823e+02 ]
CalibrationFramePatternWorld: [ 0., 0., 0., 0., 2.70000007e-02, 0., 0.,
    5.40000014e-02, 0., 0., 8.10000002e-02, 0., 0., 1.08000003e-01, 0.,
    0., 1.35000005e-01, 0., 0., 1.62000000e-01, 0., 2.70000007e-02, 0.,
    0., 2.70000007e-02, 2.70000007e-02, 0., 2.70000007e-02,
    5.40000014e-02, 0., 2.70000007e-02, 8.10000002e-02, 0.,
    2.70000007e-02, 1.08000003e-01, 0., 2.70000007e-02, 1.35000005e-01,
    0., 2.70000007e-02, 1.62000000e-01, 0., 5.40000014e-02, 0., 0.,
    5.40000014e-02, 2.70000007e-02, 0., 5.40000014e-02, 5.40000014e-02,
    0., 5.40000014e-02, 8.10000002e-02, 0., 5.40000014e-02,
    1.08000003e-01, 0., 5.40000014e-02, 1.35000005e-01, 0.,
    5.40000014e-02, 1.62000000e-01, 0., 8.10000002e-02, 0., 0.,
    8.10000002e-02, 2.70000007e-02, 0., 8.10000002e-02, 5.40000014e-02,
    0., 8.10000002e-02, 8.10000002e-02, 0., 8.10000002e-02,
    1.08000003e-01, 0., 8.10000002e-02, 1.35000005e-01, 0.,
    8.10000002e-02, 1.62000000e-01, 0., 1.08000003e-01, 0., 0.,
    1.08000003e-01, 2.70000007e-02, 0., 1.08000003e-01, 5.40000014e-02,
    0., 1.08000003e-01, 8.10000002e-02, 0., 1.08000003e-01,
    1.08000003e-01, 0., 1.08000003e-01, 1.35000005e-01, 0.,
    1.08000003e-01, 1.62000000e-01, 0. ]
CalibrationFrameExtRotation: !!opencv-matrix
   rows: 3
   cols: 1
   dt: d
   data: [ 2.3474045467697642e+00, 1.8355634174865643e+00,
       -1.3161395238681861e-03 ]
CalibrationFrameExtTranslation: !!opencv-matrix
   rows: 3
   cols: 1
   dt: d
   data: [ 1.0899840890835337e-01, 7.6977040771172608e-02,
       6.9078537388512673e-01 ]
CalibrationFrameRMSerror: 2.9592445492744446e-01
