%YAML:1.0
---
CalibrationFramePatternImage: [ 2.78591309e+02, 1.32379883e+02,
    3.16993866e+02, 1.33974518e+02, 3.57454102e+02, 1.35714478e+02,
    3.99353943e+02, 1.37333176e+02, 4.43826355e+02, 1.39445679e+02,
    4.90423767e+02, 1.41174850e+02, 5.39380127e+02, 1.43410324e+02,
    2.72132385e+02, 1.72625565e+02, 3.11079651e+02, 1.75379852e+02,
    3.51667358e+02, 1.78241638e+02, 3.93954956e+02, 1.81195908e+02,
    4.37935547e+02, 1.84413361e+02, 4.84453125e+02, 1.87368820e+02,
    5.33359497e+02, 1.91076385e+02, 2.66255066e+02, 2.12488525e+02,
    3.05133698e+02, 2.16410065e+02, 3.45842163e+02, 2.20470367e+02,
    3.87768890e+02, 2.24451767e+02, 4.32240936e+02, 2.28750610e+02,
    4.78623657e+02, 2.33443146e+02, 5.27765442e+02, 2.38437836e+02,
    2.60521545e+02, 2.53039413e+02, 2.99578339e+02, 2.57782104e+02,
    3.39832092e+02, 2.62773926e+02, 3.82442810e+02, 2.67983459e+02,
    4.26592743e+02, 2.73638062e+02, 4.73109894e+02, 2.79635681e+02,
    5.21733154e+02, 2.85725189e+02, 2.54816696e+02, 2.93568726e+02,
    2.93382812e+02, 2.99214539e+02, 3.33742432e+02, 3.05284302e+02,
    3.75680206e+02, 3.11517853e+02, 4.19539795e+02, 3.18460785e+02,
    4.66066956e+02, 3.25691040e+02, 5.14767822e+02, 3.33443420e+02 ]
CalibrationFramePatternWorld: [ 0., 0., 0., 0., 2.70000007e-02, 0., 0.,
    5.40000014e-02, 0., 0., 8.10000002e-02, 0., 0., 1.08000003e-01, 0.,
    0., 1.35000005e-01, 0., 0., 1.62000000e-01, 0., 2.70000007e-02, 0.,
    0., 2.70000007e-02, 2.70000007e-02, 0., 2.70000007e-02,
    5.40000014e-02, 0., 2.70000007e-02, 8.10000002e-02, 0.,
    2.70000007e-02, 1.08000003e-01, 0., 2.70000007e-02, 1.35000005e-01,
    0., 2.70000007e-02, 1.62000000e-01, 0., 5.40000014e-02, 0., 0.,
    5.40000014e-02, 2.70000007e-02, 0., 5.40000014e-02, 5.40000014e-02,
    0., 5.40000014e-02, 8.10000002e-02, 0., 5.40000014e-02,
    1.08000003e-01, 0., 5.40000014e-02, 1.35000005e-01, 0.,
    5.40000014e-02, 1.62000000e-01, 0., 8.10000002e-02, 0., 0.,
    8.10000002e-02, 2.70000007e-02, 0., 8.10000002e-02, 5.40000014e-02,
    0., 8.10000002e-02, 8.10000002e-02, 0., 8.10000002e-02,
    1.08000003e-01, 0., 8.10000002e-02, 1.35000005e-01, 0.,
    8.10000002e-02, 1.62000000e-01, 0., 1.08000003e-01, 0., 0.,
    1.08000003e-01, 2.70000007e-02, 0., 1.08000003e-01, 5.40000014e-02,
    0., 1.08000003e-01, 8.10000002e-02, 0., 1.08000003e-01,
    1.08000003e-01, 0., 1.08000003e-01, 1.35000005e-01, 0.,
    1.08000003e-01, 1.62000000e-01, 0. ]
CalibrationFrameExtRotation: !!opencv-matrix
   rows: 3
   cols: 1
   dt: d
   data: [ -1.9595112237061170e+00, -2.2173859948240007e+00,
       4.0436917246760734e-01 ]
CalibrationFrameExtTranslation: !!opencv-matrix
   rows: 3
   cols: 1
   dt: d
   data: [ -4.8935972655775178e-02, -7.2507564125442292e-02,
       3.8191738611507908e-01 ]
CalibrationFrameRMSerror: 7.8299874067306519e-01
