%YAML:1.0
---
CalibrationFramePatternImage: [ 1.38974380e+02, 1.96645981e+02,
    1.56864792e+02, 1.90002609e+02, 1.74680771e+02, 1.83791199e+02,
    1.91747650e+02, 1.77374313e+02, 2.08625015e+02, 1.71206909e+02,
    2.25337677e+02, 1.65068802e+02, 2.41265686e+02, 1.58799820e+02,
    1.45695297e+02, 2.11689545e+02, 1.63875565e+02, 2.05103455e+02,
    1.81548111e+02, 1.98515976e+02, 1.98894104e+02, 1.92029434e+02,
    2.15934784e+02, 1.85636871e+02, 2.32556534e+02, 1.79211899e+02,
    2.49027466e+02, 1.73045547e+02, 1.52632751e+02, 2.26955872e+02,
    1.70807343e+02, 2.20135696e+02, 1.88756149e+02, 2.13349396e+02,
    2.06164795e+02, 2.06698395e+02, 2.23187225e+02, 2.00092987e+02,
    2.40035095e+02, 1.93403305e+02, 2.56387024e+02, 1.86945236e+02,
    1.59282166e+02, 2.42456406e+02, 1.77753067e+02, 2.35562088e+02,
    1.95712585e+02, 2.28532394e+02, 2.13413681e+02, 2.21571091e+02,
    2.30603271e+02, 2.14709015e+02, 2.47452377e+02, 2.07808243e+02,
    2.64086029e+02, 2.01195496e+02, 1.66274445e+02, 2.58509430e+02,
    1.84862122e+02, 2.51273682e+02, 2.02886780e+02, 2.43898941e+02,
    2.20642303e+02, 2.36713852e+02, 2.37917831e+02, 2.29712997e+02,
    2.55046173e+02, 2.22675247e+02, 2.71557465e+02, 2.15775681e+02 ]
CalibrationFramePatternWorld: [ 0., 0., 0., 0., 2.70000007e-02, 0., 0.,
    5.40000014e-02, 0., 0., 8.10000002e-02, 0., 0., 1.08000003e-01, 0.,
    0., 1.35000005e-01, 0., 0., 1.62000000e-01, 0., 2.70000007e-02, 0.,
    0., 2.70000007e-02, 2.70000007e-02, 0., 2.70000007e-02,
    5.40000014e-02, 0., 2.70000007e-02, 8.10000002e-02, 0.,
    2.70000007e-02, 1.08000003e-01, 0., 2.70000007e-02, 1.35000005e-01,
    0., 2.70000007e-02, 1.62000000e-01, 0., 5.40000014e-02, 0., 0.,
    5.40000014e-02, 2.70000007e-02, 0., 5.40000014e-02, 5.40000014e-02,
    0., 5.40000014e-02, 8.10000002e-02, 0., 5.40000014e-02,
    1.08000003e-01, 0., 5.40000014e-02, 1.35000005e-01, 0.,
    5.40000014e-02, 1.62000000e-01, 0., 8.10000002e-02, 0., 0.,
    8.10000002e-02, 2.70000007e-02, 0., 8.10000002e-02, 5.40000014e-02,
    0., 8.10000002e-02, 8.10000002e-02, 0., 8.10000002e-02,
    1.08000003e-01, 0., 8.10000002e-02, 1.35000005e-01, 0.,
    8.10000002e-02, 1.62000000e-01, 0., 1.08000003e-01, 0., 0.,
    1.08000003e-01, 2.70000007e-02, 0., 1.08000003e-01, 5.40000014e-02,
    0., 1.08000003e-01, 8.10000002e-02, 0., 1.08000003e-01,
    1.08000003e-01, 0., 1.08000003e-01, 1.35000005e-01, 0.,
    1.08000003e-01, 1.62000000e-01, 0. ]
CalibrationFrameExtRotation: !!opencv-matrix
   rows: 3
   cols: 1
   dt: d
   data: [ 2.3015385816605107e+00, 1.4175380139815932e+00,
       -1.3082518587909012e-01 ]
CalibrationFrameExtTranslation: !!opencv-matrix
   rows: 3
   cols: 1
   dt: d
   data: [ -3.1163058120550785e-01, -6.4818207709055262e-02,
       8.3745632988468111e-01 ]
CalibrationFrameRMSerror: 2.2329640388488770e-01
