%YAML:1.0
---
CalibrationFramePatternImage: [ 5.16079529e+02, 9.91536636e+01,
    5.33147400e+02, 9.59586182e+01, 5.49762512e+02, 9.31207123e+01,
    5.66110229e+02, 9.00364990e+01, 5.81729675e+02, 8.71609650e+01,
    5.97156372e+02, 8.43888702e+01, 6.12333435e+02, 8.15530777e+01,
    5.17837463e+02, 1.20253052e+02, 5.34514709e+02, 1.16709076e+02,
    5.50782959e+02, 1.13595581e+02, 5.66670288e+02, 1.10326279e+02,
    5.82393127e+02, 1.07132889e+02, 5.97858337e+02, 1.03962555e+02,
    6.12527344e+02, 1.00893539e+02, 5.19415100e+02, 1.40475754e+02,
    5.35757324e+02, 1.36825500e+02, 5.51842957e+02, 1.33317368e+02,
    5.67612183e+02, 1.29671631e+02, 5.83118652e+02, 1.26399384e+02,
    5.98241760e+02, 1.23233948e+02, 6.13147156e+02, 1.19848747e+02,
    5.20757507e+02, 1.60105698e+02, 5.36763123e+02, 1.56501923e+02,
    5.52904724e+02, 1.52528320e+02, 5.68372437e+02, 1.48817154e+02,
    5.83629211e+02, 1.45284897e+02, 5.98791138e+02, 1.41732437e+02,
    6.13726440e+02, 1.38518463e+02, 5.21537292e+02, 1.79563492e+02,
    5.37785889e+02, 1.75455200e+02, 5.53658752e+02, 1.71351013e+02,
    5.68866760e+02, 1.67701767e+02, 5.84368286e+02, 1.63763214e+02,
    5.99237427e+02, 1.60044189e+02, 6.13885864e+02, 1.56515366e+02 ]
CalibrationFramePatternWorld: [ 0., 0., 0., 0., 2.70000007e-02, 0., 0.,
    5.40000014e-02, 0., 0., 8.10000002e-02, 0., 0., 1.08000003e-01, 0.,
    0., 1.35000005e-01, 0., 0., 1.62000000e-01, 0., 2.70000007e-02, 0.,
    0., 2.70000007e-02, 2.70000007e-02, 0., 2.70000007e-02,
    5.40000014e-02, 0., 2.70000007e-02, 8.10000002e-02, 0.,
    2.70000007e-02, 1.08000003e-01, 0., 2.70000007e-02, 1.35000005e-01,
    0., 2.70000007e-02, 1.62000000e-01, 0., 5.40000014e-02, 0., 0.,
    5.40000014e-02, 2.70000007e-02, 0., 5.40000014e-02, 5.40000014e-02,
    0., 5.40000014e-02, 8.10000002e-02, 0., 5.40000014e-02,
    1.08000003e-01, 0., 5.40000014e-02, 1.35000005e-01, 0.,
    5.40000014e-02, 1.62000000e-01, 0., 8.10000002e-02, 0., 0.,
    8.10000002e-02, 2.70000007e-02, 0., 8.10000002e-02, 5.40000014e-02,
    0., 8.10000002e-02, 8.10000002e-02, 0., 8.10000002e-02,
    1.08000003e-01, 0., 8.10000002e-02, 1.35000005e-01, 0.,
    8.10000002e-02, 1.62000000e-01, 0., 1.08000003e-01, 0., 0.,
    1.08000003e-01, 2.70000007e-02, 0., 1.08000003e-01, 5.40000014e-02,
    0., 1.08000003e-01, 8.10000002e-02, 0., 1.08000003e-01,
    1.08000003e-01, 0., 1.08000003e-01, 1.35000005e-01, 0.,
    1.08000003e-01, 1.62000000e-01, 0. ]
CalibrationFrameExtRotation: !!opencv-matrix
   rows: 3
   cols: 1
   dt: d
   data: [ 2.2955116180474726e+00, 1.8716974053155306e+00,
       6.6834976183203898e-01 ]
CalibrationFrameExtTranslation: !!opencv-matrix
   rows: 3
   cols: 1
   dt: d
   data: [ 2.1312779129031642e-01, -1.8809425376018579e-01,
       7.7544375400497201e-01 ]
CalibrationFrameRMSerror: 2.5968891382217407e-01
