%YAML:1.0
---
CalibrationFramePatternImage: [ 1.81807144e+02, 2.33033096e+02,
    2.30479370e+02, 2.30740692e+02, 2.77230469e+02, 2.28933960e+02,
    3.21960999e+02, 2.26747559e+02, 3.64669952e+02, 2.24612152e+02,
    4.05572632e+02, 2.23102890e+02, 4.45060852e+02, 2.21164581e+02,
    1.84795685e+02, 2.80024292e+02, 2.34613937e+02, 2.76860931e+02,
    2.82138306e+02, 2.73483673e+02, 3.27607697e+02, 2.70112457e+02,
    3.71255035e+02, 2.67258942e+02, 4.13216064e+02, 2.64449219e+02,
    4.53441315e+02, 2.61796082e+02, 1.88010162e+02, 3.29008698e+02,
    2.39113068e+02, 3.24245422e+02, 2.87841583e+02, 3.19619995e+02,
    3.34430878e+02, 3.15154663e+02, 3.78717712e+02, 3.10906067e+02,
    4.21578003e+02, 3.06956543e+02, 4.62648682e+02, 3.03047852e+02,
    1.92060303e+02, 3.80537048e+02, 2.44380920e+02, 3.74068207e+02,
    2.94318237e+02, 3.67929047e+02, 3.41988403e+02, 3.62029846e+02,
    3.87403748e+02, 3.56465973e+02, 4.31210785e+02, 3.51186432e+02,
    4.73157288e+02, 3.46107788e+02, 1.96849197e+02, 4.34787201e+02,
    2.50389725e+02, 4.26404236e+02, 3.01267273e+02, 4.18848724e+02,
    3.50035583e+02, 4.11466248e+02, 3.96610779e+02, 4.04560211e+02,
    4.41278595e+02, 3.98251678e+02, 4.83934601e+02, 3.92006226e+02 ]
CalibrationFramePatternWorld: [ 0., 0., 0., 0., 2.70000007e-02, 0., 0.,
    5.40000014e-02, 0., 0., 8.10000002e-02, 0., 0., 1.08000003e-01, 0.,
    0., 1.35000005e-01, 0., 0., 1.62000000e-01, 0., 2.70000007e-02, 0.,
    0., 2.70000007e-02, 2.70000007e-02, 0., 2.70000007e-02,
    5.40000014e-02, 0., 2.70000007e-02, 8.10000002e-02, 0.,
    2.70000007e-02, 1.08000003e-01, 0., 2.70000007e-02, 1.35000005e-01,
    0., 2.70000007e-02, 1.62000000e-01, 0., 5.40000014e-02, 0., 0.,
    5.40000014e-02, 2.70000007e-02, 0., 5.40000014e-02, 5.40000014e-02,
    0., 5.40000014e-02, 8.10000002e-02, 0., 5.40000014e-02,
    1.08000003e-01, 0., 5.40000014e-02, 1.35000005e-01, 0.,
    5.40000014e-02, 1.62000000e-01, 0., 8.10000002e-02, 0., 0.,
    8.10000002e-02, 2.70000007e-02, 0., 8.10000002e-02, 5.40000014e-02,
    0., 8.10000002e-02, 8.10000002e-02, 0., 8.10000002e-02,
    1.08000003e-01, 0., 8.10000002e-02, 1.35000005e-01, 0.,
    8.10000002e-02, 1.62000000e-01, 0., 1.08000003e-01, 0., 0.,
    1.08000003e-01, 2.70000007e-02, 0., 1.08000003e-01, 5.40000014e-02,
    0., 1.08000003e-01, 8.10000002e-02, 0., 1.08000003e-01,
    1.08000003e-01, 0., 1.08000003e-01, 1.35000005e-01, 0.,
    1.08000003e-01, 1.62000000e-01, 0. ]
CalibrationFrameExtRotation: !!opencv-matrix
   rows: 3
   cols: 1
   dt: d
   data: [ 2.0045643034841985e+00, 1.7942981896013290e+00,
       -1.7653800715745998e-02 ]
CalibrationFrameExtTranslation: !!opencv-matrix
   rows: 3
   cols: 1
   dt: d
   data: [ -9.5481746279228896e-02, -4.0635733130860927e-03,
       3.2073542424670204e-01 ]
CalibrationFrameRMSerror: 5.0632923841476440e-01
