%YAML:1.0
---
CalibrationFramePatternImage: [ 3.70678955e+02, 5.58964043e+01,
    3.91006683e+02, 5.66871567e+01, 4.10788788e+02, 5.73245850e+01,
    4.29766632e+02, 5.78824081e+01, 4.48109833e+02, 5.83605652e+01,
    4.65660614e+02, 5.85748520e+01, 4.82854980e+02, 5.91644745e+01,
    3.66121552e+02, 8.12317734e+01, 3.86282837e+02, 8.10048981e+01,
    4.05654022e+02, 8.09830704e+01, 4.24299011e+02, 8.08680344e+01,
    4.42014526e+02, 8.06816864e+01, 4.59554352e+02, 8.05977097e+01,
    4.76137817e+02, 8.06100769e+01, 3.61995911e+02, 1.04947113e+02,
    3.81479279e+02, 1.04180054e+02, 4.00322205e+02, 1.03469223e+02,
    4.18554138e+02, 1.02561600e+02, 4.36229034e+02, 1.01888397e+02,
    4.53303955e+02, 1.01554138e+02, 4.69963409e+02, 1.01088898e+02,
    3.57513397e+02, 1.26570251e+02, 3.76597260e+02, 1.25799126e+02,
    3.95090546e+02, 1.24615181e+02, 4.13133759e+02, 1.23564682e+02,
    4.30805969e+02, 1.22574791e+02, 4.47898285e+02, 1.21838364e+02,
    4.64366028e+02, 1.21445740e+02, 3.53155060e+02, 1.47832397e+02,
    3.72110077e+02, 1.46272934e+02, 3.90342499e+02, 1.45098511e+02,
    4.08445862e+02, 1.43545090e+02, 4.25566254e+02, 1.42627075e+02,
    4.42387085e+02, 1.41372818e+02, 4.58756287e+02, 1.40140472e+02 ]
CalibrationFramePatternWorld: [ 0., 0., 0., 0., 2.70000007e-02, 0., 0.,
    5.40000014e-02, 0., 0., 8.10000002e-02, 0., 0., 1.08000003e-01, 0.,
    0., 1.35000005e-01, 0., 0., 1.62000000e-01, 0., 2.70000007e-02, 0.,
    0., 2.70000007e-02, 2.70000007e-02, 0., 2.70000007e-02,
    5.40000014e-02, 0., 2.70000007e-02, 8.10000002e-02, 0.,
    2.70000007e-02, 1.08000003e-01, 0., 2.70000007e-02, 1.35000005e-01,
    0., 2.70000007e-02, 1.62000000e-01, 0., 5.40000014e-02, 0., 0.,
    5.40000014e-02, 2.70000007e-02, 0., 5.40000014e-02, 5.40000014e-02,
    0., 5.40000014e-02, 8.10000002e-02, 0., 5.40000014e-02,
    1.08000003e-01, 0., 5.40000014e-02, 1.35000005e-01, 0.,
    5.40000014e-02, 1.62000000e-01, 0., 8.10000002e-02, 0., 0.,
    8.10000002e-02, 2.70000007e-02, 0., 8.10000002e-02, 5.40000014e-02,
    0., 8.10000002e-02, 8.10000002e-02, 0., 8.10000002e-02,
    1.08000003e-01, 0., 8.10000002e-02, 1.35000005e-01, 0.,
    8.10000002e-02, 1.62000000e-01, 0., 1.08000003e-01, 0., 0.,
    1.08000003e-01, 2.70000007e-02, 0., 1.08000003e-01, 5.40000014e-02,
    0., 1.08000003e-01, 8.10000002e-02, 0., 1.08000003e-01,
    1.08000003e-01, 0., 1.08000003e-01, 1.35000005e-01, 0.,
    1.08000003e-01, 1.62000000e-01, 0. ]
CalibrationFrameExtRotation: !!opencv-matrix
   rows: 3
   cols: 1
   dt: d
   data: [ -2.0125231625765241e+00, -2.0529526602022714e+00,
       -1.2261385313187070e+00 ]
CalibrationFrameExtTranslation: !!opencv-matrix
   rows: 3
   cols: 1
   dt: d
   data: [ 1.8282137553724705e-02, -2.0274606844074508e-01,
       6.3646741993645339e-01 ]
CalibrationFrameRMSerror: 3.4471073746681213e-01
