%YAML:1.0
---
CalibrationFramePatternImage: [ 2.43527527e+02, 3.21180542e+02,
    2.60474884e+02, 3.15602631e+02, 2.76722473e+02, 3.10329559e+02,
    2.92341461e+02, 3.05196716e+02, 3.07258911e+02, 3.00132996e+02,
    3.21790436e+02, 2.95365112e+02, 3.35522522e+02, 2.90535675e+02,
    2.50088455e+02, 3.40353638e+02, 2.67080475e+02, 3.34371918e+02,
    2.83315216e+02, 3.28726929e+02, 2.98760437e+02, 3.23080261e+02,
    3.13646271e+02, 3.17879700e+02, 3.28301056e+02, 3.12516388e+02,
    3.42652191e+02, 3.07606628e+02, 2.56596619e+02, 3.59436035e+02,
    2.73487946e+02, 3.53177704e+02, 2.89544769e+02, 3.46995850e+02,
    3.05167053e+02, 3.41073669e+02, 3.20242584e+02, 3.35391327e+02,
    3.34769775e+02, 3.30016876e+02, 3.48367096e+02, 3.24652832e+02,
    2.63218842e+02, 3.78625702e+02, 2.80032074e+02, 3.71876984e+02,
    2.96035095e+02, 3.65491455e+02, 3.11542114e+02, 3.59247253e+02,
    3.26552673e+02, 3.53306488e+02, 3.41074982e+02, 3.47312103e+02,
    3.54826874e+02, 3.41560272e+02, 2.69570862e+02, 3.98204346e+02,
    2.86351227e+02, 3.90946075e+02, 3.02405640e+02, 3.84290802e+02,
    3.17849213e+02, 3.77558777e+02, 3.32816254e+02, 3.71215668e+02,
    3.47367950e+02, 3.64958069e+02, 3.60933228e+02, 3.59007172e+02 ]
CalibrationFramePatternWorld: [ 0., 0., 0., 0., 2.70000007e-02, 0., 0.,
    5.40000014e-02, 0., 0., 8.10000002e-02, 0., 0., 1.08000003e-01, 0.,
    0., 1.35000005e-01, 0., 0., 1.62000000e-01, 0., 2.70000007e-02, 0.,
    0., 2.70000007e-02, 2.70000007e-02, 0., 2.70000007e-02,
    5.40000014e-02, 0., 2.70000007e-02, 8.10000002e-02, 0.,
    2.70000007e-02, 1.08000003e-01, 0., 2.70000007e-02, 1.35000005e-01,
    0., 2.70000007e-02, 1.62000000e-01, 0., 5.40000014e-02, 0., 0.,
    5.40000014e-02, 2.70000007e-02, 0., 5.40000014e-02, 5.40000014e-02,
    0., 5.40000014e-02, 8.10000002e-02, 0., 5.40000014e-02,
    1.08000003e-01, 0., 5.40000014e-02, 1.35000005e-01, 0.,
    5.40000014e-02, 1.62000000e-01, 0., 8.10000002e-02, 0., 0.,
    8.10000002e-02, 2.70000007e-02, 0., 8.10000002e-02, 5.40000014e-02,
    0., 8.10000002e-02, 8.10000002e-02, 0., 8.10000002e-02,
    1.08000003e-01, 0., 8.10000002e-02, 1.35000005e-01, 0.,
    8.10000002e-02, 1.62000000e-01, 0., 1.08000003e-01, 0., 0.,
    1.08000003e-01, 2.70000007e-02, 0., 1.08000003e-01, 5.40000014e-02,
    0., 1.08000003e-01, 8.10000002e-02, 0., 1.08000003e-01,
    1.08000003e-01, 0., 1.08000003e-01, 1.35000005e-01, 0.,
    1.08000003e-01, 1.62000000e-01, 0. ]
CalibrationFrameExtRotation: !!opencv-matrix
   rows: 3
   cols: 1
   dt: d
   data: [ 2.0114265121700643e+00, 1.4681354790632994e+00,
       4.0429966972532538e-01 ]
CalibrationFrameExtTranslation: !!opencv-matrix
   rows: 3
   cols: 1
   dt: d
   data: [ -1.4682590693006176e-01, 1.0820245808180574e-01,
       7.7376035088954420e-01 ]
CalibrationFrameRMSerror: 2.4852880835533142e-01
