%YAML:1.0
---
CalibrationFramePatternImage: [ 2.47126450e+02, 9.95152283e+01,
    2.73984497e+02, 1.03160141e+02, 3.01037689e+02, 1.06698906e+02,
    3.27607239e+02, 1.10280693e+02, 3.54278137e+02, 1.13922127e+02,
    3.80511841e+02, 1.17093559e+02, 4.06463684e+02, 1.20590996e+02,
    2.45535019e+02, 1.24955597e+02, 2.72080139e+02, 1.28443451e+02,
    2.98413513e+02, 1.31684921e+02, 3.24397064e+02, 1.35208527e+02,
    3.50283356e+02, 1.38620178e+02, 3.76058807e+02, 1.42033264e+02,
    4.01521332e+02, 1.45239777e+02, 2.44516174e+02, 1.48797867e+02,
    2.70239868e+02, 1.52013412e+02, 2.95849365e+02, 1.55456177e+02,
    3.21313782e+02, 1.58621994e+02, 3.46669434e+02, 1.62108948e+02,
    3.71884033e+02, 1.65162643e+02, 3.96849854e+02, 1.68419846e+02,
    2.42827393e+02, 1.71296249e+02, 2.68501556e+02, 1.74525604e+02,
    2.93331116e+02, 1.77856232e+02, 3.18290924e+02, 1.80871399e+02,
    3.42873749e+02, 1.84461212e+02, 3.67599579e+02, 1.87519821e+02,
    3.92320618e+02, 1.90700851e+02, 2.41793182e+02, 1.92982132e+02,
    2.66498657e+02, 1.96285110e+02, 2.90982727e+02, 1.99302078e+02,
    3.15509979e+02, 2.02283218e+02, 3.39625610e+02, 2.05509109e+02,
    3.63907837e+02, 2.08724411e+02, 3.87730011e+02, 2.11795288e+02 ]
CalibrationFramePatternWorld: [ 0., 0., 0., 0., 2.70000007e-02, 0., 0.,
    5.40000014e-02, 0., 0., 8.10000002e-02, 0., 0., 1.08000003e-01, 0.,
    0., 1.35000005e-01, 0., 0., 1.62000000e-01, 0., 2.70000007e-02, 0.,
    0., 2.70000007e-02, 2.70000007e-02, 0., 2.70000007e-02,
    5.40000014e-02, 0., 2.70000007e-02, 8.10000002e-02, 0.,
    2.70000007e-02, 1.08000003e-01, 0., 2.70000007e-02, 1.35000005e-01,
    0., 2.70000007e-02, 1.62000000e-01, 0., 5.40000014e-02, 0., 0.,
    5.40000014e-02, 2.70000007e-02, 0., 5.40000014e-02, 5.40000014e-02,
    0., 5.40000014e-02, 8.10000002e-02, 0., 5.40000014e-02,
    1.08000003e-01, 0., 5.40000014e-02, 1.35000005e-01, 0.,
    5.40000014e-02, 1.62000000e-01, 0., 8.10000002e-02, 0., 0.,
    8.10000002e-02, 2.70000007e-02, 0., 8.10000002e-02, 5.40000014e-02,
    0., 8.10000002e-02, 8.10000002e-02, 0., 8.10000002e-02,
    1.08000003e-01, 0., 8.10000002e-02, 1.35000005e-01, 0.,
    8.10000002e-02, 1.62000000e-01, 0., 1.08000003e-01, 0., 0.,
    1.08000003e-01, 2.70000007e-02, 0., 1.08000003e-01, 5.40000014e-02,
    0., 1.08000003e-01, 8.10000002e-02, 0., 1.08000003e-01,
    1.08000003e-01, 0., 1.08000003e-01, 1.35000005e-01, 0.,
    1.08000003e-01, 1.62000000e-01, 0. ]
CalibrationFrameExtRotation: !!opencv-matrix
   rows: 3
   cols: 1
   dt: d
   data: [ -1.7640968165886077e+00, -2.0431598524376620e+00,
       -6.0552446590201681e-01 ]
CalibrationFrameExtTranslation: !!opencv-matrix
   rows: 3
   cols: 1
   dt: d
   data: [ -1.0614434825326928e-01, -1.4266122958621949e-01,
       5.7863289458315192e-01 ]
CalibrationFrameRMSerror: 2.8622272610664368e-01
