%YAML:1.0
---
CalibrationFramePatternImage: [ 9.40399246e+01, 3.57415039e+02,
    1.12569366e+02, 3.61994232e+02, 1.31162979e+02, 3.66397797e+02,
    1.50035522e+02, 3.71109283e+02, 1.69463165e+02, 3.75921722e+02,
    8.84767456e+01, 3.78082367e+02, 1.06890434e+02, 3.82684296e+02,
    1.25779320e+02, 3.87529999e+02, 1.45088531e+02, 3.92386627e+02,
    1.64108444e+02, 3.97284454e+02, 8.34091339e+01, 3.98563660e+02,
    1.01721420e+02, 4.03638794e+02, 1.20413887e+02, 4.08461121e+02,
    1.39712616e+02, 4.13705414e+02, 1.59158356e+02, 4.18951019e+02,
    7.86371918e+01, 4.19478668e+02, 9.69386215e+01, 4.24454193e+02,
    1.15691963e+02, 4.29697388e+02, 1.34505997e+02, 4.35350891e+02,
    1.53782578e+02, 4.40824036e+02 ]
CalibrationFramePatternWorld: [ 0., 0., 0., 0., 4.43000011e-02, 0., 0.,
    8.86000022e-02, 0., 0., 1.32900000e-01, 0., 0., 1.77200004e-01, 0.,
    4.43000011e-02, 0., 0., 4.43000011e-02, 4.43000011e-02, 0.,
    4.43000011e-02, 8.86000022e-02, 0., 4.43000011e-02, 1.32900000e-01,
    0., 4.43000011e-02, 1.77200004e-01, 0., 8.86000022e-02, 0., 0.,
    8.86000022e-02, 4.43000011e-02, 0., 8.86000022e-02, 8.86000022e-02,
    0., 8.86000022e-02, 1.32900000e-01, 0., 8.86000022e-02,
    1.77200004e-01, 0., 1.32900000e-01, 0., 0., 1.32900000e-01,
    4.43000011e-02, 0., 1.32900000e-01, 8.86000022e-02, 0.,
    1.32900000e-01, 1.32900000e-01, 0., 1.32900000e-01, 1.77200004e-01,
    0. ]
CalibrationFrameExtRotation: !!opencv-matrix
   rows: 3
   cols: 1
   dt: d
   data: [ -1.9815120185550568e+00, -2.4207205757070871e+00,
       3.1539160997962462e-01 ]
CalibrationFrameExtTranslation: !!opencv-matrix
   rows: 3
   cols: 1
   dt: d
   data: [ -5.5022997950796559e-01, 2.1044089212586492e-01,
       1.1402928955538785e+00 ]
CalibrationFrameRMSerror: 2.2789092361927032e-01
