%YAML:1.0
---
CalibrationFramePatternImage: [ 5.12900024e+02, 1.56158585e+02,
    5.32939758e+02, 1.55115646e+02, 5.53541809e+02, 1.54006577e+02,
    5.74429138e+02, 1.52719254e+02, 5.95700500e+02, 1.51560379e+02,
    5.13380798e+02, 1.75424240e+02, 5.33274048e+02, 1.74261765e+02,
    5.53935608e+02, 1.73441711e+02, 5.74766052e+02, 1.72424698e+02,
    5.95957703e+02, 1.71114319e+02, 5.13931641e+02, 1.94294434e+02,
    5.33894409e+02, 1.93462738e+02, 5.54157654e+02, 1.92634537e+02,
    5.75043823e+02, 1.91580017e+02, 5.96226318e+02, 1.90876999e+02,
    5.14325745e+02, 2.12721863e+02, 5.34240845e+02, 2.12365860e+02,
    5.54594727e+02, 2.11625122e+02, 5.75276489e+02, 2.11135834e+02,
    5.96459290e+02, 2.10323639e+02 ]
CalibrationFramePatternWorld: [ 0., 0., 0., 0., 4.43000011e-02, 0., 0.,
    8.86000022e-02, 0., 0., 1.32900000e-01, 0., 0., 1.77200004e-01, 0.,
    4.43000011e-02, 0., 0., 4.43000011e-02, 4.43000011e-02, 0.,
    4.43000011e-02, 8.86000022e-02, 0., 4.43000011e-02, 1.32900000e-01,
    0., 4.43000011e-02, 1.77200004e-01, 0., 8.86000022e-02, 0., 0.,
    8.86000022e-02, 4.43000011e-02, 0., 8.86000022e-02, 8.86000022e-02,
    0., 8.86000022e-02, 1.32900000e-01, 0., 8.86000022e-02,
    1.77200004e-01, 0., 1.32900000e-01, 0., 0., 1.32900000e-01,
    4.43000011e-02, 0., 1.32900000e-01, 8.86000022e-02, 0.,
    1.32900000e-01, 1.32900000e-01, 0., 1.32900000e-01, 1.77200004e-01,
    0. ]
CalibrationFrameExtRotation: !!opencv-matrix
   rows: 3
   cols: 1
   dt: d
   data: [ -2.1006189312320851e+00, -2.0529811564032276e+00,
       2.1189587754230749e-01 ]
CalibrationFrameExtTranslation: !!opencv-matrix
   rows: 3
   cols: 1
   dt: d
   data: [ 3.7076638730528882e-01, -2.3953099940722350e-01,
       1.2725544107665063e+00 ]
CalibrationFrameRMSerror: 1.8804490566253662e-01
