%YAML:1.0
---
CalibrationFramePatternImage: [ 4.32332245e+02, 1.27409088e+02,
    4.50272339e+02, 1.31550110e+02, 4.68573090e+02, 1.36360672e+02,
    4.87218018e+02, 1.40584900e+02, 5.06191650e+02, 1.45456680e+02,
    4.26474854e+02, 1.45115784e+02, 4.44192627e+02, 1.49412338e+02,
    4.62471710e+02, 1.54209641e+02, 4.81131439e+02, 1.58658249e+02,
    5.00101837e+02, 1.63589508e+02, 4.20699432e+02, 1.62448593e+02,
    4.38226257e+02, 1.67286972e+02, 4.56595703e+02, 1.72122574e+02,
    4.75102417e+02, 1.76704285e+02, 4.94114075e+02, 1.82146515e+02,
    4.15290131e+02, 1.80075302e+02, 4.32858826e+02, 1.85105103e+02,
    4.50889954e+02, 1.90274567e+02, 4.69181366e+02, 1.95175278e+02,
    4.87958191e+02, 2.00479095e+02 ]
CalibrationFramePatternWorld: [ 0., 0., 0., 0., 4.43000011e-02, 0., 0.,
    8.86000022e-02, 0., 0., 1.32900000e-01, 0., 0., 1.77200004e-01, 0.,
    4.43000011e-02, 0., 0., 4.43000011e-02, 4.43000011e-02, 0.,
    4.43000011e-02, 8.86000022e-02, 0., 4.43000011e-02, 1.32900000e-01,
    0., 4.43000011e-02, 1.77200004e-01, 0., 8.86000022e-02, 0., 0.,
    8.86000022e-02, 4.43000011e-02, 0., 8.86000022e-02, 8.86000022e-02,
    0., 8.86000022e-02, 1.32900000e-01, 0., 8.86000022e-02,
    1.77200004e-01, 0., 1.32900000e-01, 0., 0., 1.32900000e-01,
    4.43000011e-02, 0., 1.32900000e-01, 8.86000022e-02, 0.,
    1.32900000e-01, 1.32900000e-01, 0., 1.32900000e-01, 1.77200004e-01,
    0. ]
CalibrationFrameExtRotation: !!opencv-matrix
   rows: 3
   cols: 1
   dt: d
   data: [ -1.7181392588128424e+00, -2.3608630241765907e+00,
       2.7719430713906812e-01 ]
CalibrationFrameExtTranslation: !!opencv-matrix
   rows: 3
   cols: 1
   dt: d
   data: [ 1.8874398443474258e-01, -3.1588456658121700e-01,
       1.3047483572255170e+00 ]
CalibrationFrameRMSerror: 1.9065105915069580e-01
