%YAML:1.0
---
CalibrationFramePatternImage: [ 1.23691841e+02, 7.78892212e+01,
    1.42369568e+02, 7.37049713e+01, 1.60914429e+02, 6.90646744e+01,
    1.79520828e+02, 6.47437515e+01, 1.97868866e+02, 5.99929924e+01,
    1.28901718e+02, 9.69463043e+01, 1.47412247e+02, 9.24880600e+01,
    1.66090729e+02, 8.80998993e+01, 1.84483490e+02, 8.35165100e+01,
    2.03022705e+02, 7.91548004e+01, 1.34529037e+02, 1.15538712e+02,
    1.52834869e+02, 1.10986664e+02, 1.71013931e+02, 1.06532692e+02,
    1.89692230e+02, 1.02052147e+02, 2.08054337e+02, 9.77753372e+01,
    1.39987579e+02, 1.34375778e+02, 1.58206406e+02, 1.29784317e+02,
    1.76483490e+02, 1.25305641e+02, 1.94583069e+02, 1.20924866e+02,
    2.12685303e+02, 1.16447365e+02 ]
CalibrationFramePatternWorld: [ 0., 0., 0., 0., 4.43000011e-02, 0., 0.,
    8.86000022e-02, 0., 0., 1.32900000e-01, 0., 0., 1.77200004e-01, 0.,
    4.43000011e-02, 0., 0., 4.43000011e-02, 4.43000011e-02, 0.,
    4.43000011e-02, 8.86000022e-02, 0., 4.43000011e-02, 1.32900000e-01,
    0., 4.43000011e-02, 1.77200004e-01, 0., 8.86000022e-02, 0., 0.,
    8.86000022e-02, 4.43000011e-02, 0., 8.86000022e-02, 8.86000022e-02,
    0., 8.86000022e-02, 1.32900000e-01, 0., 8.86000022e-02,
    1.77200004e-01, 0., 1.32900000e-01, 0., 0., 1.32900000e-01,
    4.43000011e-02, 0., 1.32900000e-01, 8.86000022e-02, 0.,
    1.32900000e-01, 1.32900000e-01, 0., 1.32900000e-01, 1.77200004e-01,
    0. ]
CalibrationFrameExtRotation: !!opencv-matrix
   rows: 3
   cols: 1
   dt: d
   data: [ -2.4172573925160674e+00, -1.8906027349134182e+00,
       -2.8223769207031607e-01 ]
CalibrationFrameExtTranslation: !!opencv-matrix
   rows: 3
   cols: 1
   dt: d
   data: [ -5.3398337869532086e-01, -4.2268168307785103e-01,
       1.2464820348886332e+00 ]
CalibrationFrameRMSerror: 1.7044632136821747e-01
