%YAML:1.0
---
CalibrationFramePatternImage: [ 2.96925262e+02, 2.90995514e+02,
    3.18471832e+02, 2.83275421e+02, 3.39908386e+02, 2.75966888e+02,
    3.60985901e+02, 2.68298920e+02, 3.81992950e+02, 2.60981232e+02,
    3.04675537e+02, 3.12783447e+02, 3.26824921e+02, 3.04972473e+02,
    3.48066193e+02, 2.97116241e+02, 3.69131470e+02, 2.89411591e+02,
    3.90119171e+02, 2.82016357e+02, 3.12902679e+02, 3.34604950e+02,
    3.34746216e+02, 3.26740143e+02, 3.56202026e+02, 3.18860931e+02,
    3.77757233e+02, 3.10993744e+02, 3.98726990e+02, 3.03217316e+02,
    3.20945801e+02, 3.57053467e+02, 3.42897888e+02, 3.48732300e+02,
    3.64378082e+02, 3.40697235e+02, 3.86090088e+02, 3.32895660e+02,
    4.07368530e+02, 3.24859161e+02 ]
CalibrationFramePatternWorld: [ 0., 0., 0., 0., 4.43000011e-02, 0., 0.,
    8.86000022e-02, 0., 0., 1.32900000e-01, 0., 0., 1.77200004e-01, 0.,
    4.43000011e-02, 0., 0., 4.43000011e-02, 4.43000011e-02, 0.,
    4.43000011e-02, 8.86000022e-02, 0., 4.43000011e-02, 1.32900000e-01,
    0., 4.43000011e-02, 1.77200004e-01, 0., 8.86000022e-02, 0., 0.,
    8.86000022e-02, 4.43000011e-02, 0., 8.86000022e-02, 8.86000022e-02,
    0., 8.86000022e-02, 1.32900000e-01, 0., 8.86000022e-02,
    1.77200004e-01, 0., 1.32900000e-01, 0., 0., 1.32900000e-01,
    4.43000011e-02, 0., 1.32900000e-01, 8.86000022e-02, 0.,
    1.32900000e-01, 1.32900000e-01, 0., 1.32900000e-01, 1.77200004e-01,
    0. ]
CalibrationFrameExtRotation: !!opencv-matrix
   rows: 3
   cols: 1
   dt: d
   data: [ 2.3667076444133843e+00, 1.6570276688314716e+00,
       6.9630494723468698e-03 ]
CalibrationFrameExtTranslation: !!opencv-matrix
   rows: 3
   cols: 1
   dt: d
   data: [ -1.0628692414369610e-01, 6.2104462389580922e-02,
       1.0358154996697044e+00 ]
CalibrationFrameRMSerror: 2.1117110550403595e-01
