%YAML:1.0
---
CalibrationFramePatternImage: [ 1.19688889e+02, 2.28280762e+02,
    1.47717697e+02, 2.35833054e+02, 1.75265106e+02, 2.43561844e+02,
    2.03045792e+02, 2.50879395e+02, 2.30664978e+02, 2.58785828e+02,
    1.14770943e+02, 2.55778183e+02, 1.42092194e+02, 2.63007080e+02,
    1.69663239e+02, 2.70479126e+02, 1.97382660e+02, 2.77936493e+02,
    2.24704544e+02, 2.85756409e+02, 1.10117065e+02, 2.81861969e+02,
    1.37180527e+02, 2.89176819e+02, 1.64096985e+02, 2.96877228e+02,
    1.91546829e+02, 3.04351379e+02, 2.18850266e+02, 3.11891266e+02,
    1.06209991e+02, 3.07151184e+02, 1.32537598e+02, 3.14664001e+02,
    1.59233200e+02, 3.22248718e+02, 1.85911285e+02, 3.30133728e+02,
    2.12701401e+02, 3.37823273e+02 ]
CalibrationFramePatternWorld: [ 0., 0., 0., 0., 4.43000011e-02, 0., 0.,
    8.86000022e-02, 0., 0., 1.32900000e-01, 0., 0., 1.77200004e-01, 0.,
    4.43000011e-02, 0., 0., 4.43000011e-02, 4.43000011e-02, 0.,
    4.43000011e-02, 8.86000022e-02, 0., 4.43000011e-02, 1.32900000e-01,
    0., 4.43000011e-02, 1.77200004e-01, 0., 8.86000022e-02, 0., 0.,
    8.86000022e-02, 4.43000011e-02, 0., 8.86000022e-02, 8.86000022e-02,
    0., 8.86000022e-02, 1.32900000e-01, 0., 8.86000022e-02,
    1.77200004e-01, 0., 1.32900000e-01, 0., 0., 1.32900000e-01,
    4.43000011e-02, 0., 1.32900000e-01, 8.86000022e-02, 0.,
    1.32900000e-01, 1.32900000e-01, 0., 1.32900000e-01, 1.77200004e-01,
    0. ]
CalibrationFrameExtRotation: !!opencv-matrix
   rows: 3
   cols: 1
   dt: d
   data: [ -1.7932501687576532e+00, -2.3657353738240450e+00,
       -2.2859180266255646e-01 ]
CalibrationFrameExtTranslation: !!opencv-matrix
   rows: 3
   cols: 1
   dt: d
   data: [ -3.5596254478813766e-01, -4.6861280012114419e-02,
       8.2249416289840438e-01 ]
CalibrationFrameRMSerror: 2.8577601909637451e-01
