%YAML:1.0
---
CalibrationFramePatternImage: [ 4.43230774e+02, 6.29014826e+00,
    4.74098877e+02, 9.97830486e+00, 5.05255646e+02, 1.33334837e+01,
    5.36990051e+02, 1.66418667e+01, 5.69357605e+02, 2.00076733e+01,
    4.38286072e+02, 3.60736961e+01, 4.68901642e+02, 3.96493263e+01,
    5.00031677e+02, 4.33156128e+01, 5.31654602e+02, 4.70477905e+01,
    5.63822571e+02, 5.08568382e+01, 4.33143494e+02, 6.61617355e+01,
    4.63720490e+02, 6.96991272e+01, 4.94894958e+02, 7.35183029e+01,
    5.26376953e+02, 7.72697601e+01, 5.58351318e+02, 8.13189163e+01,
    4.28090668e+02, 9.62817078e+01, 4.58574432e+02, 1.00109184e+02,
    4.89629822e+02, 1.04019501e+02, 5.21118469e+02, 1.07983162e+02,
    5.53139282e+02, 1.12018593e+02 ]
CalibrationFramePatternWorld: [ 0., 0., 0., 0., 4.43000011e-02, 0., 0.,
    8.86000022e-02, 0., 0., 1.32900000e-01, 0., 0., 1.77200004e-01, 0.,
    4.43000011e-02, 0., 0., 4.43000011e-02, 4.43000011e-02, 0.,
    4.43000011e-02, 8.86000022e-02, 0., 4.43000011e-02, 1.32900000e-01,
    0., 4.43000011e-02, 1.77200004e-01, 0., 8.86000022e-02, 0., 0.,
    8.86000022e-02, 4.43000011e-02, 0., 8.86000022e-02, 8.86000022e-02,
    0., 8.86000022e-02, 1.32900000e-01, 0., 8.86000022e-02,
    1.77200004e-01, 0., 1.32900000e-01, 0., 0., 1.32900000e-01,
    4.43000011e-02, 0., 1.32900000e-01, 8.86000022e-02, 0.,
    1.32900000e-01, 1.32900000e-01, 0., 1.32900000e-01, 1.77200004e-01,
    0. ]
CalibrationFrameExtRotation: !!opencv-matrix
   rows: 3
   cols: 1
   dt: d
   data: [ -1.9691460964793173e+00, -2.3183203540013251e+00,
       9.4429614853387869e-02 ]
CalibrationFrameExtTranslation: !!opencv-matrix
   rows: 3
   cols: 1
   dt: d
   data: [ 1.2978798644930831e-01, -3.6949658626635840e-01,
       7.9017459335480278e-01 ]
CalibrationFrameRMSerror: 1.8299250304698944e-01
