%YAML:1.0
---
CalibrationFramePatternImage: [ 5.04505554e+02, 2.11132553e+02,
    5.34842346e+02, 2.13346161e+02, 5.65983032e+02, 2.15984467e+02,
    5.97447754e+02, 2.18513519e+02, 6.29500000e+02, 2.21126862e+02,
    5.01573669e+02, 2.40015671e+02, 5.32252441e+02, 2.42575577e+02,
    5.63052734e+02, 2.45507141e+02, 5.94369019e+02, 2.48122696e+02,
    6.26390015e+02, 2.51138962e+02, 4.98587891e+02, 2.68698486e+02,
    5.29011414e+02, 2.71804352e+02, 5.59977661e+02, 2.74804962e+02,
    5.91314270e+02, 2.77917603e+02, 6.22846191e+02, 2.80897614e+02,
    4.94996887e+02, 2.96968933e+02, 5.25523315e+02, 3.00302246e+02,
    5.56166443e+02, 3.03765106e+02, 5.87444031e+02, 3.07145294e+02,
    6.19156189e+02, 3.10826050e+02 ]
CalibrationFramePatternWorld: [ 0., 0., 0., 0., 4.43000011e-02, 0., 0.,
    8.86000022e-02, 0., 0., 1.32900000e-01, 0., 0., 1.77200004e-01, 0.,
    4.43000011e-02, 0., 0., 4.43000011e-02, 4.43000011e-02, 0.,
    4.43000011e-02, 8.86000022e-02, 0., 4.43000011e-02, 1.32900000e-01,
    0., 4.43000011e-02, 1.77200004e-01, 0., 8.86000022e-02, 0., 0.,
    8.86000022e-02, 4.43000011e-02, 0., 8.86000022e-02, 8.86000022e-02,
    0., 8.86000022e-02, 1.32900000e-01, 0., 8.86000022e-02,
    1.77200004e-01, 0., 1.32900000e-01, 0., 0., 1.32900000e-01,
    4.43000011e-02, 0., 1.32900000e-01, 8.86000022e-02, 0.,
    1.32900000e-01, 1.32900000e-01, 0., 1.32900000e-01, 1.77200004e-01,
    0. ]
CalibrationFrameExtRotation: !!opencv-matrix
   rows: 3
   cols: 1
   dt: d
   data: [ -2.0131947753385675e+00, -2.2178476445839332e+00,
       1.3535664810206527e-01 ]
CalibrationFrameExtTranslation: !!opencv-matrix
   rows: 3
   cols: 1
   dt: d
   data: [ 2.2911441171740224e-01, -7.2718111101826424e-02,
       8.3025469231615978e-01 ]
CalibrationFrameRMSerror: 2.6781785488128662e-01
