%YAML:1.0
---
CalibrationFramePatternImage: [ 3.05519989e+02, 2.14039993e+01,
    3.22192261e+02, 2.94431953e+01, 3.38205322e+02, 3.73561478e+01,
    3.54682983e+02, 4.51333351e+01, 3.70783203e+02, 5.28441734e+01,
    3.00204224e+02, 3.61567841e+01, 3.16967834e+02, 4.41647377e+01,
    3.33318787e+02, 5.24285698e+01, 3.49655029e+02, 6.00852699e+01,
    3.65963837e+02, 6.76356583e+01, 2.94714447e+02, 5.18075981e+01,
    3.11591553e+02, 5.94413147e+01, 3.28459381e+02, 6.75139389e+01,
    3.44712830e+02, 7.50846176e+01, 3.61011902e+02, 8.28888855e+01,
    2.89100677e+02, 6.76342316e+01, 3.05912537e+02, 7.54539032e+01,
    3.23195251e+02, 8.32821426e+01, 3.39828156e+02, 9.08643417e+01,
    3.56062592e+02, 9.80945053e+01 ]
CalibrationFramePatternWorld: [ 0., 0., 0., 0., 4.43000011e-02, 0., 0.,
    8.86000022e-02, 0., 0., 1.32900000e-01, 0., 0., 1.77200004e-01, 0.,
    4.43000011e-02, 0., 0., 4.43000011e-02, 4.43000011e-02, 0.,
    4.43000011e-02, 8.86000022e-02, 0., 4.43000011e-02, 1.32900000e-01,
    0., 4.43000011e-02, 1.77200004e-01, 0., 8.86000022e-02, 0., 0.,
    8.86000022e-02, 4.43000011e-02, 0., 8.86000022e-02, 8.86000022e-02,
    0., 8.86000022e-02, 1.32900000e-01, 0., 8.86000022e-02,
    1.77200004e-01, 0., 1.32900000e-01, 0., 0., 1.32900000e-01,
    4.43000011e-02, 0., 1.32900000e-01, 8.86000022e-02, 0.,
    1.32900000e-01, 1.32900000e-01, 0., 1.32900000e-01, 1.77200004e-01,
    0. ]
CalibrationFrameExtRotation: !!opencv-matrix
   rows: 3
   cols: 1
   dt: d
   data: [ 1.6222133391081701e+00, 2.2335237679677418e+00,
       1.5219940634162635e-01 ]
CalibrationFrameExtTranslation: !!opencv-matrix
   rows: 3
   cols: 1
   dt: d
   data: [ -1.1587406024919726e-01, -5.7673390056443741e-01,
       1.3063139023768595e+00 ]
CalibrationFrameRMSerror: 2.0961089432239532e-01
