%YAML:1.0
---
CalibrationFramePatternImage: [ 2.05573471e+02, 3.02523041e+02,
    2.23530640e+02, 3.06374878e+02, 2.41480774e+02, 3.10294861e+02,
    2.59590302e+02, 3.14133118e+02, 2.78074707e+02, 3.18494263e+02,
    2.01563751e+02, 3.21663300e+02, 2.19301437e+02, 3.25536865e+02,
    2.37322922e+02, 3.29730194e+02, 2.55781784e+02, 3.33932922e+02,
    2.74418976e+02, 3.38124878e+02, 1.97517059e+02, 3.40482941e+02,
    2.15350006e+02, 3.44591125e+02, 2.33304489e+02, 3.49022430e+02,
    2.51600830e+02, 3.53196442e+02, 2.70117706e+02, 3.57965393e+02,
    1.93884750e+02, 3.59451965e+02, 2.11608459e+02, 3.63832794e+02,
    2.29436386e+02, 3.68222931e+02, 2.47500000e+02, 3.73080261e+02,
    2.65953217e+02, 3.77553619e+02 ]
CalibrationFramePatternWorld: [ 0., 0., 0., 0., 4.43000011e-02, 0., 0.,
    8.86000022e-02, 0., 0., 1.32900000e-01, 0., 0., 1.77200004e-01, 0.,
    4.43000011e-02, 0., 0., 4.43000011e-02, 4.43000011e-02, 0.,
    4.43000011e-02, 8.86000022e-02, 0., 4.43000011e-02, 1.32900000e-01,
    0., 4.43000011e-02, 1.77200004e-01, 0., 8.86000022e-02, 0., 0.,
    8.86000022e-02, 4.43000011e-02, 0., 8.86000022e-02, 8.86000022e-02,
    0., 8.86000022e-02, 1.32900000e-01, 0., 8.86000022e-02,
    1.77200004e-01, 0., 1.32900000e-01, 0., 0., 1.32900000e-01,
    4.43000011e-02, 0., 1.32900000e-01, 8.86000022e-02, 0.,
    1.32900000e-01, 1.32900000e-01, 0., 1.32900000e-01, 1.77200004e-01,
    0. ]
CalibrationFrameExtRotation: !!opencv-matrix
   rows: 3
   cols: 1
   dt: d
   data: [ -1.9346800230871137e+00, -2.3516798685386817e+00,
       2.7455916897776256e-01 ]
CalibrationFrameExtTranslation: !!opencv-matrix
   rows: 3
   cols: 1
   dt: d
   data: [ -3.3536331616888543e-01, 1.0073704254895789e-01,
       1.2374613915843999e+00 ]
CalibrationFrameRMSerror: 1.8138957023620605e-01
