%YAML:1.0
---
CalibrationFramePatternImage: [ 2.52852600e+02, 2.46500000e+02,
    2.71125427e+02, 2.41737518e+02, 2.88803070e+02, 2.37045105e+02,
    3.06500000e+02, 2.32500000e+02, 3.24482483e+02, 2.27517517e+02,
    2.57061279e+02, 2.63887085e+02, 2.75119446e+02, 2.59395233e+02,
    2.93297424e+02, 2.54524124e+02, 3.11258514e+02, 2.50219955e+02,
    3.29316162e+02, 2.45292099e+02, 2.61157318e+02, 2.81691956e+02,
    2.79489990e+02, 2.77322235e+02, 2.97604248e+02, 2.72402466e+02,
    3.15812225e+02, 2.67636658e+02, 3.33873932e+02, 2.62996796e+02,
    2.65606445e+02, 2.99951599e+02, 2.83988281e+02, 2.95379120e+02,
    3.02161774e+02, 2.90507050e+02, 3.20401947e+02, 2.85921570e+02,
    3.38544495e+02, 2.80979645e+02 ]
CalibrationFramePatternWorld: [ 0., 0., 0., 0., 4.43000011e-02, 0., 0.,
    8.86000022e-02, 0., 0., 1.32900000e-01, 0., 0., 1.77200004e-01, 0.,
    4.43000011e-02, 0., 0., 4.43000011e-02, 4.43000011e-02, 0.,
    4.43000011e-02, 8.86000022e-02, 0., 4.43000011e-02, 1.32900000e-01,
    0., 4.43000011e-02, 1.77200004e-01, 0., 8.86000022e-02, 0., 0.,
    8.86000022e-02, 4.43000011e-02, 0., 8.86000022e-02, 8.86000022e-02,
    0., 8.86000022e-02, 1.32900000e-01, 0., 8.86000022e-02,
    1.77200004e-01, 0., 1.32900000e-01, 0., 0., 1.32900000e-01,
    4.43000011e-02, 0., 1.32900000e-01, 8.86000022e-02, 0.,
    1.32900000e-01, 1.32900000e-01, 0., 1.32900000e-01, 1.77200004e-01,
    0. ]
CalibrationFrameExtRotation: !!opencv-matrix
   rows: 3
   cols: 1
   dt: d
   data: [ 2.4046220962351570e+00, 1.8539674267503452e+00,
       -1.5159131907968881e-01 ]
CalibrationFrameExtTranslation: !!opencv-matrix
   rows: 3
   cols: 1
   dt: d
   data: [ -2.3806723060381435e-01, -2.9199951122255201e-02,
       1.2985394039686005e+00 ]
CalibrationFrameRMSerror: 1.7810900509357452e-01
