%YAML:1.0
---
CalibrationFramePatternImage: [ 1.83244919e+02, 1.62275986e+02,
    2.04239578e+02, 1.58598373e+02, 2.24950287e+02, 1.55049713e+02,
    2.45254700e+02, 1.51615021e+02, 2.65819397e+02, 1.47631516e+02,
    1.86337662e+02, 1.78448059e+02, 2.07642441e+02, 1.74561707e+02,
    2.28808044e+02, 1.71051727e+02, 2.49738022e+02, 1.67263092e+02,
    2.70383179e+02, 1.63658920e+02, 1.89628281e+02, 1.95557571e+02,
    2.11572006e+02, 1.91393753e+02, 2.32987091e+02, 1.87319351e+02,
    2.54123291e+02, 1.83412094e+02, 2.75027039e+02, 1.79802933e+02,
    1.93211517e+02, 2.13528793e+02, 2.15362579e+02, 2.09333328e+02,
    2.37320633e+02, 2.05193542e+02, 2.58537781e+02, 2.00651169e+02,
    2.79687744e+02, 1.96572296e+02 ]
CalibrationFramePatternWorld: [ 0., 0., 0., 0., 4.43000011e-02, 0., 0.,
    8.86000022e-02, 0., 0., 1.32900000e-01, 0., 0., 1.77200004e-01, 0.,
    4.43000011e-02, 0., 0., 4.43000011e-02, 4.43000011e-02, 0.,
    4.43000011e-02, 8.86000022e-02, 0., 4.43000011e-02, 1.32900000e-01,
    0., 4.43000011e-02, 1.77200004e-01, 0., 8.86000022e-02, 0., 0.,
    8.86000022e-02, 4.43000011e-02, 0., 8.86000022e-02, 8.86000022e-02,
    0., 8.86000022e-02, 1.32900000e-01, 0., 8.86000022e-02,
    1.77200004e-01, 0., 1.32900000e-01, 0., 0., 1.32900000e-01,
    4.43000011e-02, 0., 1.32900000e-01, 8.86000022e-02, 0.,
    1.32900000e-01, 1.32900000e-01, 0., 1.32900000e-01, 1.77200004e-01,
    0. ]
CalibrationFrameExtRotation: !!opencv-matrix
   rows: 3
   cols: 1
   dt: d
   data: [ 2.1240915121540409e+00, 1.6113609106059152e+00,
       -2.9271050811227617e-01 ]
CalibrationFrameExtTranslation: !!opencv-matrix
   rows: 3
   cols: 1
   dt: d
   data: [ -3.5742956681281063e-01, -2.0438593724347290e-01,
       1.1386667454916257e+00 ]
CalibrationFrameRMSerror: 2.1464890241622925e-01
