%YAML:1.0
---
CalibrationFramePatternImage: [ 3.07859863e+02, 3.53098083e+02,
    3.26394897e+02, 3.58245209e+02, 3.44342560e+02, 3.63362061e+02,
    3.62323761e+02, 3.68193817e+02, 3.80065765e+02, 3.73226318e+02,
    3.03371307e+02, 3.72819550e+02, 3.22188629e+02, 3.77892212e+02,
    3.40505676e+02, 3.82942200e+02, 3.58523956e+02, 3.87772675e+02,
    3.76452454e+02, 3.92481720e+02, 2.98789215e+02, 3.93374176e+02,
    3.17531311e+02, 398., 3.36288116e+02, 4.02810211e+02, 3.54765656e+02,
    4.07572723e+02, 3.72688599e+02, 4.12358398e+02, 2.93722992e+02,
    4.14415070e+02, 3.12989502e+02, 4.18964661e+02, 3.31863464e+02,
    4.23491516e+02, 3.50530579e+02, 4.28176514e+02, 3.68712891e+02,
    4.32621429e+02 ]
CalibrationFramePatternWorld: [ 0., 0., 0., 0., 4.43000011e-02, 0., 0.,
    8.86000022e-02, 0., 0., 1.32900000e-01, 0., 0., 1.77200004e-01, 0.,
    4.43000011e-02, 0., 0., 4.43000011e-02, 4.43000011e-02, 0.,
    4.43000011e-02, 8.86000022e-02, 0., 4.43000011e-02, 1.32900000e-01,
    0., 4.43000011e-02, 1.77200004e-01, 0., 8.86000022e-02, 0., 0.,
    8.86000022e-02, 4.43000011e-02, 0., 8.86000022e-02, 8.86000022e-02,
    0., 8.86000022e-02, 1.32900000e-01, 0., 8.86000022e-02,
    1.77200004e-01, 0., 1.32900000e-01, 0., 0., 1.32900000e-01,
    4.43000011e-02, 0., 1.32900000e-01, 8.86000022e-02, 0.,
    1.32900000e-01, 1.32900000e-01, 0., 1.32900000e-01, 1.77200004e-01,
    0. ]
CalibrationFrameExtRotation: !!opencv-matrix
   rows: 3
   cols: 1
   dt: d
   data: [ 1.6075011261820182e+00, 2.1273330074269738e+00,
       5.9132858622176994e-02 ]
CalibrationFrameExtTranslation: !!opencv-matrix
   rows: 3
   cols: 1
   dt: d
   data: [ -9.7891462401342735e-02, 2.0753917774362332e-01,
       1.1898625342367137e+00 ]
CalibrationFrameRMSerror: 1.7701193690299988e-01
