%YAML:1.0
---
CalibrationFramePatternImage: [ 5.59696960e+01, 1.98004211e+02,
    7.83611145e+01, 1.93506073e+02, 1.00200874e+02, 1.88973679e+02,
    1.21819946e+02, 1.84862427e+02, 1.43053375e+02, 1.80710678e+02,
    6.15181351e+01, 2.18305695e+02, 8.38126602e+01, 2.13805069e+02,
    1.05461815e+02, 2.09192276e+02, 1.26741646e+02, 2.04968384e+02,
    1.48028351e+02, 2.00457474e+02, 6.70154648e+01, 2.38715637e+02,
    8.89774170e+01, 2.33906052e+02, 1.10526505e+02, 2.29265045e+02,
    1.31860641e+02, 2.24573441e+02, 1.52756622e+02, 2.20159088e+02,
    7.25865936e+01, 2.58533508e+02, 9.42869873e+01, 2.53807480e+02,
    1.15977402e+02, 2.48963272e+02, 1.36913330e+02, 2.44166672e+02,
    1.57606323e+02, 2.39577652e+02 ]
CalibrationFramePatternWorld: [ 0., 0., 0., 0., 4.43000011e-02, 0., 0.,
    8.86000022e-02, 0., 0., 1.32900000e-01, 0., 0., 1.77200004e-01, 0.,
    4.43000011e-02, 0., 0., 4.43000011e-02, 4.43000011e-02, 0.,
    4.43000011e-02, 8.86000022e-02, 0., 4.43000011e-02, 1.32900000e-01,
    0., 4.43000011e-02, 1.77200004e-01, 0., 8.86000022e-02, 0., 0.,
    8.86000022e-02, 4.43000011e-02, 0., 8.86000022e-02, 8.86000022e-02,
    0., 8.86000022e-02, 1.32900000e-01, 0., 8.86000022e-02,
    1.77200004e-01, 0., 1.32900000e-01, 0., 0., 1.32900000e-01,
    4.43000011e-02, 0., 1.32900000e-01, 8.86000022e-02, 0.,
    1.32900000e-01, 1.32900000e-01, 0., 1.32900000e-01, 1.77200004e-01,
    0. ]
CalibrationFrameExtRotation: !!opencv-matrix
   rows: 3
   cols: 1
   dt: d
   data: [ 2.3086133757039144e+00, 1.8740948822367136e+00,
       5.5270064610587699e-01 ]
CalibrationFrameExtTranslation: !!opencv-matrix
   rows: 3
   cols: 1
   dt: d
   data: [ -6.0802263073581275e-01, -8.0813620795444643e-02,
       1.1264166662977630e+00 ]
CalibrationFrameRMSerror: 1.3857448101043701e-01
