%YAML:1.0
---
CalibrationFramePatternImage: [ 5.34246155e+02, 1.16902237e+01,
    5.50457153e+02, 1.26321430e+01, 5.66548157e+02, 1.36802473e+01,
    5.82492676e+02, 1.42622547e+01, 5.98078003e+02, 1.53081760e+01,
    5.32930542e+02, 3.18541660e+01, 5.49435120e+02, 3.24885483e+01,
    5.65200989e+02, 3.30763359e+01, 5.80534302e+02, 3.40274658e+01,
    5.96452271e+02, 3.45856209e+01, 5.31463745e+02, 5.16690826e+01,
    5.47810852e+02, 5.20567360e+01, 5.63670593e+02, 5.25085640e+01,
    5.79452637e+02, 5.30064850e+01, 5.94528015e+02, 5.34519997e+01,
    5.29719360e+02, 7.11397095e+01, 5.45818176e+02, 7.14621201e+01,
    5.61718079e+02, 7.16587601e+01, 5.77383911e+02, 7.20181580e+01,
    5.92878784e+02, 7.24888000e+01 ]
CalibrationFramePatternWorld: [ 0., 0., 0., 0., 4.43000011e-02, 0., 0.,
    8.86000022e-02, 0., 0., 1.32900000e-01, 0., 0., 1.77200004e-01, 0.,
    4.43000011e-02, 0., 0., 4.43000011e-02, 4.43000011e-02, 0.,
    4.43000011e-02, 8.86000022e-02, 0., 4.43000011e-02, 1.32900000e-01,
    0., 4.43000011e-02, 1.77200004e-01, 0., 8.86000022e-02, 0., 0.,
    8.86000022e-02, 4.43000011e-02, 0., 8.86000022e-02, 8.86000022e-02,
    0., 8.86000022e-02, 1.32900000e-01, 0., 8.86000022e-02,
    1.77200004e-01, 0., 1.32900000e-01, 0., 0., 1.32900000e-01,
    4.43000011e-02, 0., 1.32900000e-01, 8.86000022e-02, 0.,
    1.32900000e-01, 1.32900000e-01, 0., 1.32900000e-01, 1.77200004e-01,
    0. ]
CalibrationFrameExtRotation: !!opencv-matrix
   rows: 3
   cols: 1
   dt: d
   data: [ 2.1964986610045858e+00, 2.1127031938375822e+00,
       5.8584818326393495e-01 ]
CalibrationFrameExtTranslation: !!opencv-matrix
   rows: 3
   cols: 1
   dt: d
   data: [ 4.2384040562853570e-01, -5.1987045699183154e-01,
       1.2656991725686562e+00 ]
CalibrationFrameRMSerror: 2.0980696380138397e-01
