%YAML:1.0
---
CalibrationFramePatternImage: [ 5.25521790e+02, 2.65368805e+02,
    5.45722717e+02, 2.66139648e+02, 5.66310425e+02, 2.67019104e+02,
    5.87477417e+02, 2.68158203e+02, 6.09320679e+02, 2.69050598e+02,
    5.24793457e+02, 2.84131897e+02, 5.44978394e+02, 2.85105225e+02,
    5.65943970e+02, 2.86542542e+02, 5.87063171e+02, 2.87757050e+02,
    6.08908020e+02, 2.89093719e+02, 5.24109070e+02, 3.02960602e+02,
    5.44500000e+02, 3.04500000e+02, 5.65386230e+02, 3.05882904e+02,
    5.86626526e+02, 3.07709625e+02, 6.08423096e+02, 3.08994507e+02,
    5.23531311e+02, 3.22348480e+02, 5.43668579e+02, 3.23858490e+02,
    5.64503296e+02, 3.25747406e+02, 5.85659607e+02, 3.27426178e+02,
    6.07672058e+02, 3.29365601e+02 ]
CalibrationFramePatternWorld: [ 0., 0., 0., 0., 4.43000011e-02, 0., 0.,
    8.86000022e-02, 0., 0., 1.32900000e-01, 0., 0., 1.77200004e-01, 0.,
    4.43000011e-02, 0., 0., 4.43000011e-02, 4.43000011e-02, 0.,
    4.43000011e-02, 8.86000022e-02, 0., 4.43000011e-02, 1.32900000e-01,
    0., 4.43000011e-02, 1.77200004e-01, 0., 8.86000022e-02, 0., 0.,
    8.86000022e-02, 4.43000011e-02, 0., 8.86000022e-02, 8.86000022e-02,
    0., 8.86000022e-02, 1.32900000e-01, 0., 8.86000022e-02,
    1.77200004e-01, 0., 1.32900000e-01, 0., 0., 1.32900000e-01,
    4.43000011e-02, 0., 1.32900000e-01, 8.86000022e-02, 0.,
    1.32900000e-01, 1.32900000e-01, 0., 1.32900000e-01, 1.77200004e-01,
    0. ]
CalibrationFrameExtRotation: !!opencv-matrix
   rows: 3
   cols: 1
   dt: d
   data: [ -1.9776722212321873e+00, -2.0720498508517631e+00,
       5.2696878357195953e-01 ]
CalibrationFrameExtTranslation: !!opencv-matrix
   rows: 3
   cols: 1
   dt: d
   data: [ 4.1393489299362868e-01, 6.8262942499653451e-02,
       1.2983001309009068e+00 ]
CalibrationFrameRMSerror: 1.7592674493789673e-01
