%YAML:1.0
---
CalibrationFramePatternImage: [ 3.23959473e+02, 2.12656525e+02,
    3.42500000e+02, 2.13500000e+02, 3.61024353e+02, 2.14416397e+02,
    3.79407898e+02, 2.15346893e+02, 3.97643921e+02, 2.15845276e+02,
    3.23325378e+02, 2.30712173e+02, 3.41528259e+02, 2.32041519e+02,
    3.59737457e+02, 2.32503418e+02, 3.78458893e+02, 2.33393829e+02,
    3.97265991e+02, 2.34356171e+02, 3.22414703e+02, 2.49272324e+02,
    3.40664398e+02, 2.50265976e+02, 3.59332184e+02, 2.50792389e+02,
    3.77608307e+02, 2.51618408e+02, 3.96171204e+02, 2.52523804e+02,
    3.21500000e+02, 2.67500000e+02, 3.40055542e+02, 2.68568634e+02,
    3.58414978e+02, 2.69406036e+02, 3.76874176e+02, 2.70110382e+02,
    3.95459198e+02, 2.71291382e+02 ]
CalibrationFramePatternWorld: [ 0., 0., 0., 0., 4.43000011e-02, 0., 0.,
    8.86000022e-02, 0., 0., 1.32900000e-01, 0., 0., 1.77200004e-01, 0.,
    4.43000011e-02, 0., 0., 4.43000011e-02, 4.43000011e-02, 0.,
    4.43000011e-02, 8.86000022e-02, 0., 4.43000011e-02, 1.32900000e-01,
    0., 4.43000011e-02, 1.77200004e-01, 0., 8.86000022e-02, 0., 0.,
    8.86000022e-02, 4.43000011e-02, 0., 8.86000022e-02, 8.86000022e-02,
    0., 8.86000022e-02, 1.32900000e-01, 0., 8.86000022e-02,
    1.77200004e-01, 0., 1.32900000e-01, 0., 0., 1.32900000e-01,
    4.43000011e-02, 0., 1.32900000e-01, 8.86000022e-02, 0.,
    1.32900000e-01, 1.32900000e-01, 0., 1.32900000e-01, 1.77200004e-01,
    0. ]
CalibrationFrameExtRotation: !!opencv-matrix
   rows: 3
   cols: 1
   dt: d
   data: [ 2.1585032380941773e+00, 2.2592120881260751e+00,
       -4.8268594513454437e-02 ]
CalibrationFrameExtTranslation: !!opencv-matrix
   rows: 3
   cols: 1
   dt: d
   data: [ -5.8736417251700153e-02, -5.7219575006495070e-02,
       1.3269614008123987e+00 ]
CalibrationFrameRMSerror: 1.8987269699573517e-01
