%YAML:1.0
---
CalibrationFramePatternImage: [ 4.76925201e+02, 3.43174927e+02,
    4.96415039e+02, 3.42297852e+02, 5.15573303e+02, 3.41754456e+02,
    5.35480286e+02, 3.41463806e+02, 5.55181458e+02, 3.41198303e+02,
    4.77954590e+02, 3.61235870e+02, 497., 3.60891968e+02, 5.16278320e+02,
    3.60408539e+02, 5.35921204e+02, 3.59747589e+02, 5.55812073e+02,
    3.59618896e+02, 4.78509735e+02, 3.79193573e+02, 4.97584198e+02,
    3.78840881e+02, 5.17130859e+02, 3.78751678e+02, 5.36539307e+02,
    3.78413055e+02, 5.56184937e+02, 3.77870422e+02, 4.78990570e+02,
    3.96785645e+02, 4.98113831e+02, 3.96766541e+02, 5.17500000e+02,
    3.96752350e+02, 5.36906677e+02, 3.96519989e+02, 5.56618591e+02,
    3.96385895e+02 ]
CalibrationFramePatternWorld: [ 0., 0., 0., 0., 4.43000011e-02, 0., 0.,
    8.86000022e-02, 0., 0., 1.32900000e-01, 0., 0., 1.77200004e-01, 0.,
    4.43000011e-02, 0., 0., 4.43000011e-02, 4.43000011e-02, 0.,
    4.43000011e-02, 8.86000022e-02, 0., 4.43000011e-02, 1.32900000e-01,
    0., 4.43000011e-02, 1.77200004e-01, 0., 8.86000022e-02, 0., 0.,
    8.86000022e-02, 4.43000011e-02, 0., 8.86000022e-02, 8.86000022e-02,
    0., 8.86000022e-02, 1.32900000e-01, 0., 8.86000022e-02,
    1.77200004e-01, 0., 1.32900000e-01, 0., 0., 1.32900000e-01,
    4.43000011e-02, 0., 1.32900000e-01, 8.86000022e-02, 0.,
    1.32900000e-01, 1.32900000e-01, 0., 1.32900000e-01, 1.77200004e-01,
    0. ]
CalibrationFrameExtRotation: !!opencv-matrix
   rows: 3
   cols: 1
   dt: d
   data: [ -2.1743707993018244e+00, -2.0654925162755950e+00,
       2.0996287356419285e-02 ]
CalibrationFrameExtTranslation: !!opencv-matrix
   rows: 3
   cols: 1
   dt: d
   data: [ 3.0189841507250609e-01, 2.5260908522568798e-01,
       1.3044555037162737e+00 ]
CalibrationFrameRMSerror: 2.0317618548870087e-01
