%YAML:1.0
---
CalibrationFramePatternImage: [ 1.36002213e+02, 2.19062912e+02,
    1.63139389e+02, 2.15098618e+02, 1.90478729e+02, 2.11246628e+02,
    2.17842560e+02, 2.07192719e+02, 2.45517181e+02, 2.03017181e+02,
    1.40460663e+02, 2.46788910e+02, 1.67500000e+02, 2.43151810e+02,
    1.94642426e+02, 2.39362534e+02, 2.22418030e+02, 2.35597275e+02,
    2.50185989e+02, 2.31767105e+02, 1.45187241e+02, 2.74082306e+02,
    1.72079865e+02, 2.70597229e+02, 1.99073624e+02, 2.67234589e+02,
    2.26613052e+02, 2.63556671e+02, 2.54416397e+02, 2.60186493e+02,
    1.50184921e+02, 3.00873138e+02, 1.76785583e+02, 2.97844177e+02,
    2.03631546e+02, 2.94603912e+02, 2.31003464e+02, 2.91437714e+02,
    2.58465973e+02, 2.88123505e+02 ]
CalibrationFramePatternWorld: [ 0., 0., 0., 0., 4.43000011e-02, 0., 0.,
    8.86000022e-02, 0., 0., 1.32900000e-01, 0., 0., 1.77200004e-01, 0.,
    4.43000011e-02, 0., 0., 4.43000011e-02, 4.43000011e-02, 0.,
    4.43000011e-02, 8.86000022e-02, 0., 4.43000011e-02, 1.32900000e-01,
    0., 4.43000011e-02, 1.77200004e-01, 0., 8.86000022e-02, 0., 0.,
    8.86000022e-02, 4.43000011e-02, 0., 8.86000022e-02, 8.86000022e-02,
    0., 8.86000022e-02, 1.32900000e-01, 0., 8.86000022e-02,
    1.77200004e-01, 0., 1.32900000e-01, 0., 0., 1.32900000e-01,
    4.43000011e-02, 0., 1.32900000e-01, 8.86000022e-02, 0.,
    1.32900000e-01, 1.32900000e-01, 0., 1.32900000e-01, 1.77200004e-01,
    0. ]
CalibrationFrameExtRotation: !!opencv-matrix
   rows: 3
   cols: 1
   dt: d
   data: [ -2.2786615348533985e+00, -1.9934993335390720e+00,
       -2.3599477482531363e-02 ]
CalibrationFrameExtTranslation: !!opencv-matrix
   rows: 3
   cols: 1
   dt: d
   data: [ -3.3278284294459304e-01, -2.7762309279855742e-02,
       8.5543643290791982e-01 ]
CalibrationFrameRMSerror: 2.5165715813636780e-01
