%YAML:1.0
---
CalibrationFramePatternImage: [ 2.08769409e+02, 1.41470993e+02,
    2.75983673e+02, 1.58967667e+02, 3.44650970e+02, 1.76166946e+02,
    4.15405060e+02, 1.93784012e+02, 4.88534454e+02, 2.11611343e+02,
    1.82031189e+02, 2.02331177e+02, 2.52197266e+02, 2.20907303e+02,
    3.24388428e+02, 2.40596420e+02, 3.98313812e+02, 2.60592194e+02,
    4.74508636e+02, 2.80225830e+02, 1.53587234e+02, 2.71006287e+02,
    2.27066559e+02, 2.91086060e+02, 3.02447510e+02, 3.11772186e+02,
    3.79932556e+02, 3.33298401e+02, 4.59435913e+02, 3.55749329e+02,
    1.23355736e+02, 3.46996307e+02, 1.99799957e+02, 3.69329895e+02,
    2.78583466e+02, 3.92139313e+02, 3.59669434e+02, 4.15545319e+02,
    4.43222992e+02, 4.39802155e+02 ]
CalibrationFramePatternWorld: [ 0., 0., 0., 0., 4.43000011e-02, 0., 0.,
    8.86000022e-02, 0., 0., 1.32900000e-01, 0., 0., 1.77200004e-01, 0.,
    4.43000011e-02, 0., 0., 4.43000011e-02, 4.43000011e-02, 0.,
    4.43000011e-02, 8.86000022e-02, 0., 4.43000011e-02, 1.32900000e-01,
    0., 4.43000011e-02, 1.77200004e-01, 0., 8.86000022e-02, 0., 0.,
    8.86000022e-02, 4.43000011e-02, 0., 8.86000022e-02, 8.86000022e-02,
    0., 8.86000022e-02, 1.32900000e-01, 0., 8.86000022e-02,
    1.77200004e-01, 0., 1.32900000e-01, 0., 0., 1.32900000e-01,
    4.43000011e-02, 0., 1.32900000e-01, 8.86000022e-02, 0.,
    1.32900000e-01, 1.32900000e-01, 0., 1.32900000e-01, 1.77200004e-01,
    0. ]
CalibrationFrameExtRotation: !!opencv-matrix
   rows: 3
   cols: 1
   dt: d
   data: [ 1.7403466925105162e+00, 2.2883254716886237e+00,
       -3.9643133004871167e-01 ]
CalibrationFrameExtTranslation: !!opencv-matrix
   rows: 3
   cols: 1
   dt: d
   data: [ -8.7721448720771589e-02, -5.9756643486873727e-02,
       3.4257545152519164e-01 ]
CalibrationFrameRMSerror: 5.8582377433776855e-01
