%YAML:1.0
---
CalibrationFramePatternImage: [ 3.66571564e+02, 1.05363480e+02,
    3.97107147e+02, 9.72310410e+01, 4.27035492e+02, 8.91254044e+01,
    4.55899078e+02, 8.16006699e+01, 4.84280396e+02, 7.40721130e+01,
    3.70217438e+02, 1.37908676e+02, 4.00102539e+02, 1.29563187e+02,
    4.28834595e+02, 1.21457390e+02, 4.56913086e+02, 1.13359833e+02,
    4.84587372e+02, 1.05870010e+02, 3.73227264e+02, 1.68383606e+02,
    4.02266785e+02, 1.59938644e+02, 4.30841888e+02, 1.51780716e+02,
    4.58168365e+02, 1.43276260e+02, 4.84838043e+02, 1.35503525e+02,
    3.75643646e+02, 1.97052628e+02, 4.04186340e+02, 1.88498260e+02,
    4.31673004e+02, 1.80176468e+02, 4.58864441e+02, 1.71827484e+02,
    4.85026337e+02, 1.63828720e+02 ]
CalibrationFramePatternWorld: [ 0., 0., 0., 0., 4.43000011e-02, 0., 0.,
    8.86000022e-02, 0., 0., 1.32900000e-01, 0., 0., 1.77200004e-01, 0.,
    4.43000011e-02, 0., 0., 4.43000011e-02, 4.43000011e-02, 0.,
    4.43000011e-02, 8.86000022e-02, 0., 4.43000011e-02, 1.32900000e-01,
    0., 4.43000011e-02, 1.77200004e-01, 0., 8.86000022e-02, 0., 0.,
    8.86000022e-02, 4.43000011e-02, 0., 8.86000022e-02, 8.86000022e-02,
    0., 8.86000022e-02, 1.32900000e-01, 0., 8.86000022e-02,
    1.77200004e-01, 0., 1.32900000e-01, 0., 0., 1.32900000e-01,
    4.43000011e-02, 0., 1.32900000e-01, 8.86000022e-02, 0.,
    1.32900000e-01, 1.32900000e-01, 0., 1.32900000e-01, 1.77200004e-01,
    0. ]
CalibrationFrameExtRotation: !!opencv-matrix
   rows: 3
   cols: 1
   dt: d
   data: [ -2.2783249026195858e+00, -1.7907016480645430e+00,
       -9.1521711530005334e-01 ]
CalibrationFrameExtTranslation: !!opencv-matrix
   rows: 3
   cols: 1
   dt: d
   data: [ 2.1987040093869783e-02, -1.6755421029774031e-01,
       6.9970012487996291e-01 ]
CalibrationFrameRMSerror: 3.8964366912841797e-01
