%YAML:1.0
---
CalibrationFramePatternImage: [ 1.58860855e+02, 3.65169250e+02,
    1.78116608e+02, 3.62286896e+02, 1.97216934e+02, 3.59461365e+02,
    2.16104828e+02, 3.56409851e+02, 2.35412079e+02, 3.53548004e+02,
    1.59459061e+02, 3.84491241e+02, 1.78920593e+02, 3.81414703e+02,
    1.98180634e+02, 3.78619751e+02, 2.17723389e+02, 3.75643768e+02,
    2.36600830e+02, 3.72941498e+02, 1.60273178e+02, 4.04103546e+02,
    1.79899414e+02, 4.01044373e+02, 1.99442093e+02, 3.98125885e+02,
    2.18902374e+02, 3.95125244e+02, 2.38478210e+02, 3.92150970e+02,
    1.61099899e+02, 4.24516327e+02, 1.81115814e+02, 4.21502838e+02,
    2.00813980e+02, 4.18462708e+02, 2.20583801e+02, 4.15410553e+02,
    2.39963074e+02, 4.12480103e+02 ]
CalibrationFramePatternWorld: [ 0., 0., 0., 0., 4.43000011e-02, 0., 0.,
    8.86000022e-02, 0., 0., 1.32900000e-01, 0., 0., 1.77200004e-01, 0.,
    4.43000011e-02, 0., 0., 4.43000011e-02, 4.43000011e-02, 0.,
    4.43000011e-02, 8.86000022e-02, 0., 4.43000011e-02, 1.32900000e-01,
    0., 4.43000011e-02, 1.77200004e-01, 0., 8.86000022e-02, 0., 0.,
    8.86000022e-02, 4.43000011e-02, 0., 8.86000022e-02, 8.86000022e-02,
    0., 8.86000022e-02, 1.32900000e-01, 0., 8.86000022e-02,
    1.77200004e-01, 0., 1.32900000e-01, 0., 0., 1.32900000e-01,
    4.43000011e-02, 0., 1.32900000e-01, 8.86000022e-02, 0.,
    1.32900000e-01, 1.32900000e-01, 0., 1.32900000e-01, 1.77200004e-01,
    0. ]
CalibrationFrameExtRotation: !!opencv-matrix
   rows: 3
   cols: 1
   dt: d
   data: [ 2.1353284881357917e+00, 1.8310987807982035e+00,
       -3.3437408801190904e-01 ]
CalibrationFrameExtTranslation: !!opencv-matrix
   rows: 3
   cols: 1
   dt: d
   data: [ -4.3961346082306818e-01, 2.9919680078829403e-01,
       1.2664815838263155e+00 ]
CalibrationFrameRMSerror: 1.6188541054725647e-01
