%YAML:1.0
---
CalibrationFramePatternImage: [ 1.11605362e+02, 1.31734543e+02,
    1.41788635e+02, 1.41371964e+02, 1.71194626e+02, 1.50530197e+02,
    1.99930008e+02, 1.59358582e+02, 2.27984039e+02, 1.67661346e+02,
    1.02327827e+02, 1.55846848e+02, 1.33321625e+02, 1.64970490e+02,
    1.63690933e+02, 1.74252426e+02, 1.93198776e+02, 1.83137909e+02,
    2.22030502e+02, 1.91351410e+02, 9.27973251e+01, 1.81584488e+02,
    1.24767029e+02, 1.90449081e+02, 1.56036224e+02, 1.99337204e+02,
    1.86505890e+02, 2.07853043e+02, 2.16136078e+02, 2.16247345e+02,
    8.27541656e+01, 2.09307755e+02, 1.15814369e+02, 2.18032089e+02,
    1.48057755e+02, 2.26483582e+02, 1.79497116e+02, 2.34566498e+02,
    2.10090683e+02, 2.42489319e+02 ]
CalibrationFramePatternWorld: [ 0., 0., 0., 0., 4.43000011e-02, 0., 0.,
    8.86000022e-02, 0., 0., 1.32900000e-01, 0., 0., 1.77200004e-01, 0.,
    4.43000011e-02, 0., 0., 4.43000011e-02, 4.43000011e-02, 0.,
    4.43000011e-02, 8.86000022e-02, 0., 4.43000011e-02, 1.32900000e-01,
    0., 4.43000011e-02, 1.77200004e-01, 0., 8.86000022e-02, 0., 0.,
    8.86000022e-02, 4.43000011e-02, 0., 8.86000022e-02, 8.86000022e-02,
    0., 8.86000022e-02, 1.32900000e-01, 0., 8.86000022e-02,
    1.77200004e-01, 0., 1.32900000e-01, 0., 0., 1.32900000e-01,
    4.43000011e-02, 0., 1.32900000e-01, 8.86000022e-02, 0.,
    1.32900000e-01, 1.32900000e-01, 0., 1.32900000e-01, 1.77200004e-01,
    0. ]
CalibrationFrameExtRotation: !!opencv-matrix
   rows: 3
   cols: 1
   dt: d
   data: [ 1.6149974218769807e+00, 1.9734264393871357e+00,
       -6.1805506145846893e-02 ]
CalibrationFrameExtTranslation: !!opencv-matrix
   rows: 3
   cols: 1
   dt: d
   data: [ -3.5063374193026137e-01, -1.5531940937907143e-01,
       8.0446526441738908e-01 ]
CalibrationFrameRMSerror: 2.8151845932006836e-01
