%YAML:1.0
---
CalibrationFramePatternImage: [ 6.14659996e+01, 5.36610909e+01,
    7.96595078e+01, 5.44294472e+01, 9.84038849e+01, 5.52760735e+01,
    1.16657463e+02, 5.60644188e+01, 1.35892471e+02, 5.65591393e+01,
    5.89342270e+01, 7.32263107e+01, 7.73040771e+01, 7.40856857e+01,
    9.56345749e+01, 7.50248413e+01, 1.14833336e+02, 7.61174698e+01,
    1.33429443e+02, 7.71083832e+01, 5.66497879e+01, 9.29240494e+01,
    7.47462845e+01, 9.41019135e+01, 9.32697449e+01, 9.51405106e+01,
    1.12409134e+02, 9.63012619e+01, 1.31243515e+02, 9.78433151e+01,
    5.52523956e+01, 1.13004257e+02, 7.33601227e+01, 1.14296623e+02,
    9.14525223e+01, 1.15736366e+02, 1.10040939e+02, 1.16717346e+02,
    1.28994293e+02, 1.18299049e+02 ]
CalibrationFramePatternWorld: [ 0., 0., 0., 0., 4.43000011e-02, 0., 0.,
    8.86000022e-02, 0., 0., 1.32900000e-01, 0., 0., 1.77200004e-01, 0.,
    4.43000011e-02, 0., 0., 4.43000011e-02, 4.43000011e-02, 0.,
    4.43000011e-02, 8.86000022e-02, 0., 4.43000011e-02, 1.32900000e-01,
    0., 4.43000011e-02, 1.77200004e-01, 0., 8.86000022e-02, 0., 0.,
    8.86000022e-02, 4.43000011e-02, 0., 8.86000022e-02, 8.86000022e-02,
    0., 8.86000022e-02, 1.32900000e-01, 0., 8.86000022e-02,
    1.77200004e-01, 0., 1.32900000e-01, 0., 0., 1.32900000e-01,
    4.43000011e-02, 0., 1.32900000e-01, 8.86000022e-02, 0.,
    1.32900000e-01, 1.32900000e-01, 0., 1.32900000e-01, 1.77200004e-01,
    0. ]
CalibrationFrameExtRotation: !!opencv-matrix
   rows: 3
   cols: 1
   dt: d
   data: [ -2.0551312243952520e+00, -2.2680856528384608e+00,
       1.2262164218921463e-01 ]
CalibrationFrameExtTranslation: !!opencv-matrix
   rows: 3
   cols: 1
   dt: d
   data: [ -6.3262596548857375e-01, -4.0435453756523837e-01,
       1.1871845608321330e+00 ]
CalibrationFrameRMSerror: 2.9563826322555542e-01
