%YAML:1.0
---
CalibrationFramePatternImage: [ 1.48029709e+02, 1.47722458e+02,
    1.71109863e+02, 1.43010529e+02, 1.93533020e+02, 1.38981125e+02,
    2.15034149e+02, 1.34582108e+02, 2.36013992e+02, 1.30329834e+02,
    1.54447845e+02, 1.70799423e+02, 1.77423279e+02, 1.65946335e+02,
    1.99361786e+02, 1.61017075e+02, 2.20766251e+02, 1.56351059e+02,
    2.41569412e+02, 1.51888596e+02, 1.60909088e+02, 1.93859085e+02,
    1.83388229e+02, 1.88263535e+02, 2.05401733e+02, 1.82976410e+02,
    2.26507034e+02, 1.78040527e+02, 2.46907364e+02, 1.73220703e+02,
    1.67022324e+02, 2.16562500e+02, 1.89446014e+02, 2.10699524e+02,
    2.11122681e+02, 2.05260696e+02, 2.32425018e+02, 1.99634109e+02,
    2.52546326e+02, 1.94404327e+02 ]
CalibrationFramePatternWorld: [ 0., 0., 0., 0., 4.43000011e-02, 0., 0.,
    8.86000022e-02, 0., 0., 1.32900000e-01, 0., 0., 1.77200004e-01, 0.,
    4.43000011e-02, 0., 0., 4.43000011e-02, 4.43000011e-02, 0.,
    4.43000011e-02, 8.86000022e-02, 0., 4.43000011e-02, 1.32900000e-01,
    0., 4.43000011e-02, 1.77200004e-01, 0., 8.86000022e-02, 0., 0.,
    8.86000022e-02, 4.43000011e-02, 0., 8.86000022e-02, 8.86000022e-02,
    0., 8.86000022e-02, 1.32900000e-01, 0., 8.86000022e-02,
    1.77200004e-01, 0., 1.32900000e-01, 0., 0., 1.32900000e-01,
    4.43000011e-02, 0., 1.32900000e-01, 8.86000022e-02, 0.,
    1.32900000e-01, 1.32900000e-01, 0., 1.32900000e-01, 1.77200004e-01,
    0. ]
CalibrationFrameExtRotation: !!opencv-matrix
   rows: 3
   cols: 1
   dt: d
   data: [ 2.2053747320831731e+00, 1.6773862993333293e+00,
       6.1888498183479679e-01 ]
CalibrationFrameExtTranslation: !!opencv-matrix
   rows: 3
   cols: 1
   dt: d
   data: [ -3.7379121524585968e-01, -1.6586321938930981e-01,
       1.0168457661470998e+00 ]
CalibrationFrameRMSerror: 1.7560121417045593e-01
