%YAML:1.0
---
CalibrationFramePatternImage: [ 5.28443420e+02, 3.52461456e+02,
    5.48437866e+02, 3.55689362e+02, 5.69099915e+02, 3.58894318e+02,
    5.90453796e+02, 3.62215576e+02, 6.12410583e+02, 3.65852661e+02,
    5.27058044e+02, 3.71375519e+02, 5.47066895e+02, 3.74829346e+02,
    5.67693909e+02, 3.78339691e+02, 5.89031921e+02, 3.82002655e+02,
    6.10884399e+02, 3.86010742e+02, 5.25987732e+02, 3.89993866e+02,
    5.45789551e+02, 3.94031219e+02, 5.66357910e+02, 3.97870636e+02,
    5.87491211e+02, 4.01876282e+02, 6.09425293e+02, 4.05800171e+02,
    5.24732666e+02, 4.08991486e+02, 5.44798218e+02, 4.12950806e+02,
    5.65110474e+02, 4.16990234e+02, 5.86411194e+02, 4.21514709e+02,
    6.08118896e+02, 4.25836945e+02 ]
CalibrationFramePatternWorld: [ 0., 0., 0., 0., 4.43000011e-02, 0., 0.,
    8.86000022e-02, 0., 0., 1.32900000e-01, 0., 0., 1.77200004e-01, 0.,
    4.43000011e-02, 0., 0., 4.43000011e-02, 4.43000011e-02, 0.,
    4.43000011e-02, 8.86000022e-02, 0., 4.43000011e-02, 1.32900000e-01,
    0., 4.43000011e-02, 1.77200004e-01, 0., 8.86000022e-02, 0., 0.,
    8.86000022e-02, 4.43000011e-02, 0., 8.86000022e-02, 8.86000022e-02,
    0., 8.86000022e-02, 1.32900000e-01, 0., 8.86000022e-02,
    1.77200004e-01, 0., 1.32900000e-01, 0., 0., 1.32900000e-01,
    4.43000011e-02, 0., 1.32900000e-01, 8.86000022e-02, 0.,
    1.32900000e-01, 1.32900000e-01, 0., 1.32900000e-01, 1.77200004e-01,
    0. ]
CalibrationFrameExtRotation: !!opencv-matrix
   rows: 3
   cols: 1
   dt: d
   data: [ -1.8674515227827950e+00, -1.9926710081536203e+00,
       5.2702075427744610e-01 ]
CalibrationFrameExtTranslation: !!opencv-matrix
   rows: 3
   cols: 1
   dt: d
   data: [ 4.1802581352123575e-01, 2.7254642997746953e-01,
       1.2910305130325419e+00 ]
CalibrationFrameRMSerror: 1.3407647609710693e-01
