%YAML:1.0
---
CalibrationFramePatternImage: [ 2.21390152e+02, 2.13849976e+02,
    2.82062592e+02, 2.05167191e+02, 3.39270996e+02, 1.97099152e+02,
    3.92995148e+02, 1.89560211e+02, 4.44072266e+02, 1.82379181e+02,
    2.31839859e+02, 2.75811249e+02, 2.91671539e+02, 2.64889740e+02,
    3.47687012e+02, 2.54819153e+02, 4.00254059e+02, 2.45244354e+02,
    4.50745453e+02, 2.36634552e+02, 2.42926941e+02, 3.35465759e+02,
    3.01611938e+02, 3.22960358e+02, 3.56794464e+02, 3.10997437e+02,
    4.08517059e+02, 2.99757507e+02, 4.57190491e+02, 2.89138458e+02,
    2.53100540e+02, 3.93583832e+02, 3.10778351e+02, 3.79143524e+02,
    3.65106995e+02, 3.65522827e+02, 4.16659973e+02, 3.53014618e+02,
    4.65090118e+02, 3.41228027e+02 ]
CalibrationFramePatternWorld: [ 0., 0., 0., 0., 4.43000011e-02, 0., 0.,
    8.86000022e-02, 0., 0., 1.32900000e-01, 0., 0., 1.77200004e-01, 0.,
    4.43000011e-02, 0., 0., 4.43000011e-02, 4.43000011e-02, 0.,
    4.43000011e-02, 8.86000022e-02, 0., 4.43000011e-02, 1.32900000e-01,
    0., 4.43000011e-02, 1.77200004e-01, 0., 8.86000022e-02, 0., 0.,
    8.86000022e-02, 4.43000011e-02, 0., 8.86000022e-02, 8.86000022e-02,
    0., 8.86000022e-02, 1.32900000e-01, 0., 8.86000022e-02,
    1.77200004e-01, 0., 1.32900000e-01, 0., 0., 1.32900000e-01,
    4.43000011e-02, 0., 1.32900000e-01, 8.86000022e-02, 0.,
    1.32900000e-01, 1.32900000e-01, 0., 1.32900000e-01, 1.77200004e-01,
    0. ]
CalibrationFrameExtRotation: !!opencv-matrix
   rows: 3
   cols: 1
   dt: d
   data: [ 2.2298942189383393e+00, 1.9008390682212961e+00,
       3.8396593064460688e-01 ]
CalibrationFrameExtTranslation: !!opencv-matrix
   rows: 3
   cols: 1
   dt: d
   data: [ -8.9977660941426049e-02, -1.5364525496274711e-02,
       3.9146552099594628e-01 ]
CalibrationFrameRMSerror: 6.7678922414779663e-01
