%YAML:1.0
---
CalibrationFramePatternImage: [ 1.15398376e+02, 3.50836243e+02,
    1.34281616e+02, 3.55665527e+02, 1.52961273e+02, 3.60426056e+02,
    1.71535919e+02, 3.65087158e+02, 1.90299088e+02, 3.70372131e+02,
    1.12474640e+02, 3.68163055e+02, 1.30945419e+02, 3.72910583e+02,
    1.49589920e+02, 3.77534943e+02, 1.68224976e+02, 3.82048279e+02,
    1.86905106e+02, 3.87120453e+02, 1.09412933e+02, 3.84786072e+02,
    1.27792595e+02, 3.89219757e+02, 1.46330841e+02, 3.94052246e+02,
    1.64667908e+02, 3.98870361e+02, 1.83558365e+02, 4.03706390e+02,
    1.07285347e+02, 4.00728912e+02, 1.25346405e+02, 4.05475830e+02,
    1.43561066e+02, 4.10222656e+02, 1.61778198e+02, 4.14918884e+02,
    1.80316986e+02, 4.19948425e+02 ]
CalibrationFramePatternWorld: [ 0., 0., 0., 0., 4.43000011e-02, 0., 0.,
    8.86000022e-02, 0., 0., 1.32900000e-01, 0., 0., 1.77200004e-01, 0.,
    4.43000011e-02, 0., 0., 4.43000011e-02, 4.43000011e-02, 0.,
    4.43000011e-02, 8.86000022e-02, 0., 4.43000011e-02, 1.32900000e-01,
    0., 4.43000011e-02, 1.77200004e-01, 0., 8.86000022e-02, 0., 0.,
    8.86000022e-02, 4.43000011e-02, 0., 8.86000022e-02, 8.86000022e-02,
    0., 8.86000022e-02, 1.32900000e-01, 0., 8.86000022e-02,
    1.77200004e-01, 0., 1.32900000e-01, 0., 0., 1.32900000e-01,
    4.43000011e-02, 0., 1.32900000e-01, 8.86000022e-02, 0.,
    1.32900000e-01, 1.32900000e-01, 0., 1.32900000e-01, 1.77200004e-01,
    0. ]
CalibrationFrameExtRotation: !!opencv-matrix
   rows: 3
   cols: 1
   dt: d
   data: [ -1.8077273517194929e+00, -2.3568399969469609e+00,
       -2.6102739411113496e-01 ]
CalibrationFrameExtTranslation: !!opencv-matrix
   rows: 3
   cols: 1
   dt: d
   data: [ -5.3339024161614290e-01, 2.6239827783526570e-01,
       1.2457426499911712e+00 ]
CalibrationFrameRMSerror: 2.4217833578586578e-01
