%YAML:1.0
---
CalibrationFramePatternImage: [ 5.46439896e+01, 3.18344452e+02,
    8.54319687e+01, 3.06585693e+02, 1.14737961e+02, 2.95521820e+02,
    1.42999359e+02, 2.84756653e+02, 1.69830093e+02, 2.74582520e+02,
    6.59607162e+01, 3.46388336e+02, 9.65743713e+01, 3.33772034e+02,
    1.25646545e+02, 3.21977081e+02, 1.53551468e+02, 3.10572601e+02,
    1.80226364e+02, 2.99788757e+02, 7.75552673e+01, 3.74492279e+02,
    1.07807365e+02, 3.61374603e+02, 1.36904083e+02, 3.48567871e+02,
    1.64409439e+02, 3.36628113e+02, 1.90767807e+02, 3.25308868e+02,
    8.91746597e+01, 4.03059387e+02, 1.19270554e+02, 3.89040833e+02,
    1.47948639e+02, 3.75619507e+02, 1.75473709e+02, 3.62994385e+02,
    2.01963623e+02, 3.50667206e+02 ]
CalibrationFramePatternWorld: [ 0., 0., 0., 0., 4.43000011e-02, 0., 0.,
    8.86000022e-02, 0., 0., 1.32900000e-01, 0., 0., 1.77200004e-01, 0.,
    4.43000011e-02, 0., 0., 4.43000011e-02, 4.43000011e-02, 0.,
    4.43000011e-02, 8.86000022e-02, 0., 4.43000011e-02, 1.32900000e-01,
    0., 4.43000011e-02, 1.77200004e-01, 0., 8.86000022e-02, 0., 0.,
    8.86000022e-02, 4.43000011e-02, 0., 8.86000022e-02, 8.86000022e-02,
    0., 8.86000022e-02, 1.32900000e-01, 0., 8.86000022e-02,
    1.77200004e-01, 0., 1.32900000e-01, 0., 0., 1.32900000e-01,
    4.43000011e-02, 0., 1.32900000e-01, 8.86000022e-02, 0.,
    1.32900000e-01, 1.32900000e-01, 0., 1.32900000e-01, 1.77200004e-01,
    0. ]
CalibrationFrameExtRotation: !!opencv-matrix
   rows: 3
   cols: 1
   dt: d
   data: [ 2.2101781311230808e+00, 1.4655328918597472e+00,
       3.6300972271277138e-01 ]
CalibrationFrameExtTranslation: !!opencv-matrix
   rows: 3
   cols: 1
   dt: d
   data: [ -4.2843719277055575e-01, 1.1944890528465284e-01,
       7.8971778301257911e-01 ]
CalibrationFrameRMSerror: 1.4770899713039398e-01
