%YAML:1.0
---
CalibrationFramePatternImage: [ 1.41837219e+02, 7.10961227e+01,
    2.11943085e+02, 7.05440674e+01, 2.77910553e+02, 7.00258026e+01,
    3.40133301e+02, 6.93577499e+01, 3.99448547e+02, 6.84998398e+01,
    1.48368256e+02, 1.41170975e+02, 2.17791107e+02, 1.37881516e+02,
    2.82847168e+02, 1.35126328e+02, 3.44141113e+02, 1.32560425e+02,
    4.02662109e+02, 1.29913681e+02, 1.56066422e+02, 2.09289429e+02,
    2.24169907e+02, 2.04010880e+02, 2.88439178e+02, 1.98881821e+02,
    3.49140228e+02, 1.94207718e+02, 4.06367981e+02, 1.89696518e+02,
    1.63553619e+02, 2.75694519e+02, 2.30336975e+02, 2.68354187e+02,
    2.93518677e+02, 2.61347565e+02, 3.53562286e+02, 2.54924911e+02,
    4.10386383e+02, 2.48915298e+02 ]
CalibrationFramePatternWorld: [ 0., 0., 0., 0., 4.43000011e-02, 0., 0.,
    8.86000022e-02, 0., 0., 1.32900000e-01, 0., 0., 1.77200004e-01, 0.,
    4.43000011e-02, 0., 0., 4.43000011e-02, 4.43000011e-02, 0.,
    4.43000011e-02, 8.86000022e-02, 0., 4.43000011e-02, 1.32900000e-01,
    0., 4.43000011e-02, 1.77200004e-01, 0., 8.86000022e-02, 0., 0.,
    8.86000022e-02, 4.43000011e-02, 0., 8.86000022e-02, 8.86000022e-02,
    0., 8.86000022e-02, 1.32900000e-01, 0., 8.86000022e-02,
    1.77200004e-01, 0., 1.32900000e-01, 0., 0., 1.32900000e-01,
    4.43000011e-02, 0., 1.32900000e-01, 8.86000022e-02, 0.,
    1.32900000e-01, 1.32900000e-01, 0., 1.32900000e-01, 1.77200004e-01,
    0. ]
CalibrationFrameExtRotation: !!opencv-matrix
   rows: 3
   cols: 1
   dt: d
   data: [ 2.1822686974603007e+00, 2.0021594872265163e+00,
       3.9970630546655950e-01 ]
CalibrationFrameExtTranslation: !!opencv-matrix
   rows: 3
   cols: 1
   dt: d
   data: [ -1.3246614190496697e-01, -1.0577430531845906e-01,
       3.4901204622356807e-01 ]
CalibrationFrameRMSerror: 5.3284305334091187e-01
