%YAML:1.0
---
CalibrationFramePatternImage: [ 4.04060852e+02, 5.27557335e+01,
    4.24420258e+02, 5.19731178e+01, 4.43959320e+02, 5.14385490e+01,
    4.63771790e+02, 5.08499565e+01, 4.83002869e+02, 5.03076172e+01,
    4.05051270e+02, 7.57541962e+01, 4.25260254e+02, 7.48342209e+01,
    4.45094971e+02, 7.38631287e+01, 4.64057892e+02, 7.31475220e+01,
    4.83408813e+02, 7.24254913e+01, 4.05983612e+02, 9.84508209e+01,
    4.25932587e+02, 9.73876419e+01, 4.45732941e+02, 9.59715881e+01,
    4.64985016e+02, 9.49111786e+01, 4.83709320e+02, 9.38938522e+01,
    4.06656158e+02, 1.20640877e+02, 4.26380280e+02, 1.19428162e+02,
    4.46014282e+02, 1.18011429e+02, 4.65405975e+02, 1.16627861e+02,
    4.84279297e+02, 1.15429153e+02 ]
CalibrationFramePatternWorld: [ 0., 0., 0., 0., 4.43000011e-02, 0., 0.,
    8.86000022e-02, 0., 0., 1.32900000e-01, 0., 0., 1.77200004e-01, 0.,
    4.43000011e-02, 0., 0., 4.43000011e-02, 4.43000011e-02, 0.,
    4.43000011e-02, 8.86000022e-02, 0., 4.43000011e-02, 1.32900000e-01,
    0., 4.43000011e-02, 1.77200004e-01, 0., 8.86000022e-02, 0., 0.,
    8.86000022e-02, 4.43000011e-02, 0., 8.86000022e-02, 8.86000022e-02,
    0., 8.86000022e-02, 1.32900000e-01, 0., 8.86000022e-02,
    1.77200004e-01, 0., 1.32900000e-01, 0., 0., 1.32900000e-01,
    4.43000011e-02, 0., 1.32900000e-01, 8.86000022e-02, 0.,
    1.32900000e-01, 1.32900000e-01, 0., 1.32900000e-01, 1.77200004e-01,
    0. ]
CalibrationFrameExtRotation: !!opencv-matrix
   rows: 3
   cols: 1
   dt: d
   data: [ 2.2307486237174796e+00, 2.0201275046709810e+00,
       5.3778568923462700e-01 ]
CalibrationFrameExtTranslation: !!opencv-matrix
   rows: 3
   cols: 1
   dt: d
   data: [ 1.0842060039353281e-01, -3.6507415123473896e-01,
       1.0884751994449684e+00 ]
CalibrationFrameRMSerror: 1.9701020419597626e-01
