%YAML:1.0
---
CalibrationFramePatternImage: [ 4.61047485e+02, 6.53966370e+01,
    4.91216309e+02, 6.26621780e+01, 5.22188660e+02, 5.97743187e+01,
    5.53753052e+02, 5.65273666e+01, 5.85952332e+02, 5.33904648e+01,
    4.62232544e+02, 9.47876892e+01, 4.92588440e+02, 9.21569977e+01,
    5.23463501e+02, 8.95055084e+01, 5.54936340e+02, 8.69194565e+01,
    5.87250977e+02, 8.41604691e+01, 4.63562683e+02, 1.24052017e+02,
    4.93739197e+02, 1.21761765e+02, 5.24549194e+02, 1.19208076e+02,
    5.56074768e+02, 1.16947296e+02, 5.88146484e+02, 1.14489571e+02,
    4.64768799e+02, 1.53144501e+02, 4.94746765e+02, 1.51269577e+02,
    5.25443665e+02, 1.49134705e+02, 5.57034668e+02, 1.47195740e+02,
    5.89227661e+02, 1.45104858e+02 ]
CalibrationFramePatternWorld: [ 0., 0., 0., 0., 4.43000011e-02, 0., 0.,
    8.86000022e-02, 0., 0., 1.32900000e-01, 0., 0., 1.77200004e-01, 0.,
    4.43000011e-02, 0., 0., 4.43000011e-02, 4.43000011e-02, 0.,
    4.43000011e-02, 8.86000022e-02, 0., 4.43000011e-02, 1.32900000e-01,
    0., 4.43000011e-02, 1.77200004e-01, 0., 8.86000022e-02, 0., 0.,
    8.86000022e-02, 4.43000011e-02, 0., 8.86000022e-02, 8.86000022e-02,
    0., 8.86000022e-02, 1.32900000e-01, 0., 8.86000022e-02,
    1.77200004e-01, 0., 1.32900000e-01, 0., 0., 1.32900000e-01,
    4.43000011e-02, 0., 1.32900000e-01, 8.86000022e-02, 0.,
    1.32900000e-01, 1.32900000e-01, 0., 1.32900000e-01, 1.77200004e-01,
    0. ]
CalibrationFrameExtRotation: !!opencv-matrix
   rows: 3
   cols: 1
   dt: d
   data: [ -2.1477521817757150e+00, -2.0462417764440537e+00,
       1.3074242868811223e-01 ]
CalibrationFrameExtTranslation: !!opencv-matrix
   rows: 3
   cols: 1
   dt: d
   data: [ 1.6893756229422416e-01, -2.5969659425875968e-01,
       8.3326100994313779e-01 ]
CalibrationFrameRMSerror: 1.7164881527423859e-01
