%YAML:1.0
---
CalibrationFramePatternImage: [ 2.01912720e+02, 4.59711952e+01,
    2.40718491e+02, 5.73172073e+01, 2.80342468e+02, 6.88127747e+01,
    3.20730896e+02, 8.04463654e+01, 3.61902405e+02, 9.22898941e+01,
    1.88228180e+02, 8.53748856e+01, 2.26684326e+02, 9.70175705e+01,
    2.66373505e+02, 1.09116982e+02, 3.06726166e+02, 1.21499870e+02,
    3.47567474e+02, 1.34031372e+02, 1.74824463e+02, 1.25023468e+02,
    2.13126007e+02, 1.37088989e+02, 2.52330353e+02, 1.49542725e+02,
    2.92369934e+02, 1.62364700e+02, 3.33211548e+02, 1.75575974e+02,
    1.61596313e+02, 1.64870590e+02, 1.99703308e+02, 1.77477539e+02,
    2.38765289e+02, 1.90229858e+02, 2.78479218e+02, 2.03716919e+02,
    3.18978943e+02, 2.17162643e+02 ]
CalibrationFramePatternWorld: [ 0., 0., 0., 0., 4.43000011e-02, 0., 0.,
    8.86000022e-02, 0., 0., 1.32900000e-01, 0., 0., 1.77200004e-01, 0.,
    4.43000011e-02, 0., 0., 4.43000011e-02, 4.43000011e-02, 0.,
    4.43000011e-02, 8.86000022e-02, 0., 4.43000011e-02, 1.32900000e-01,
    0., 4.43000011e-02, 1.77200004e-01, 0., 8.86000022e-02, 0., 0.,
    8.86000022e-02, 4.43000011e-02, 0., 8.86000022e-02, 8.86000022e-02,
    0., 8.86000022e-02, 1.32900000e-01, 0., 8.86000022e-02,
    1.77200004e-01, 0., 1.32900000e-01, 0., 0., 1.32900000e-01,
    4.43000011e-02, 0., 1.32900000e-01, 8.86000022e-02, 0.,
    1.32900000e-01, 1.32900000e-01, 0., 1.32900000e-01, 1.77200004e-01,
    0. ]
CalibrationFrameExtRotation: !!opencv-matrix
   rows: 3
   cols: 1
   dt: d
   data: [ -1.7989753708312735e+00, -2.4983788935566102e+00,
       1.4708041160553081e-01 ]
CalibrationFrameExtTranslation: !!opencv-matrix
   rows: 3
   cols: 1
   dt: d
   data: [ -1.5406487564369215e-01, -2.0129057882938695e-01,
       5.7407184340785700e-01 ]
CalibrationFrameRMSerror: 2.6722726225852966e-01
