%YAML:1.0
---
CalibrationFramePatternImage: [ 2.90309418e+02, 3.19663677e+01,
    3.12091797e+02, 3.46561317e+01, 3.33148956e+02, 3.74565201e+01,
    3.53622498e+02, 4.02233315e+01, 3.73826843e+02, 4.28917732e+01,
    2.87545105e+02, 5.63207855e+01, 3.09326935e+02, 5.85267792e+01,
    3.29941742e+02, 6.09083138e+01, 3.50076599e+02, 6.31366425e+01,
    3.69962952e+02, 6.54749985e+01, 2.84675629e+02, 7.98149948e+01,
    3.06205505e+02, 8.18086853e+01, 3.26707153e+02, 8.38251495e+01,
    3.46890106e+02, 8.55355530e+01, 3.65963470e+02, 8.73567429e+01,
    2.81606750e+02, 1.02510551e+02, 3.02897369e+02, 1.04115791e+02,
    3.23067200e+02, 1.05634880e+02, 3.43140503e+02, 1.07108528e+02,
    3.62418121e+02, 1.08626709e+02 ]
CalibrationFramePatternWorld: [ 0., 0., 0., 0., 4.43000011e-02, 0., 0.,
    8.86000022e-02, 0., 0., 1.32900000e-01, 0., 0., 1.77200004e-01, 0.,
    4.43000011e-02, 0., 0., 4.43000011e-02, 4.43000011e-02, 0.,
    4.43000011e-02, 8.86000022e-02, 0., 4.43000011e-02, 1.32900000e-01,
    0., 4.43000011e-02, 1.77200004e-01, 0., 8.86000022e-02, 0., 0.,
    8.86000022e-02, 4.43000011e-02, 0., 8.86000022e-02, 8.86000022e-02,
    0., 8.86000022e-02, 1.32900000e-01, 0., 8.86000022e-02,
    1.77200004e-01, 0., 1.32900000e-01, 0., 0., 1.32900000e-01,
    4.43000011e-02, 0., 1.32900000e-01, 8.86000022e-02, 0.,
    1.32900000e-01, 1.32900000e-01, 0., 1.32900000e-01, 1.77200004e-01,
    0. ]
CalibrationFrameExtRotation: !!opencv-matrix
   rows: 3
   cols: 1
   dt: d
   data: [ 2.0299908348367071e+00, 2.1771463452455748e+00,
       9.6628288871470513e-01 ]
CalibrationFrameExtTranslation: !!opencv-matrix
   rows: 3
   cols: 1
   dt: d
   data: [ -1.0975660975505040e-01, -3.8399545703319804e-01,
       1.0243078421709713e+00 ]
CalibrationFrameRMSerror: 2.1189984679222107e-01
