%YAML:1.0
---
CalibrationFramePatternImage: [ 3.28008881e+02, 1.29184448e+02,
    3.45201660e+02, 1.27453140e+02, 3.62157654e+02, 1.25536705e+02,
    3.78594513e+02, 1.23958954e+02, 3.94921204e+02, 1.22020607e+02,
    3.30915833e+02, 1.48791809e+02, 3.48112305e+02, 1.46539856e+02,
    3.64819397e+02, 1.44506668e+02, 3.81141083e+02, 1.42545563e+02,
    3.97215393e+02, 1.40576920e+02, 3.33526855e+02, 1.68114090e+02,
    3.50847076e+02, 1.65890091e+02, 3.67473938e+02, 1.63473938e+02,
    3.83937592e+02, 1.60950058e+02, 3.99582367e+02, 1.58601822e+02,
    3.36161469e+02, 1.87835068e+02, 3.53178772e+02, 1.85029984e+02,
    3.69927551e+02, 1.82218597e+02, 3.86240540e+02, 1.79647125e+02,
    4.02375824e+02, 1.76860565e+02 ]
CalibrationFramePatternWorld: [ 0., 0., 0., 0., 4.43000011e-02, 0., 0.,
    8.86000022e-02, 0., 0., 1.32900000e-01, 0., 0., 1.77200004e-01, 0.,
    4.43000011e-02, 0., 0., 4.43000011e-02, 4.43000011e-02, 0.,
    4.43000011e-02, 8.86000022e-02, 0., 4.43000011e-02, 1.32900000e-01,
    0., 4.43000011e-02, 1.77200004e-01, 0., 8.86000022e-02, 0., 0.,
    8.86000022e-02, 4.43000011e-02, 0., 8.86000022e-02, 8.86000022e-02,
    0., 8.86000022e-02, 1.32900000e-01, 0., 8.86000022e-02,
    1.77200004e-01, 0., 1.32900000e-01, 0., 0., 1.32900000e-01,
    4.43000011e-02, 0., 1.32900000e-01, 8.86000022e-02, 0.,
    1.32900000e-01, 1.32900000e-01, 0., 1.32900000e-01, 1.77200004e-01,
    0. ]
CalibrationFrameExtRotation: !!opencv-matrix
   rows: 3
   cols: 1
   dt: d
   data: [ 2.1641595972899337e+00, 1.8208356169180018e+00,
       5.5175846512355531e-01 ]
CalibrationFrameExtTranslation: !!opencv-matrix
   rows: 3
   cols: 1
   dt: d
   data: [ -4.6769418447319175e-02, -2.4226598112209005e-01,
       1.2385364913212702e+00 ]
CalibrationFrameRMSerror: 2.0855417847633362e-01
