%YAML:1.0
---
CalibrationFramePatternImage: [ 2.98987236e+01, 7.88684235e+01,
    5.31136169e+01, 8.26157074e+01, 7.60863876e+01, 8.60602112e+01,
    9.83699646e+01, 8.99395599e+01, 1.20351906e+02, 9.31327744e+01,
    2.86683369e+01, 1.00085213e+02, 5.19545441e+01, 1.03590912e+02,
    7.45729752e+01, 1.06763962e+02, 9.65356827e+01, 1.09952126e+02,
    1.18330467e+02, 1.13098373e+02, 2.77365322e+01, 1.20469696e+02,
    5.08149147e+01, 1.23849953e+02, 7.29577560e+01, 1.26821854e+02,
    9.49676437e+01, 1.29741180e+02, 1.16463684e+02, 1.32604980e+02,
    2.69818344e+01, 1.40485916e+02, 4.95444450e+01, 1.43278702e+02,
    7.18621368e+01, 1.46343719e+02, 9.34599991e+01, 1.48939041e+02,
    1.14807961e+02, 1.51488556e+02 ]
CalibrationFramePatternWorld: [ 0., 0., 0., 0., 4.43000011e-02, 0., 0.,
    8.86000022e-02, 0., 0., 1.32900000e-01, 0., 0., 1.77200004e-01, 0.,
    4.43000011e-02, 0., 0., 4.43000011e-02, 4.43000011e-02, 0.,
    4.43000011e-02, 8.86000022e-02, 0., 4.43000011e-02, 1.32900000e-01,
    0., 4.43000011e-02, 1.77200004e-01, 0., 8.86000022e-02, 0., 0.,
    8.86000022e-02, 4.43000011e-02, 0., 8.86000022e-02, 8.86000022e-02,
    0., 8.86000022e-02, 1.32900000e-01, 0., 8.86000022e-02,
    1.77200004e-01, 0., 1.32900000e-01, 0., 0., 1.32900000e-01,
    4.43000011e-02, 0., 1.32900000e-01, 8.86000022e-02, 0.,
    1.32900000e-01, 1.32900000e-01, 0., 1.32900000e-01, 1.77200004e-01,
    0. ]
CalibrationFrameExtRotation: !!opencv-matrix
   rows: 3
   cols: 1
   dt: d
   data: [ -1.9135488692407630e+00, -2.2889368498328677e+00,
       -9.1285769717756526e-01 ]
CalibrationFrameExtTranslation: !!opencv-matrix
   rows: 3
   cols: 1
   dt: d
   data: [ -6.5410540006791140e-01, -3.2418381740522445e-01,
       1.1022003611424946e+00 ]
CalibrationFrameRMSerror: 1.6302032768726349e-01
