%YAML:1.0
---
CalibrationFramePatternImage: [ 4.05292786e+02, 3.55514008e+02,
    4.30769379e+02, 3.51501831e+02, 4.55956696e+02, 3.47535431e+02,
    4.80460388e+02, 3.43892609e+02, 5.04375885e+02, 3.40248962e+02,
    4.07204681e+02, 3.82646912e+02, 4.32785217e+02, 3.78449982e+02,
    4.57667297e+02, 3.74232697e+02, 4.82080475e+02, 3.70058136e+02,
    5.05893951e+02, 3.66380951e+02, 4.08779877e+02, 4.09328949e+02,
    4.34479218e+02, 4.04937286e+02, 4.59537354e+02, 4.00593903e+02,
    4.83799591e+02, 3.96286224e+02, 5.07696320e+02, 3.91845337e+02,
    4.10143127e+02, 4.35452606e+02, 4.35630859e+02, 4.30927094e+02,
    4.60458008e+02, 4.26444000e+02, 4.84948120e+02, 4.21912872e+02,
    5.09035553e+02, 4.17553345e+02 ]
CalibrationFramePatternWorld: [ 0., 0., 0., 0., 4.43000011e-02, 0., 0.,
    8.86000022e-02, 0., 0., 1.32900000e-01, 0., 0., 1.77200004e-01, 0.,
    4.43000011e-02, 0., 0., 4.43000011e-02, 4.43000011e-02, 0.,
    4.43000011e-02, 8.86000022e-02, 0., 4.43000011e-02, 1.32900000e-01,
    0., 4.43000011e-02, 1.77200004e-01, 0., 8.86000022e-02, 0., 0.,
    8.86000022e-02, 4.43000011e-02, 0., 8.86000022e-02, 8.86000022e-02,
    0., 8.86000022e-02, 1.32900000e-01, 0., 8.86000022e-02,
    1.77200004e-01, 0., 1.32900000e-01, 0., 0., 1.32900000e-01,
    4.43000011e-02, 0., 1.32900000e-01, 8.86000022e-02, 0.,
    1.32900000e-01, 1.32900000e-01, 0., 1.32900000e-01, 1.77200004e-01,
    0. ]
CalibrationFrameExtRotation: !!opencv-matrix
   rows: 3
   cols: 1
   dt: d
   data: [ 2.1850256341412280e+00, 2.0182956199537130e+00,
       3.4914124850793132e-01 ]
CalibrationFrameExtTranslation: !!opencv-matrix
   rows: 3
   cols: 1
   dt: d
   data: [ 8.9373137482418208e-02, 1.9004453396107784e-01,
       8.7695970804157730e-01 ]
CalibrationFrameRMSerror: 3.0640840530395508e-01
