%YAML:1.0
---
CalibrationFramePatternImage: [ 2.29991104e+02, 1.59151672e+02,
    2.56530212e+02, 1.71624161e+02, 2.83275970e+02, 1.84045425e+02,
    3.09477478e+02, 1.96713394e+02, 3.35503418e+02, 2.09249710e+02,
    2.20892471e+02, 1.83181000e+02, 2.46821167e+02, 1.95436127e+02,
    2.72658966e+02, 2.07533447e+02, 2.98585297e+02, 2.19574448e+02,
    3.24054077e+02, 2.31811707e+02, 2.12155212e+02, 2.05597961e+02,
    2.37722229e+02, 2.17804260e+02, 2.63035339e+02, 2.29915863e+02,
    2.88104218e+02, 2.41721680e+02, 3.13239807e+02, 2.53632309e+02,
    2.04419983e+02, 2.27266953e+02, 2.29225784e+02, 2.39068375e+02,
    2.53641815e+02, 2.51027603e+02, 2.78053192e+02, 2.62714172e+02,
    3.02811218e+02, 2.74729584e+02 ]
CalibrationFramePatternWorld: [ 0., 0., 0., 0., 4.43000011e-02, 0., 0.,
    8.86000022e-02, 0., 0., 1.32900000e-01, 0., 0., 1.77200004e-01, 0.,
    4.43000011e-02, 0., 0., 4.43000011e-02, 4.43000011e-02, 0.,
    4.43000011e-02, 8.86000022e-02, 0., 4.43000011e-02, 1.32900000e-01,
    0., 4.43000011e-02, 1.77200004e-01, 0., 8.86000022e-02, 0., 0.,
    8.86000022e-02, 4.43000011e-02, 0., 8.86000022e-02, 8.86000022e-02,
    0., 8.86000022e-02, 1.32900000e-01, 0., 8.86000022e-02,
    1.77200004e-01, 0., 1.32900000e-01, 0., 0., 1.32900000e-01,
    4.43000011e-02, 0., 1.32900000e-01, 8.86000022e-02, 0.,
    1.32900000e-01, 1.32900000e-01, 0., 1.32900000e-01, 1.77200004e-01,
    0. ]
CalibrationFrameExtRotation: !!opencv-matrix
   rows: 3
   cols: 1
   dt: d
   data: [ -1.4333799337910056e+00, -2.3291381289814739e+00,
       -4.5027253392015976e-01 ]
CalibrationFrameExtTranslation: !!opencv-matrix
   rows: 3
   cols: 1
   dt: d
   data: [ -1.7904624936232985e-01, -1.1795919460413329e-01,
       8.2862833611615982e-01 ]
CalibrationFrameRMSerror: 2.9082274436950684e-01
