%YAML:1.0
---
CalibrationFramePatternImage: [ 5.19823364e+02, 3.32095795e+02,
    5.38575256e+02, 3.35910706e+02, 5.57197937e+02, 3.39825012e+02,
    5.75941956e+02, 3.43551605e+02, 5.94922546e+02, 3.47102966e+02,
    5.14568604e+02, 3.52016510e+02, 5.33569458e+02, 3.55852661e+02,
    5.52414307e+02, 3.59093597e+02, 5.70945496e+02, 3.62713684e+02,
    5.89545776e+02, 3.66392151e+02, 5.09448059e+02, 3.71500000e+02,
    5.28696289e+02, 3.74935455e+02, 5.47465576e+02, 3.78630005e+02,
    5.65788452e+02, 3.82094025e+02, 5.84092957e+02, 3.85445526e+02,
    5.04005188e+02, 3.90711304e+02, 5.23106201e+02, 3.94357513e+02,
    5.41802368e+02, 3.97445160e+02, 5.60473694e+02, 4.00894745e+02,
    5.78879089e+02, 4.04492371e+02 ]
CalibrationFramePatternWorld: [ 0., 0., 0., 0., 4.43000011e-02, 0., 0.,
    8.86000022e-02, 0., 0., 1.32900000e-01, 0., 0., 1.77200004e-01, 0.,
    4.43000011e-02, 0., 0., 4.43000011e-02, 4.43000011e-02, 0.,
    4.43000011e-02, 8.86000022e-02, 0., 4.43000011e-02, 1.32900000e-01,
    0., 4.43000011e-02, 1.77200004e-01, 0., 8.86000022e-02, 0., 0.,
    8.86000022e-02, 4.43000011e-02, 0., 8.86000022e-02, 8.86000022e-02,
    0., 8.86000022e-02, 1.32900000e-01, 0., 8.86000022e-02,
    1.77200004e-01, 0., 1.32900000e-01, 0., 0., 1.32900000e-01,
    4.43000011e-02, 0., 1.32900000e-01, 8.86000022e-02, 0.,
    1.32900000e-01, 1.32900000e-01, 0., 1.32900000e-01, 1.77200004e-01,
    0. ]
CalibrationFrameExtRotation: !!opencv-matrix
   rows: 3
   cols: 1
   dt: d
   data: [ 1.9354813512048701e+00, 2.4201810522276808e+00,
       2.5974544624598711e-01 ]
CalibrationFrameExtTranslation: !!opencv-matrix
   rows: 3
   cols: 1
   dt: d
   data: [ 3.6404244805751035e-01, 2.0576371739890562e-01,
       1.1818149974958490e+00 ]
CalibrationFrameRMSerror: 2.3379379510879517e-01
