%YAML:1.0
---
CalibrationFramePatternImage: [ 1.04129395e+02, 1.84385605e+02,
    1.23464493e+02, 1.95550537e+02, 1.42619049e+02, 2.06531754e+02,
    1.62124786e+02, 2.17740372e+02, 1.81517151e+02, 2.29080887e+02,
    9.57817001e+01, 2.04489136e+02, 1.14526176e+02, 2.15455490e+02,
    1.33930008e+02, 2.26491684e+02, 1.53317993e+02, 2.37484222e+02,
    1.72553574e+02, 2.48792511e+02, 8.80568161e+01, 2.24104172e+02,
    1.06681236e+02, 2.34871582e+02, 1.25162582e+02, 2.46130783e+02,
    1.44534393e+02, 2.56796295e+02, 1.64036835e+02, 2.67955261e+02,
    8.09578629e+01, 2.43148880e+02, 9.91515121e+01, 2.53844696e+02,
    1.17798035e+02, 2.65004456e+02, 1.36607361e+02, 2.76097931e+02,
    1.55566483e+02, 2.87055847e+02 ]
CalibrationFramePatternWorld: [ 0., 0., 0., 0., 4.43000011e-02, 0., 0.,
    8.86000022e-02, 0., 0., 1.32900000e-01, 0., 0., 1.77200004e-01, 0.,
    4.43000011e-02, 0., 0., 4.43000011e-02, 4.43000011e-02, 0.,
    4.43000011e-02, 8.86000022e-02, 0., 4.43000011e-02, 1.32900000e-01,
    0., 4.43000011e-02, 1.77200004e-01, 0., 8.86000022e-02, 0., 0.,
    8.86000022e-02, 4.43000011e-02, 0., 8.86000022e-02, 8.86000022e-02,
    0., 8.86000022e-02, 1.32900000e-01, 0., 8.86000022e-02,
    1.77200004e-01, 0., 1.32900000e-01, 0., 0., 1.32900000e-01,
    4.43000011e-02, 0., 1.32900000e-01, 8.86000022e-02, 0.,
    1.32900000e-01, 1.32900000e-01, 0., 1.32900000e-01, 1.77200004e-01,
    0. ]
CalibrationFrameExtRotation: !!opencv-matrix
   rows: 3
   cols: 1
   dt: d
   data: [ -1.4781366347634770e+00, -2.4984701308080592e+00,
       -1.0491636670520313e-01 ]
CalibrationFrameExtTranslation: !!opencv-matrix
   rows: 3
   cols: 1
   dt: d
   data: [ -4.7067902923587052e-01, -1.0036828378897657e-01,
       1.0482506155701223e+00 ]
CalibrationFrameRMSerror: 2.4893671274185181e-01
