%YAML:1.0
---
CalibrationFramePatternImage: [ 5.30053040e+02, 2.53820816e+02,
    5.50550598e+02, 2.52398804e+02, 5.71276184e+02, 2.51039993e+02,
    5.92491638e+02, 2.49316666e+02, 6.14220093e+02, 2.47913239e+02,
    5.31950867e+02, 2.72666656e+02, 5.52358398e+02, 2.71560699e+02,
    5.73250488e+02, 2.70243805e+02, 5.94389343e+02, 2.68996338e+02,
    6.16057190e+02, 2.67903259e+02, 5.33786865e+02, 2.91865662e+02,
    5.54083069e+02, 2.90606903e+02, 5.75031616e+02, 2.89869720e+02,
    5.96405884e+02, 2.88859497e+02, 6.18257812e+02, 2.87519348e+02,
    5.35499512e+02, 3.10944275e+02, 5.55965393e+02, 3.10200806e+02,
    5.76687744e+02, 3.09329681e+02, 5.98377258e+02, 3.08542511e+02,
    6.20335144e+02, 3.07874878e+02 ]
CalibrationFramePatternWorld: [ 0., 0., 0., 0., 4.43000011e-02, 0., 0.,
    8.86000022e-02, 0., 0., 1.32900000e-01, 0., 0., 1.77200004e-01, 0.,
    4.43000011e-02, 0., 0., 4.43000011e-02, 4.43000011e-02, 0.,
    4.43000011e-02, 8.86000022e-02, 0., 4.43000011e-02, 1.32900000e-01,
    0., 4.43000011e-02, 1.77200004e-01, 0., 8.86000022e-02, 0., 0.,
    8.86000022e-02, 4.43000011e-02, 0., 8.86000022e-02, 8.86000022e-02,
    0., 8.86000022e-02, 1.32900000e-01, 0., 8.86000022e-02,
    1.77200004e-01, 0., 1.32900000e-01, 0., 0., 1.32900000e-01,
    4.43000011e-02, 0., 1.32900000e-01, 8.86000022e-02, 0.,
    1.32900000e-01, 1.32900000e-01, 0., 1.32900000e-01, 1.77200004e-01,
    0. ]
CalibrationFrameExtRotation: !!opencv-matrix
   rows: 3
   cols: 1
   dt: d
   data: [ -2.1445426762103872e+00, -1.9889488071698900e+00,
       4.2774212112225091e-01 ]
CalibrationFrameExtTranslation: !!opencv-matrix
   rows: 3
   cols: 1
   dt: d
   data: [ 4.2178097086015781e-01, 4.0800521178492435e-02,
       1.2890509476126191e+00 ]
CalibrationFrameRMSerror: 1.3592176139354706e-01
