%YAML:1.0
---
CalibrationFramePatternImage: [ 3.89830933e+01, 1.42512070e+02,
    6.26254311e+01, 1.45033508e+02, 8.52576523e+01, 1.47431122e+02,
    1.07295670e+02, 1.49665726e+02, 1.28801331e+02, 1.52228271e+02,
    3.77134361e+01, 1.63691330e+02, 6.09582253e+01, 1.65878098e+02,
    8.36304321e+01, 1.67864136e+02, 1.05589104e+02, 1.69876266e+02,
    1.27095673e+02, 1.71985901e+02, 3.64777489e+01, 1.84439133e+02,
    5.97687607e+01, 1.86013092e+02, 8.21164474e+01, 1.88049774e+02,
    1.04123917e+02, 1.89770416e+02, 1.25383385e+02, 1.91352356e+02,
    3.50754890e+01, 2.04770142e+02, 5.81762657e+01, 2.06068069e+02,
    8.06657562e+01, 2.07962769e+02, 1.02572258e+02, 2.09381500e+02,
    1.23602943e+02, 2.10869614e+02 ]
CalibrationFramePatternWorld: [ 0., 0., 0., 0., 4.43000011e-02, 0., 0.,
    8.86000022e-02, 0., 0., 1.32900000e-01, 0., 0., 1.77200004e-01, 0.,
    4.43000011e-02, 0., 0., 4.43000011e-02, 4.43000011e-02, 0.,
    4.43000011e-02, 8.86000022e-02, 0., 4.43000011e-02, 1.32900000e-01,
    0., 4.43000011e-02, 1.77200004e-01, 0., 8.86000022e-02, 0., 0.,
    8.86000022e-02, 4.43000011e-02, 0., 8.86000022e-02, 8.86000022e-02,
    0., 8.86000022e-02, 1.32900000e-01, 0., 8.86000022e-02,
    1.77200004e-01, 0., 1.32900000e-01, 0., 0., 1.32900000e-01,
    4.43000011e-02, 0., 1.32900000e-01, 8.86000022e-02, 0.,
    1.32900000e-01, 1.32900000e-01, 0., 1.32900000e-01, 1.77200004e-01,
    0. ]
CalibrationFrameExtRotation: !!opencv-matrix
   rows: 3
   cols: 1
   dt: d
   data: [ 1.9034684712932608e+00, 2.1559566225898616e+00,
       7.9674113434396121e-01 ]
CalibrationFrameExtTranslation: !!opencv-matrix
   rows: 3
   cols: 1
   dt: d
   data: [ -6.3665343053254475e-01, -1.9428207518776475e-01,
       1.1106236452970446e+00 ]
CalibrationFrameRMSerror: 1.8302194774150848e-01
