%YAML:1.0
---
CalibrationFramePatternImage: [ 3.59421875e+02, 3.75409363e+02,
    3.77424988e+02, 3.70918762e+02, 3.95375824e+02, 3.66183014e+02,
    4.12986389e+02, 3.61867340e+02, 4.30420227e+02, 3.57349823e+02,
    3.63373199e+02, 3.94557037e+02, 3.81538696e+02, 3.89851624e+02,
    3.99089661e+02, 3.85134491e+02, 4.16645416e+02, 3.80526855e+02,
    4.34076477e+02, 3.76205475e+02, 3.67324554e+02, 4.13516449e+02,
    3.85321472e+02, 4.08887817e+02, 4.03341034e+02, 4.03987885e+02,
    4.20749725e+02, 3.99133545e+02, 4.37868286e+02, 3.94493011e+02,
    3.70633545e+02, 4.32537262e+02, 3.88738342e+02, 4.27649292e+02,
    4.06658813e+02, 4.22645355e+02, 4.24493469e+02, 4.18084961e+02,
    4.41939301e+02, 4.13081329e+02 ]
CalibrationFramePatternWorld: [ 0., 0., 0., 0., 4.43000011e-02, 0., 0.,
    8.86000022e-02, 0., 0., 1.32900000e-01, 0., 0., 1.77200004e-01, 0.,
    4.43000011e-02, 0., 0., 4.43000011e-02, 4.43000011e-02, 0.,
    4.43000011e-02, 8.86000022e-02, 0., 4.43000011e-02, 1.32900000e-01,
    0., 4.43000011e-02, 1.77200004e-01, 0., 8.86000022e-02, 0., 0.,
    8.86000022e-02, 4.43000011e-02, 0., 8.86000022e-02, 8.86000022e-02,
    0., 8.86000022e-02, 1.32900000e-01, 0., 8.86000022e-02,
    1.77200004e-01, 0., 1.32900000e-01, 0., 0., 1.32900000e-01,
    4.43000011e-02, 0., 1.32900000e-01, 8.86000022e-02, 0.,
    1.32900000e-01, 1.32900000e-01, 0., 1.32900000e-01, 1.77200004e-01,
    0. ]
CalibrationFrameExtRotation: !!opencv-matrix
   rows: 3
   cols: 1
   dt: d
   data: [ 2.2459519607979379e+00, 1.8571529084860245e+00,
       2.0012924289167003e-01 ]
CalibrationFrameExtTranslation: !!opencv-matrix
   rows: 3
   cols: 1
   dt: d
   data: [ 2.4292128695659419e-02, 3.1977617354417415e-01,
       1.2614513042432656e+00 ]
CalibrationFrameRMSerror: 2.1461749076843262e-01
