%YAML:1.0
---
CalibrationFramePatternImage: [ 2.20511871e+02, 3.54107330e+02,
    2.39870255e+02, 3.50825348e+02, 2.59404694e+02, 3.47633026e+02,
    2.78667694e+02, 3.44181366e+02, 2.98260223e+02, 3.41029236e+02,
    2.22155045e+02, 3.74014526e+02, 2.41877808e+02, 3.70959930e+02,
    2.61480042e+02, 3.67712158e+02, 2.81075958e+02, 3.64550812e+02,
    3.00950226e+02, 3.61237549e+02, 2.24196838e+02, 3.94528320e+02,
    2.44065735e+02, 3.91296722e+02, 2.63823639e+02, 3.88082184e+02,
    2.83857544e+02, 3.84665741e+02, 3.03612305e+02, 3.81574860e+02,
    2.26614380e+02, 4.15458435e+02, 2.46266129e+02, 4.12129089e+02,
    2.66079712e+02, 4.08780792e+02, 2.86161224e+02, 4.05737305e+02,
    3.06389465e+02, 4.02513153e+02 ]
CalibrationFramePatternWorld: [ 0., 0., 0., 0., 4.43000011e-02, 0., 0.,
    8.86000022e-02, 0., 0., 1.32900000e-01, 0., 0., 1.77200004e-01, 0.,
    4.43000011e-02, 0., 0., 4.43000011e-02, 4.43000011e-02, 0.,
    4.43000011e-02, 8.86000022e-02, 0., 4.43000011e-02, 1.32900000e-01,
    0., 4.43000011e-02, 1.77200004e-01, 0., 8.86000022e-02, 0., 0.,
    8.86000022e-02, 4.43000011e-02, 0., 8.86000022e-02, 8.86000022e-02,
    0., 8.86000022e-02, 1.32900000e-01, 0., 8.86000022e-02,
    1.77200004e-01, 0., 1.32900000e-01, 0., 0., 1.32900000e-01,
    4.43000011e-02, 0., 1.32900000e-01, 8.86000022e-02, 0.,
    1.32900000e-01, 1.32900000e-01, 0., 1.32900000e-01, 1.77200004e-01,
    0. ]
CalibrationFrameExtRotation: !!opencv-matrix
   rows: 3
   cols: 1
   dt: d
   data: [ 2.2497353403954636e+00, 1.8994122631047938e+00,
       -3.5426927038302969e-01 ]
CalibrationFrameExtTranslation: !!opencv-matrix
   rows: 3
   cols: 1
   dt: d
   data: [ -2.8674849214986536e-01, 2.6461431713315370e-01,
       1.2282009131002556e+00 ]
CalibrationFrameRMSerror: 1.5585666894912720e-01
