%YAML:1.0
---
CalibrationFramePatternImage: [ 1.13482231e+02, 5.83265915e+01,
    1.41934296e+02, 5.58023491e+01, 1.68887360e+02, 5.34997139e+01,
    1.94918930e+02, 5.14513016e+01, 2.19731812e+02, 4.94256783e+01,
    1.16954842e+02, 8.66774216e+01, 1.44929276e+02, 8.36724625e+01,
    1.71370850e+02, 8.07287827e+01, 1.96436096e+02, 7.79428406e+01,
    2.20715057e+02, 7.54689865e+01, 1.20384750e+02, 1.13658981e+02,
    1.47295395e+02, 1.10201492e+02, 1.73467865e+02, 1.06811798e+02,
    1.98250336e+02, 1.03351852e+02, 2.21798401e+02, 1.00224892e+02,
    1.23222862e+02, 1.39358231e+02, 1.49783966e+02, 1.35340622e+02,
    1.74959579e+02, 1.31451065e+02, 1.99225998e+02, 1.27888885e+02,
    2.22758347e+02, 1.24111115e+02 ]
CalibrationFramePatternWorld: [ 0., 0., 0., 0., 4.43000011e-02, 0., 0.,
    8.86000022e-02, 0., 0., 1.32900000e-01, 0., 0., 1.77200004e-01, 0.,
    4.43000011e-02, 0., 0., 4.43000011e-02, 4.43000011e-02, 0.,
    4.43000011e-02, 8.86000022e-02, 0., 4.43000011e-02, 1.32900000e-01,
    0., 4.43000011e-02, 1.77200004e-01, 0., 8.86000022e-02, 0., 0.,
    8.86000022e-02, 4.43000011e-02, 0., 8.86000022e-02, 8.86000022e-02,
    0., 8.86000022e-02, 1.32900000e-01, 0., 8.86000022e-02,
    1.77200004e-01, 0., 1.32900000e-01, 0., 0., 1.32900000e-01,
    4.43000011e-02, 0., 1.32900000e-01, 8.86000022e-02, 0.,
    1.32900000e-01, 1.32900000e-01, 0., 1.32900000e-01, 1.77200004e-01,
    0. ]
CalibrationFrameExtRotation: !!opencv-matrix
   rows: 3
   cols: 1
   dt: d
   data: [ 2.0883023720816967e+00, 1.8846538280861915e+00,
       1.2532016256439298e+00 ]
CalibrationFrameExtTranslation: !!opencv-matrix
   rows: 3
   cols: 1
   dt: d
   data: [ -3.6133074938591175e-01, -2.7441728561695650e-01,
       8.3247068139099134e-01 ]
CalibrationFrameRMSerror: 2.4102438986301422e-01
