%YAML:1.0
---
CalibrationFramePatternImage: [ 4.03931366e+02, 2.08926468e+02,
    4.24643280e+02, 2.16723480e+02, 4.45294830e+02, 2.24863220e+02,
    4.66126373e+02, 2.32886337e+02, 4.86944977e+02, 2.40646149e+02,
    3.95347900e+02, 2.29329910e+02, 4.15946442e+02, 2.37318878e+02,
    4.36671112e+02, 2.45048889e+02, 4.57000854e+02, 2.52653885e+02,
    4.77570557e+02, 2.60573151e+02, 3.86742310e+02, 2.49229553e+02,
    4.07366852e+02, 2.56980988e+02, 4.27889771e+02, 2.64894257e+02,
    4.48063507e+02, 2.72378296e+02, 4.68500000e+02, 2.80068420e+02,
    3.78458679e+02, 2.68728424e+02, 3.98713776e+02, 2.76304901e+02,
    4.18875244e+02, 2.83927368e+02, 4.39448608e+02, 2.91610352e+02,
    4.59491852e+02, 2.99073364e+02 ]
CalibrationFramePatternWorld: [ 0., 0., 0., 0., 4.43000011e-02, 0., 0.,
    8.86000022e-02, 0., 0., 1.32900000e-01, 0., 0., 1.77200004e-01, 0.,
    4.43000011e-02, 0., 0., 4.43000011e-02, 4.43000011e-02, 0.,
    4.43000011e-02, 8.86000022e-02, 0., 4.43000011e-02, 1.32900000e-01,
    0., 4.43000011e-02, 1.77200004e-01, 0., 8.86000022e-02, 0., 0.,
    8.86000022e-02, 4.43000011e-02, 0., 8.86000022e-02, 8.86000022e-02,
    0., 8.86000022e-02, 1.32900000e-01, 0., 8.86000022e-02,
    1.77200004e-01, 0., 1.32900000e-01, 0., 0., 1.32900000e-01,
    4.43000011e-02, 0., 1.32900000e-01, 8.86000022e-02, 0.,
    1.32900000e-01, 1.32900000e-01, 0., 1.32900000e-01, 1.77200004e-01,
    0. ]
CalibrationFrameExtRotation: !!opencv-matrix
   rows: 3
   cols: 1
   dt: d
   data: [ -1.6800363156742364e+00, -2.4583293780511988e+00,
       -2.8469323391303891e-01 ]
CalibrationFrameExtTranslation: !!opencv-matrix
   rows: 3
   cols: 1
   dt: d
   data: [ 1.0853839573838453e-01, -5.4165581131340373e-02,
       1.0845895628733848e+00 ]
CalibrationFrameRMSerror: 1.5184010565280914e-01
