%YAML:1.0
---
CalibrationFramePatternImage: [ 1.86031586e+02, 1.14794525e+02,
    2.61100555e+02, 1.03403137e+02, 3.34494324e+02, 9.25177231e+01,
    4.06234314e+02, 8.12603989e+01, 4.76555664e+02, 7.03073959e+01,
    2.00869171e+02, 1.88953369e+02, 2.74122314e+02, 1.76831696e+02,
    3.45531006e+02, 1.64855377e+02, 4.15207672e+02, 1.53321609e+02,
    4.84139740e+02, 1.41900848e+02, 2.15201569e+02, 2.58787750e+02,
    2.86299530e+02, 2.46408203e+02, 3.56073425e+02, 2.34162598e+02,
    4.24562378e+02, 2.21840698e+02, 4.91266876e+02, 2.09918274e+02,
    2.29111664e+02, 3.24618195e+02, 2.98106506e+02, 3.12227844e+02,
    3.65980927e+02, 2.99678467e+02, 4.32598938e+02, 2.87622711e+02,
    4.98289673e+02, 2.75732086e+02 ]
CalibrationFramePatternWorld: [ 0., 0., 0., 0., 4.43000011e-02, 0., 0.,
    8.86000022e-02, 0., 0., 1.32900000e-01, 0., 0., 1.77200004e-01, 0.,
    4.43000011e-02, 0., 0., 4.43000011e-02, 4.43000011e-02, 0.,
    4.43000011e-02, 8.86000022e-02, 0., 4.43000011e-02, 1.32900000e-01,
    0., 4.43000011e-02, 1.77200004e-01, 0., 8.86000022e-02, 0., 0.,
    8.86000022e-02, 4.43000011e-02, 0., 8.86000022e-02, 8.86000022e-02,
    0., 8.86000022e-02, 1.32900000e-01, 0., 8.86000022e-02,
    1.77200004e-01, 0., 1.32900000e-01, 0., 0., 1.32900000e-01,
    4.43000011e-02, 0., 1.32900000e-01, 8.86000022e-02, 0.,
    1.32900000e-01, 1.32900000e-01, 0., 1.32900000e-01, 1.77200004e-01,
    0. ]
CalibrationFrameExtRotation: !!opencv-matrix
   rows: 3
   cols: 1
   dt: d
   data: [ -2.3351902950922132e+00, -1.9789827271060243e+00,
       -3.3263776391688732e-01 ]
CalibrationFrameExtTranslation: !!opencv-matrix
   rows: 3
   cols: 1
   dt: d
   data: [ -9.5628835621900193e-02, -7.1830283423273938e-02,
       3.2183376526202945e-01 ]
CalibrationFrameRMSerror: 4.3133866786956787e-01
