%YAML:1.0
---
CalibrationFramePatternImage: [ 4.04535187e+02, 3.24620026e+02,
    4.26141327e+02, 3.20557770e+02, 4.47451599e+02, 3.16459290e+02,
    4.68911041e+02, 3.12225281e+02, 4.90302887e+02, 3.07843475e+02,
    4.09973053e+02, 3.45575989e+02, 4.31912781e+02, 3.41367554e+02,
    4.53758667e+02, 3.37214691e+02, 4.75287476e+02, 3.32986084e+02,
    4.97181305e+02, 3.28652039e+02, 4.15177734e+02, 3.67303589e+02,
    4.37758331e+02, 3.63068176e+02, 4.59985291e+02, 3.58706116e+02,
    4.82079315e+02, 3.54425476e+02, 5.04165070e+02, 3.50221680e+02,
    4.20912384e+02, 3.90200439e+02, 4.43543304e+02, 3.85714996e+02,
    4.66035980e+02, 3.81469177e+02, 4.88859528e+02, 3.76928680e+02,
    5.11131866e+02, 3.72526001e+02 ]
CalibrationFramePatternWorld: [ 0., 0., 0., 0., 4.43000011e-02, 0., 0.,
    8.86000022e-02, 0., 0., 1.32900000e-01, 0., 0., 1.77200004e-01, 0.,
    4.43000011e-02, 0., 0., 4.43000011e-02, 4.43000011e-02, 0.,
    4.43000011e-02, 8.86000022e-02, 0., 4.43000011e-02, 1.32900000e-01,
    0., 4.43000011e-02, 1.77200004e-01, 0., 8.86000022e-02, 0., 0.,
    8.86000022e-02, 4.43000011e-02, 0., 8.86000022e-02, 8.86000022e-02,
    0., 8.86000022e-02, 1.32900000e-01, 0., 8.86000022e-02,
    1.77200004e-01, 0., 1.32900000e-01, 0., 0., 1.32900000e-01,
    4.43000011e-02, 0., 1.32900000e-01, 8.86000022e-02, 0.,
    1.32900000e-01, 1.32900000e-01, 0., 1.32900000e-01, 1.77200004e-01,
    0. ]
CalibrationFrameExtRotation: !!opencv-matrix
   rows: 3
   cols: 1
   dt: d
   data: [ 2.1473682980434612e+00, 1.7623774010927538e+00,
       -4.5833913068317883e-01 ]
CalibrationFrameExtTranslation: !!opencv-matrix
   rows: 3
   cols: 1
   dt: d
   data: [ 1.1289661241469584e-01, 1.7893501188268673e-01,
       1.1139431315559356e+00 ]
CalibrationFrameRMSerror: 1.7192944884300232e-01
