%YAML:1.0
---
CalibrationFramePatternImage: [ 1.31674637e+02, 1.11506256e+02,
    1.49554413e+02, 1.15773193e+02, 1.67458908e+02, 1.20476028e+02,
    1.85418030e+02, 1.24858849e+02, 2.03333328e+02, 1.29496628e+02,
    1.26728958e+02, 1.28985794e+02, 1.44580536e+02, 1.33500000e+02,
    1.62587509e+02, 1.38072464e+02, 1.80540543e+02, 1.42604736e+02,
    1.98411301e+02, 1.47161575e+02, 1.22113335e+02, 1.46661118e+02,
    1.39692474e+02, 1.51378220e+02, 1.57646667e+02, 1.55703339e+02,
    1.75563751e+02, 1.60436249e+02, 1.93681213e+02, 1.64759506e+02,
    1.17529800e+02, 1.64573944e+02, 1.35354660e+02, 1.69384964e+02,
    1.53046021e+02, 1.73527496e+02, 1.71008804e+02, 1.78364136e+02,
    1.88977997e+02, 1.82642471e+02 ]
CalibrationFramePatternWorld: [ 0., 0., 0., 0., 4.43000011e-02, 0., 0.,
    8.86000022e-02, 0., 0., 1.32900000e-01, 0., 0., 1.77200004e-01, 0.,
    4.43000011e-02, 0., 0., 4.43000011e-02, 4.43000011e-02, 0.,
    4.43000011e-02, 8.86000022e-02, 0., 4.43000011e-02, 1.32900000e-01,
    0., 4.43000011e-02, 1.77200004e-01, 0., 8.86000022e-02, 0., 0.,
    8.86000022e-02, 4.43000011e-02, 0., 8.86000022e-02, 8.86000022e-02,
    0., 8.86000022e-02, 1.32900000e-01, 0., 8.86000022e-02,
    1.77200004e-01, 0., 1.32900000e-01, 0., 0., 1.32900000e-01,
    4.43000011e-02, 0., 1.32900000e-01, 8.86000022e-02, 0.,
    1.32900000e-01, 1.32900000e-01, 0., 1.32900000e-01, 1.77200004e-01,
    0. ]
CalibrationFrameExtRotation: !!opencv-matrix
   rows: 3
   cols: 1
   dt: d
   data: [ -1.9566572144934822e+00, -2.5141930941262913e+00,
       -1.1814686643673591e-02 ]
CalibrationFrameExtTranslation: !!opencv-matrix
   rows: 3
   cols: 1
   dt: d
   data: [ -5.2021308154580248e-01, -3.0120408473110533e-01,
       1.3066167549014056e+00 ]
CalibrationFrameRMSerror: 1.7437216639518738e-01
