%YAML:1.0
---
CalibrationFramePatternImage: [ 5.12136475e+02, 1.42610733e+02,
    5.30470581e+02, 1.41460785e+02, 5.48833862e+02, 1.40037399e+02,
    5.67586365e+02, 1.38928497e+02, 5.86188477e+02, 1.37233109e+02,
    5.13616150e+02, 1.61974197e+02, 5.32362671e+02, 1.60733978e+02,
    5.50686646e+02, 1.59240005e+02, 569., 158., 5.87437561e+02,
    1.56698151e+02, 5.14710938e+02, 1.81503876e+02, 5.33561646e+02,
    1.80008575e+02, 5.52317322e+02, 1.78552124e+02, 5.70675476e+02,
    1.77127609e+02, 5.88859436e+02, 1.75850342e+02, 5.15749207e+02,
    2.00874054e+02, 5.34643494e+02, 1.99460266e+02, 5.53441589e+02,
    1.97855621e+02, 5.71709717e+02, 1.96506622e+02, 5.90273254e+02,
    1.95034973e+02 ]
CalibrationFramePatternWorld: [ 0., 0., 0., 0., 4.43000011e-02, 0., 0.,
    8.86000022e-02, 0., 0., 1.32900000e-01, 0., 0., 1.77200004e-01, 0.,
    4.43000011e-02, 0., 0., 4.43000011e-02, 4.43000011e-02, 0.,
    4.43000011e-02, 8.86000022e-02, 0., 4.43000011e-02, 1.32900000e-01,
    0., 4.43000011e-02, 1.77200004e-01, 0., 8.86000022e-02, 0., 0.,
    8.86000022e-02, 4.43000011e-02, 0., 8.86000022e-02, 8.86000022e-02,
    0., 8.86000022e-02, 1.32900000e-01, 0., 8.86000022e-02,
    1.77200004e-01, 0., 1.32900000e-01, 0., 0., 1.32900000e-01,
    4.43000011e-02, 0., 1.32900000e-01, 8.86000022e-02, 0.,
    1.32900000e-01, 1.32900000e-01, 0., 1.32900000e-01, 1.77200004e-01,
    0. ]
CalibrationFrameExtRotation: !!opencv-matrix
   rows: 3
   cols: 1
   dt: d
   data: [ 2.2668523964491927e+00, 2.0818698777849711e+00,
       1.5909055875236713e-01 ]
CalibrationFrameExtTranslation: !!opencv-matrix
   rows: 3
   cols: 1
   dt: d
   data: [ 3.6784920376923963e-01, -2.1332907332625065e-01,
       1.2495750078646646e+00 ]
CalibrationFrameRMSerror: 2.4144582450389862e-01
