%YAML:1.0
---
CalibrationFramePatternImage: [ 4.37894012e+02, 1.67636017e+02,
    4.63703217e+02, 1.59885437e+02, 4.90263885e+02, 1.52086807e+02,
    5.17487976e+02, 1.43988800e+02, 5.45282227e+02, 1.35558365e+02,
    4.43642059e+02, 1.91522141e+02, 4.70022736e+02, 1.84042496e+02,
    4.96996613e+02, 1.76483566e+02, 5.24707886e+02, 1.68791519e+02,
    5.53050049e+02, 1.60666672e+02, 4.50063141e+02, 2.16258041e+02,
    4.76495117e+02, 2.09090652e+02, 5.03929535e+02, 2.01773483e+02,
    5.32077393e+02, 1.94027420e+02, 5.61068115e+02, 1.86265518e+02,
    4.56404816e+02, 2.41902161e+02, 4.83246429e+02, 2.34864685e+02,
    5.11187500e+02, 2.27795410e+02, 5.39563049e+02, 2.20431015e+02,
    5.68971558e+02, 2.12678650e+02 ]
CalibrationFramePatternWorld: [ 0., 0., 0., 0., 4.43000011e-02, 0., 0.,
    8.86000022e-02, 0., 0., 1.32900000e-01, 0., 0., 1.77200004e-01, 0.,
    4.43000011e-02, 0., 0., 4.43000011e-02, 4.43000011e-02, 0.,
    4.43000011e-02, 8.86000022e-02, 0., 4.43000011e-02, 1.32900000e-01,
    0., 4.43000011e-02, 1.77200004e-01, 0., 8.86000022e-02, 0., 0.,
    8.86000022e-02, 4.43000011e-02, 0., 8.86000022e-02, 8.86000022e-02,
    0., 8.86000022e-02, 1.32900000e-01, 0., 8.86000022e-02,
    1.77200004e-01, 0., 1.32900000e-01, 0., 0., 1.32900000e-01,
    4.43000011e-02, 0., 1.32900000e-01, 8.86000022e-02, 0.,
    1.32900000e-01, 1.32900000e-01, 0., 1.32900000e-01, 1.77200004e-01,
    0. ]
CalibrationFrameExtRotation: !!opencv-matrix
   rows: 3
   cols: 1
   dt: d
   data: [ -2.3599561247517493e+00, -1.8667128908347090e+00,
       5.8229328331815022e-01 ]
CalibrationFrameExtTranslation: !!opencv-matrix
   rows: 3
   cols: 1
   dt: d
   data: [ 1.5178759887658022e-01, -1.1776140550815137e-01,
       9.4014451821470935e-01 ]
CalibrationFrameRMSerror: 1.6470602154731750e-01
