%YAML:1.0
---
CalibrationFramePatternImage: [ 7.52337875e+01, 6.99644165e+01,
    1.08819519e+02, 6.53523331e+01, 1.42706207e+02, 6.05713692e+01,
    1.76985733e+02, 5.61527939e+01, 2.11481995e+02, 5.19530983e+01,
    7.61951981e+01, 1.01356926e+02, 1.10434586e+02, 9.65199966e+01,
    1.44768372e+02, 9.17982559e+01, 1.79593399e+02, 8.75211868e+01,
    2.14627136e+02, 8.34119644e+01, 7.79179993e+01, 1.33680191e+02,
    1.12262558e+02, 1.28884140e+02, 1.47022125e+02, 1.24300407e+02,
    1.82321121e+02, 1.20017990e+02, 2.17815247e+02, 1.15776657e+02,
    7.97395782e+01, 1.67063248e+02, 1.14476944e+02, 1.62513733e+02,
    1.49867584e+02, 1.57994125e+02, 1.85371674e+02, 1.53695160e+02,
    2.21252914e+02, 1.49441406e+02 ]
CalibrationFramePatternWorld: [ 0., 0., 0., 0., 4.43000011e-02, 0., 0.,
    8.86000022e-02, 0., 0., 1.32900000e-01, 0., 0., 1.77200004e-01, 0.,
    4.43000011e-02, 0., 0., 4.43000011e-02, 4.43000011e-02, 0.,
    4.43000011e-02, 8.86000022e-02, 0., 4.43000011e-02, 1.32900000e-01,
    0., 4.43000011e-02, 1.77200004e-01, 0., 8.86000022e-02, 0., 0.,
    8.86000022e-02, 4.43000011e-02, 0., 8.86000022e-02, 8.86000022e-02,
    0., 8.86000022e-02, 1.32900000e-01, 0., 8.86000022e-02,
    1.77200004e-01, 0., 1.32900000e-01, 0., 0., 1.32900000e-01,
    4.43000011e-02, 0., 1.32900000e-01, 8.86000022e-02, 0.,
    1.32900000e-01, 1.32900000e-01, 0., 1.32900000e-01, 1.77200004e-01,
    0. ]
CalibrationFrameExtRotation: !!opencv-matrix
   rows: 3
   cols: 1
   dt: d
   data: [ 2.2215464624732113e+00, 1.9575717811122246e+00,
       -1.1981564379976993e-01 ]
CalibrationFrameExtTranslation: !!opencv-matrix
   rows: 3
   cols: 1
   dt: d
   data: [ -3.1237285444685314e-01, -2.3651332917259785e-01,
       1.0073419147641296e+00 ]
CalibrationFrameRMSerror: 1.3123232126235962e-01
