%YAML:1.0
---
CalibrationFramePatternImage: [ 2.43348572e+02, 1.14301109e+02,
    2.70521759e+02, 1.13841385e+02, 2.97710785e+02, 1.13191788e+02,
    3.24496399e+02, 1.12910072e+02, 3.51059692e+02, 1.12537315e+02,
    2.43922379e+02, 1.41223831e+02, 2.71041077e+02, 1.40648804e+02,
    2.98057892e+02, 1.40101761e+02, 3.24981415e+02, 1.39559479e+02,
    3.51706360e+02, 1.39031128e+02, 2.44346802e+02, 1.68330994e+02,
    2.71541290e+02, 1.67619720e+02, 2.98730896e+02, 1.66899994e+02,
    3.25578918e+02, 1.66165756e+02, 3.52219452e+02, 1.65571243e+02,
    2.45047867e+02, 1.95391846e+02, 2.72062225e+02, 1.94466187e+02,
    2.99174896e+02, 1.93810486e+02, 3.26086273e+02, 1.92943924e+02,
    3.52679810e+02, 1.92244354e+02 ]
CalibrationFramePatternWorld: [ 0., 0., 0., 0., 4.43000011e-02, 0., 0.,
    8.86000022e-02, 0., 0., 1.32900000e-01, 0., 0., 1.77200004e-01, 0.,
    4.43000011e-02, 0., 0., 4.43000011e-02, 4.43000011e-02, 0.,
    4.43000011e-02, 8.86000022e-02, 0., 4.43000011e-02, 1.32900000e-01,
    0., 4.43000011e-02, 1.77200004e-01, 0., 8.86000022e-02, 0., 0.,
    8.86000022e-02, 4.43000011e-02, 0., 8.86000022e-02, 8.86000022e-02,
    0., 8.86000022e-02, 1.32900000e-01, 0., 8.86000022e-02,
    1.77200004e-01, 0., 1.32900000e-01, 0., 0., 1.32900000e-01,
    4.43000011e-02, 0., 1.32900000e-01, 8.86000022e-02, 0.,
    1.32900000e-01, 1.32900000e-01, 0., 1.32900000e-01, 1.77200004e-01,
    0. ]
CalibrationFrameExtRotation: !!opencv-matrix
   rows: 3
   cols: 1
   dt: d
   data: [ 2.2443466823839540e+00, 2.1828474919369096e+00,
       2.8817044604767789e-01 ]
CalibrationFrameExtTranslation: !!opencv-matrix
   rows: 3
   cols: 1
   dt: d
   data: [ -1.2349629112700684e-01, -2.2694487907338654e-01,
       1.3226434073423134e+00 ]
CalibrationFrameRMSerror: 1.2219102680683136e-01
