%YAML:1.0
---
CalibrationFramePatternImage: [ 4.28771790e+02, 2.70909943e+02,
    4.61317108e+02, 2.66601288e+02, 4.92762817e+02, 2.62876251e+02,
    5.23006714e+02, 2.59081299e+02, 5.52230164e+02, 2.55249161e+02,
    4.30148590e+02, 3.05969086e+02, 4.62556396e+02, 3.01500000e+02,
    4.94003082e+02, 2.97049194e+02, 5.23926636e+02, 2.92810638e+02,
    5.52628357e+02, 2.88491394e+02, 4.31133179e+02, 3.40043976e+02,
    4.63445587e+02, 3.35136444e+02, 4.94238800e+02, 3.30389496e+02,
    5.24130859e+02, 3.25555084e+02, 5.52664185e+02, 3.20719788e+02,
    4.31511963e+02, 3.73221222e+02, 4.63369171e+02, 3.67965546e+02,
    4.94085876e+02, 3.62635284e+02, 5.23774414e+02, 3.57514679e+02,
    5.52364624e+02, 3.52397980e+02 ]
CalibrationFramePatternWorld: [ 0., 0., 0., 0., 4.43000011e-02, 0., 0.,
    8.86000022e-02, 0., 0., 1.32900000e-01, 0., 0., 1.77200004e-01, 0.,
    4.43000011e-02, 0., 0., 4.43000011e-02, 4.43000011e-02, 0.,
    4.43000011e-02, 8.86000022e-02, 0., 4.43000011e-02, 1.32900000e-01,
    0., 4.43000011e-02, 1.77200004e-01, 0., 8.86000022e-02, 0., 0.,
    8.86000022e-02, 4.43000011e-02, 0., 8.86000022e-02, 8.86000022e-02,
    0., 8.86000022e-02, 1.32900000e-01, 0., 8.86000022e-02,
    1.77200004e-01, 0., 1.32900000e-01, 0., 0., 1.32900000e-01,
    4.43000011e-02, 0., 1.32900000e-01, 8.86000022e-02, 0.,
    1.32900000e-01, 1.32900000e-01, 0., 1.32900000e-01, 1.77200004e-01,
    0. ]
CalibrationFrameExtRotation: !!opencv-matrix
   rows: 3
   cols: 1
   dt: d
   data: [ 2.2365252814046195e+00, 2.0536983423685045e+00,
       4.6171155203812392e-01 ]
CalibrationFrameExtTranslation: !!opencv-matrix
   rows: 3
   cols: 1
   dt: d
   data: [ 1.3315739737038360e-01, 2.1454269294285594e-02,
       1.0008429220111950e+00 ]
CalibrationFrameRMSerror: 2.6104092597961426e-01
