%YAML:1.0
---
CalibrationFramePatternImage: [ 3.79208008e+02, 2.68437592e+02,
    4.11444916e+02, 2.78660217e+02, 4.44026398e+02, 2.89038788e+02,
    4.77384918e+02, 2.99610504e+02, 5.10910034e+02, 3.10335114e+02,
    3.70631897e+02, 3.01271729e+02, 4.02386688e+02, 3.11740112e+02,
    4.34709564e+02, 3.22577728e+02, 4.67676086e+02, 3.33453094e+02,
    5.01089355e+02, 3.44509674e+02, 3.62221283e+02, 3.33192596e+02,
    3.93659119e+02, 3.44223938e+02, 4.25563812e+02, 3.55233856e+02,
    4.58113708e+02, 3.66488953e+02, 4.91157471e+02, 3.77757477e+02,
    3.54337738e+02, 3.64469208e+02, 3.85110748e+02, 3.75693268e+02,
    4.16738068e+02, 3.87019531e+02, 4.48807251e+02, 3.98514160e+02,
    4.81339417e+02, 4.10023987e+02 ]
CalibrationFramePatternWorld: [ 0., 0., 0., 0., 4.43000011e-02, 0., 0.,
    8.86000022e-02, 0., 0., 1.32900000e-01, 0., 0., 1.77200004e-01, 0.,
    4.43000011e-02, 0., 0., 4.43000011e-02, 4.43000011e-02, 0.,
    4.43000011e-02, 8.86000022e-02, 0., 4.43000011e-02, 1.32900000e-01,
    0., 4.43000011e-02, 1.77200004e-01, 0., 8.86000022e-02, 0., 0.,
    8.86000022e-02, 4.43000011e-02, 0., 8.86000022e-02, 8.86000022e-02,
    0., 8.86000022e-02, 1.32900000e-01, 0., 8.86000022e-02,
    1.77200004e-01, 0., 1.32900000e-01, 0., 0., 1.32900000e-01,
    4.43000011e-02, 0., 1.32900000e-01, 8.86000022e-02, 0.,
    1.32900000e-01, 1.32900000e-01, 0., 1.32900000e-01, 1.77200004e-01,
    0. ]
CalibrationFrameExtRotation: !!opencv-matrix
   rows: 3
   cols: 1
   dt: d
   data: [ -1.6527296283191824e+00, -2.1737530899854880e+00,
       2.6726257790638547e-01 ]
CalibrationFrameExtTranslation: !!opencv-matrix
   rows: 3
   cols: 1
   dt: d
   data: [ 7.5302787360596452e-02, 1.9087512352455729e-02,
       1.0421957603310650e+00 ]
CalibrationFrameRMSerror: 1.8046283721923828e-01
