%YAML:1.0
---
CalibrationFramePatternImage: [ 1.93616150e+02, 6.56012802e+01,
    2.40897842e+02, 5.92149239e+01, 2.89084045e+02, 5.28736992e+01,
    3.38134674e+02, 4.70097961e+01, 3.87492218e+02, 4.14884834e+01,
    1.95615601e+02, 1.11318565e+02, 2.43548416e+02, 1.05182663e+02,
    2.92494049e+02, 9.93375168e+01, 3.42304169e+02, 9.36789322e+01,
    3.92519867e+02, 8.85239105e+01, 1.98061905e+02, 1.58392502e+02,
    2.46457138e+02, 1.52735901e+02, 2.96080444e+02, 1.47295013e+02,
    3.46450043e+02, 1.42043015e+02, 3.97274323e+02, 1.37048645e+02,
    2.00886230e+02, 2.06983963e+02, 2.49679016e+02, 2.01979019e+02,
    2.99636566e+02, 1.97012955e+02, 3.50499054e+02, 1.92043884e+02,
    4.01888794e+02, 1.87179749e+02 ]
CalibrationFramePatternWorld: [ 0., 0., 0., 0., 4.43000011e-02, 0., 0.,
    8.86000022e-02, 0., 0., 1.32900000e-01, 0., 0., 1.77200004e-01, 0.,
    4.43000011e-02, 0., 0., 4.43000011e-02, 4.43000011e-02, 0.,
    4.43000011e-02, 8.86000022e-02, 0., 4.43000011e-02, 1.32900000e-01,
    0., 4.43000011e-02, 1.77200004e-01, 0., 8.86000022e-02, 0., 0.,
    8.86000022e-02, 4.43000011e-02, 0., 8.86000022e-02, 8.86000022e-02,
    0., 8.86000022e-02, 1.32900000e-01, 0., 8.86000022e-02,
    1.77200004e-01, 0., 1.32900000e-01, 0., 0., 1.32900000e-01,
    4.43000011e-02, 0., 1.32900000e-01, 8.86000022e-02, 0.,
    1.32900000e-01, 1.32900000e-01, 0., 1.32900000e-01, 1.77200004e-01,
    0. ]
CalibrationFrameExtRotation: !!opencv-matrix
   rows: 3
   cols: 1
   dt: d
   data: [ 2.3261629938235822e+00, 2.1402574223035042e+00,
       -2.5677101387112394e-01 ]
CalibrationFrameExtTranslation: !!opencv-matrix
   rows: 3
   cols: 1
   dt: d
   data: [ -1.1469511118286385e-01, -1.7295793502214363e-01,
       7.3593553185832461e-01 ]
CalibrationFrameRMSerror: 1.6657021641731262e-01
