%YAML:1.0
---
CalibrationFramePatternImage: [ 4.57188843e+02, 2.42968384e+02,
    4.90738556e+02, 2.51328033e+02, 5.23877441e+02, 2.59459381e+02,
    5.56137451e+02, 2.67493744e+02, 5.87601318e+02, 2.75337494e+02,
    4.48509155e+02, 2.77040009e+02, 4.82145569e+02, 2.85135529e+02,
    5.15109375e+02, 2.93020111e+02, 5.47453857e+02, 3.00714478e+02,
    5.78659363e+02, 3.08112976e+02, 4.39817352e+02, 3.10595062e+02,
    4.73237457e+02, 3.18414368e+02, 5.06071472e+02, 3.26076324e+02,
    5.38157410e+02, 3.33235504e+02, 5.69530457e+02, 3.40520264e+02,
    4.30876221e+02, 3.43512817e+02, 4.64192749e+02, 3.51002838e+02,
    4.96855133e+02, 3.58139465e+02, 5.28827148e+02, 3.65248627e+02,
    5.60084534e+02, 3.72091248e+02 ]
CalibrationFramePatternWorld: [ 0., 0., 0., 0., 4.43000011e-02, 0., 0.,
    8.86000022e-02, 0., 0., 1.32900000e-01, 0., 0., 1.77200004e-01, 0.,
    4.43000011e-02, 0., 0., 4.43000011e-02, 4.43000011e-02, 0.,
    4.43000011e-02, 8.86000022e-02, 0., 4.43000011e-02, 1.32900000e-01,
    0., 4.43000011e-02, 1.77200004e-01, 0., 8.86000022e-02, 0., 0.,
    8.86000022e-02, 4.43000011e-02, 0., 8.86000022e-02, 8.86000022e-02,
    0., 8.86000022e-02, 1.32900000e-01, 0., 8.86000022e-02,
    1.77200004e-01, 0., 1.32900000e-01, 0., 0., 1.32900000e-01,
    4.43000011e-02, 0., 1.32900000e-01, 8.86000022e-02, 0.,
    1.32900000e-01, 1.32900000e-01, 0., 1.32900000e-01, 1.77200004e-01,
    0. ]
CalibrationFrameExtRotation: !!opencv-matrix
   rows: 3
   cols: 1
   dt: d
   data: [ 2.0183904781626989e+00, 2.5528556791002051e+00,
       1.1110165974898047e-01 ]
CalibrationFrameExtTranslation: !!opencv-matrix
   rows: 3
   cols: 1
   dt: d
   data: [ 1.7220791011008396e-01, -1.2665038150018987e-02,
       1.0224946842627736e+00 ]
CalibrationFrameRMSerror: 1.6558475792407990e-01
