%YAML:1.0
---
CalibrationFramePatternImage: [ 2.70714264e+02, 1.69750961e+02,
    3.09696320e+02, 1.63214813e+02, 3.47843658e+02, 1.57035080e+02,
    3.84667877e+02, 1.51345367e+02, 4.20013489e+02, 1.46067657e+02,
    2.76549713e+02, 2.10589752e+02, 3.15357910e+02, 2.03474457e+02,
    3.53143158e+02, 1.96618637e+02, 3.89395538e+02, 1.90216064e+02,
    4.24357025e+02, 1.84072861e+02, 2.82390228e+02, 2.50105591e+02,
    3.20694153e+02, 2.42525757e+02, 3.57886139e+02, 2.35235977e+02,
    3.93793732e+02, 2.27968613e+02, 4.28357483e+02, 2.21288589e+02,
    2.87911255e+02, 2.88756195e+02, 3.25539154e+02, 2.80564514e+02,
    3.62148895e+02, 2.72711853e+02, 3.97545837e+02, 2.65070129e+02,
    4.31764862e+02, 2.57828705e+02 ]
CalibrationFramePatternWorld: [ 0., 0., 0., 0., 4.43000011e-02, 0., 0.,
    8.86000022e-02, 0., 0., 1.32900000e-01, 0., 0., 1.77200004e-01, 0.,
    4.43000011e-02, 0., 0., 4.43000011e-02, 4.43000011e-02, 0.,
    4.43000011e-02, 8.86000022e-02, 0., 4.43000011e-02, 1.32900000e-01,
    0., 4.43000011e-02, 1.77200004e-01, 0., 8.86000022e-02, 0., 0.,
    8.86000022e-02, 4.43000011e-02, 0., 8.86000022e-02, 8.86000022e-02,
    0., 8.86000022e-02, 1.32900000e-01, 0., 8.86000022e-02,
    1.77200004e-01, 0., 1.32900000e-01, 0., 0., 1.32900000e-01,
    4.43000011e-02, 0., 1.32900000e-01, 8.86000022e-02, 0.,
    1.32900000e-01, 1.32900000e-01, 0., 1.32900000e-01, 1.77200004e-01,
    0. ]
CalibrationFrameExtRotation: !!opencv-matrix
   rows: 3
   cols: 1
   dt: d
   data: [ 2.2955246432134002e+00, 1.9441863988670698e+00,
       5.5553025430449510e-01 ]
CalibrationFrameExtTranslation: !!opencv-matrix
   rows: 3
   cols: 1
   dt: d
   data: [ -5.1706606491793580e-02, -8.9416574373530386e-02,
       8.7720904053179194e-01 ]
CalibrationFrameRMSerror: 2.6476016640663147e-01
