%YAML:1.0
---
CalibrationFramePatternImage: [ 3.82592743e+02, 2.20700989e+02,
    4.33474396e+02, 2.27571869e+02, 4.82283691e+02, 2.34280899e+02,
    5.28338623e+02, 2.40900864e+02, 5.72141418e+02, 2.47264618e+02,
    3.75055542e+02, 2.75003448e+02, 4.26210815e+02, 2.80967346e+02,
    4.75042755e+02, 2.86556763e+02, 5.21244629e+02, 2.91737427e+02,
    5.65104370e+02, 2.96787170e+02, 3.67314392e+02, 3.27929443e+02,
    4.18258698e+02, 3.33057251e+02, 4.66920135e+02, 3.37658875e+02,
    5.13082947e+02, 3.41750061e+02, 5.56663025e+02, 3.45520416e+02,
    3.58837494e+02, 3.79533875e+02, 4.09376526e+02, 3.83641174e+02,
    4.57784119e+02, 3.87118896e+02, 5.03765411e+02, 3.90325287e+02,
    5.47423767e+02, 3.93214935e+02 ]
CalibrationFramePatternWorld: [ 0., 0., 0., 0., 4.43000011e-02, 0., 0.,
    8.86000022e-02, 0., 0., 1.32900000e-01, 0., 0., 1.77200004e-01, 0.,
    4.43000011e-02, 0., 0., 4.43000011e-02, 4.43000011e-02, 0.,
    4.43000011e-02, 8.86000022e-02, 0., 4.43000011e-02, 1.32900000e-01,
    0., 4.43000011e-02, 1.77200004e-01, 0., 8.86000022e-02, 0., 0.,
    8.86000022e-02, 4.43000011e-02, 0., 8.86000022e-02, 8.86000022e-02,
    0., 8.86000022e-02, 1.32900000e-01, 0., 8.86000022e-02,
    1.77200004e-01, 0., 1.32900000e-01, 0., 0., 1.32900000e-01,
    4.43000011e-02, 0., 1.32900000e-01, 8.86000022e-02, 0.,
    1.32900000e-01, 1.32900000e-01, 0., 1.32900000e-01, 1.77200004e-01,
    0. ]
CalibrationFrameExtRotation: !!opencv-matrix
   rows: 3
   cols: 1
   dt: d
   data: [ 2.0016492630403619e+00, 2.2820557614968511e+00,
       3.1614489024324477e-01 ]
CalibrationFrameExtTranslation: !!opencv-matrix
   rows: 3
   cols: 1
   dt: d
   data: [ 5.0909824245568454e-02, -2.6426479198084246e-02,
       6.6441324736349994e-01 ]
CalibrationFrameRMSerror: 3.8608038425445557e-01
