%YAML:1.0
---
CalibrationFramePatternImage: [ 4.06824677e+02, 2.26079712e+02,
    4.41949097e+02, 2.33215607e+02, 4.76980103e+02, 2.40437271e+02,
    5.11752106e+02, 2.47850403e+02, 5.46125305e+02, 2.55174332e+02,
    3.99869507e+02, 2.58801758e+02, 4.34664368e+02, 2.65931335e+02,
    4.69157959e+02, 2.73205353e+02, 5.03430267e+02, 2.80351593e+02,
    5.37386230e+02, 2.87425598e+02, 3.93042480e+02, 2.90235046e+02,
    4.27115570e+02, 2.97417633e+02, 4.61312561e+02, 3.04526794e+02,
    4.95193207e+02, 3.11417877e+02, 5.28604370e+02, 3.18396912e+02,
    3.86397980e+02, 3.20303528e+02, 4.20057953e+02, 3.27391541e+02,
    4.53470673e+02, 3.34502502e+02, 4.86791626e+02, 3.41348846e+02,
    5.19836487e+02, 3.48156281e+02 ]
CalibrationFramePatternWorld: [ 0., 0., 0., 0., 4.43000011e-02, 0., 0.,
    8.86000022e-02, 0., 0., 1.32900000e-01, 0., 0., 1.77200004e-01, 0.,
    4.43000011e-02, 0., 0., 4.43000011e-02, 4.43000011e-02, 0.,
    4.43000011e-02, 8.86000022e-02, 0., 4.43000011e-02, 1.32900000e-01,
    0., 4.43000011e-02, 1.77200004e-01, 0., 8.86000022e-02, 0., 0.,
    8.86000022e-02, 4.43000011e-02, 0., 8.86000022e-02, 8.86000022e-02,
    0., 8.86000022e-02, 1.32900000e-01, 0., 8.86000022e-02,
    1.77200004e-01, 0., 1.32900000e-01, 0., 0., 1.32900000e-01,
    4.43000011e-02, 0., 1.32900000e-01, 8.86000022e-02, 0.,
    1.32900000e-01, 1.32900000e-01, 0., 1.32900000e-01, 1.77200004e-01,
    0. ]
CalibrationFrameExtRotation: !!opencv-matrix
   rows: 3
   cols: 1
   dt: d
   data: [ -1.7601258286222852e+00, -2.1253448306199454e+00,
       -2.4527581378874339e-01 ]
CalibrationFrameExtTranslation: !!opencv-matrix
   rows: 3
   cols: 1
   dt: d
   data: [ 1.0645693435763127e-01, -3.3767764019209570e-02,
       1.0059496733151969e+00 ]
CalibrationFrameRMSerror: 1.9961346685886383e-01
