%YAML:1.0
---
CalibrationFramePatternImage: [ 1.52432465e+02, 1.60445862e+02,
    2.01335236e+02, 1.60337524e+02, 2.49134094e+02, 1.60636841e+02,
    2.95425873e+02, 1.61066391e+02, 3.39627594e+02, 1.61568024e+02,
    1.50147110e+02, 2.09486786e+02, 1.98545319e+02, 2.08730804e+02,
    2.45624664e+02, 2.08058044e+02, 2.91074524e+02, 2.07325424e+02,
    3.34768433e+02, 2.06825912e+02, 1.48315369e+02, 2.56495605e+02,
    1.95926102e+02, 2.55108749e+02, 2.42241486e+02, 2.53546158e+02,
    2.86947601e+02, 2.51976669e+02, 3.29959961e+02, 2.50491180e+02,
    1.46641190e+02, 3.01476196e+02, 1.93152969e+02, 2.99263367e+02,
    2.38584595e+02, 2.96982025e+02, 2.82533752e+02, 2.94748383e+02,
    3.24825500e+02, 2.92466064e+02 ]
CalibrationFramePatternWorld: [ 0., 0., 0., 0., 4.43000011e-02, 0., 0.,
    8.86000022e-02, 0., 0., 1.32900000e-01, 0., 0., 1.77200004e-01, 0.,
    4.43000011e-02, 0., 0., 4.43000011e-02, 4.43000011e-02, 0.,
    4.43000011e-02, 8.86000022e-02, 0., 4.43000011e-02, 1.32900000e-01,
    0., 4.43000011e-02, 1.77200004e-01, 0., 8.86000022e-02, 0., 0.,
    8.86000022e-02, 4.43000011e-02, 0., 8.86000022e-02, 8.86000022e-02,
    0., 8.86000022e-02, 1.32900000e-01, 0., 8.86000022e-02,
    1.77200004e-01, 0., 1.32900000e-01, 0., 0., 1.32900000e-01,
    4.43000011e-02, 0., 1.32900000e-01, 8.86000022e-02, 0.,
    1.32900000e-01, 1.32900000e-01, 0., 1.32900000e-01, 1.77200004e-01,
    0. ]
CalibrationFrameExtRotation: !!opencv-matrix
   rows: 3
   cols: 1
   dt: d
   data: [ -2.1312673580689783e+00, -2.2127407642602712e+00,
       -8.2555498573621466e-01 ]
CalibrationFrameExtTranslation: !!opencv-matrix
   rows: 3
   cols: 1
   dt: d
   data: [ -1.4433314063964980e-01, -8.0659251006985747e-02,
       7.0106991695503129e-01 ]
CalibrationFrameRMSerror: 2.4003243446350098e-01
