%YAML:1.0
---
CalibrationFramePatternImage: [ 6.07618446e+01, 1.11072517e+02,
    9.24821396e+01, 1.00362244e+02, 1.23192863e+02, 9.01887970e+01,
    1.53231018e+02, 8.08830719e+01, 1.82082108e+02, 7.19120255e+01,
    6.52912903e+01, 1.43654648e+02, 9.62958069e+01, 1.32562469e+02,
    1.26533051e+02, 1.22060867e+02, 1.55673004e+02, 1.12014153e+02,
    1.83880875e+02, 1.02452980e+02, 6.94547501e+01, 1.74862671e+02,
    9.99612045e+01, 1.63469833e+02, 1.29513290e+02, 1.52453140e+02,
    1.57932251e+02, 1.41836029e+02, 1.85351852e+02, 1.31833328e+02,
    7.32197723e+01, 2.04416061e+02, 1.02927040e+02, 1.92557220e+02,
    1.31606674e+02, 1.81282211e+02, 1.59629456e+02, 1.70483780e+02,
    1.86759415e+02, 1.59983704e+02 ]
CalibrationFramePatternWorld: [ 0., 0., 0., 0., 4.43000011e-02, 0., 0.,
    8.86000022e-02, 0., 0., 1.32900000e-01, 0., 0., 1.77200004e-01, 0.,
    4.43000011e-02, 0., 0., 4.43000011e-02, 4.43000011e-02, 0.,
    4.43000011e-02, 8.86000022e-02, 0., 4.43000011e-02, 1.32900000e-01,
    0., 4.43000011e-02, 1.77200004e-01, 0., 8.86000022e-02, 0., 0.,
    8.86000022e-02, 4.43000011e-02, 0., 8.86000022e-02, 8.86000022e-02,
    0., 8.86000022e-02, 1.32900000e-01, 0., 8.86000022e-02,
    1.77200004e-01, 0., 1.32900000e-01, 0., 0., 1.32900000e-01,
    4.43000011e-02, 0., 1.32900000e-01, 8.86000022e-02, 0.,
    1.32900000e-01, 1.32900000e-01, 0., 1.32900000e-01, 1.77200004e-01,
    0. ]
CalibrationFrameExtRotation: !!opencv-matrix
   rows: 3
   cols: 1
   dt: d
   data: [ 2.1250531676802074e+00, 1.7123399276334268e+00,
       1.3861020027351940e+00 ]
CalibrationFrameExtTranslation: !!opencv-matrix
   rows: 3
   cols: 1
   dt: d
   data: [ -3.0819796461122601e-01, -1.7053161436696762e-01,
       9.4137805399954833e-01 ]
CalibrationFrameRMSerror: 3.0968660116195679e-01
