%YAML:1.0
---
CalibrationFramePatternImage: [ 1.45553879e+02, 1.37849884e+02,
    1.87252106e+02, 1.32925751e+02, 2.28689301e+02, 1.28094147e+02,
    2.69755249e+02, 1.23713173e+02, 3.10230591e+02, 1.19548500e+02,
    1.50526932e+02, 1.79618744e+02, 1.92030029e+02, 1.74425339e+02,
    2.33581116e+02, 1.69429916e+02, 2.74574097e+02, 1.64619476e+02,
    3.14911865e+02, 1.60041580e+02, 1.55703934e+02, 2.20872162e+02,
    1.97094559e+02, 2.15644089e+02, 2.38373840e+02, 2.10513901e+02,
    2.79160004e+02, 2.05325104e+02, 3.19497589e+02, 2.00385406e+02,
    1.61168518e+02, 2.61927704e+02, 2.02301895e+02, 2.56400146e+02,
    2.43281967e+02, 2.51047348e+02, 2.83848755e+02, 2.45758011e+02,
    3.23743866e+02, 2.40614197e+02 ]
CalibrationFramePatternWorld: [ 0., 0., 0., 0., 4.43000011e-02, 0., 0.,
    8.86000022e-02, 0., 0., 1.32900000e-01, 0., 0., 1.77200004e-01, 0.,
    4.43000011e-02, 0., 0., 4.43000011e-02, 4.43000011e-02, 0.,
    4.43000011e-02, 8.86000022e-02, 0., 4.43000011e-02, 1.32900000e-01,
    0., 4.43000011e-02, 1.77200004e-01, 0., 8.86000022e-02, 0., 0.,
    8.86000022e-02, 4.43000011e-02, 0., 8.86000022e-02, 8.86000022e-02,
    0., 8.86000022e-02, 1.32900000e-01, 0., 8.86000022e-02,
    1.77200004e-01, 0., 1.32900000e-01, 0., 0., 1.32900000e-01,
    4.43000011e-02, 0., 1.32900000e-01, 8.86000022e-02, 0.,
    1.32900000e-01, 1.32900000e-01, 0., 1.32900000e-01, 1.77200004e-01,
    0. ]
CalibrationFrameExtRotation: !!opencv-matrix
   rows: 3
   cols: 1
   dt: d
   data: [ 2.2938251591512659e+00, 2.0293459406336254e+00,
       3.3970479820291311e-01 ]
CalibrationFrameExtTranslation: !!opencv-matrix
   rows: 3
   cols: 1
   dt: d
   data: [ -1.8217900016732033e-01, -1.2179723257486721e-01,
       8.4804149429395437e-01 ]
CalibrationFrameRMSerror: 1.2520143389701843e-01
