%YAML:1.0
---
CalibrationFramePatternImage: [ 3.75484009e+02, 9.02043915e+01,
    4.12616760e+02, 9.76313934e+01, 4.49290466e+02, 1.05201569e+02,
    4.84896912e+02, 1.12736610e+02, 5.19343445e+02, 1.20240570e+02,
    3.67716766e+02, 1.27511978e+02, 4.04828217e+02, 1.34625290e+02,
    4.41182648e+02, 1.41856567e+02, 4.76783752e+02, 1.48918320e+02,
    5.11061615e+02, 1.55974167e+02, 3.59999969e+02, 1.64359177e+02,
    3.96940796e+02, 1.71185440e+02, 4.33134186e+02, 1.77861176e+02,
    4.68316376e+02, 1.84448837e+02, 5.02648773e+02, 1.90929321e+02,
    3.52273987e+02, 2.00446411e+02, 3.88793701e+02, 2.06850159e+02,
    4.24739044e+02, 2.13126022e+02, 4.59646729e+02, 2.19303650e+02,
    4.93849396e+02, 2.25455185e+02 ]
CalibrationFramePatternWorld: [ 0., 0., 0., 0., 4.43000011e-02, 0., 0.,
    8.86000022e-02, 0., 0., 1.32900000e-01, 0., 0., 1.77200004e-01, 0.,
    4.43000011e-02, 0., 0., 4.43000011e-02, 4.43000011e-02, 0.,
    4.43000011e-02, 8.86000022e-02, 0., 4.43000011e-02, 1.32900000e-01,
    0., 4.43000011e-02, 1.77200004e-01, 0., 8.86000022e-02, 0., 0.,
    8.86000022e-02, 4.43000011e-02, 0., 8.86000022e-02, 8.86000022e-02,
    0., 8.86000022e-02, 1.32900000e-01, 0., 8.86000022e-02,
    1.77200004e-01, 0., 1.32900000e-01, 0., 0., 1.32900000e-01,
    4.43000011e-02, 0., 1.32900000e-01, 8.86000022e-02, 0.,
    1.32900000e-01, 1.32900000e-01, 0., 1.32900000e-01, 1.77200004e-01,
    0. ]
CalibrationFrameExtRotation: !!opencv-matrix
   rows: 3
   cols: 1
   dt: d
   data: [ 2.0800918263245070e+00, 2.4937223096778323e+00,
       4.7044885463726749e-01 ]
CalibrationFrameExtTranslation: !!opencv-matrix
   rows: 3
   cols: 1
   dt: d
   data: [ 6.3774922706000853e-02, -1.8699963246362133e-01,
       9.2675752470823325e-01 ]
CalibrationFrameRMSerror: 1.3948023319244385e-01
