%YAML:1.0
---
CalibrationFramePatternImage: [ 4.35998413e+02, 2.46699890e+02,
    4.68002899e+02, 2.59358948e+02, 5.00214020e+02, 2.72130524e+02,
    5.32406006e+02, 2.84827209e+02, 5.64758484e+02, 2.97679840e+02,
    4.24327301e+02, 2.78520569e+02, 4.56138519e+02, 2.91273376e+02,
    4.88273071e+02, 3.04146881e+02, 5.20266907e+02, 3.16935455e+02,
    5.52276672e+02, 3.29817688e+02, 4.12869263e+02, 3.09778442e+02,
    4.44378326e+02, 3.22626495e+02, 4.76270081e+02, 3.35635742e+02,
    5.07922119e+02, 3.48337250e+02, 5.39880737e+02, 3.61194275e+02,
    4.01751190e+02, 3.40433594e+02, 4.32899536e+02, 3.53369904e+02,
    4.64380524e+02, 3.66156250e+02, 4.95839417e+02, 3.79140717e+02,
    5.27370361e+02, 3.91971588e+02 ]
CalibrationFramePatternWorld: [ 0., 0., 0., 0., 4.43000011e-02, 0., 0.,
    8.86000022e-02, 0., 0., 1.32900000e-01, 0., 0., 1.77200004e-01, 0.,
    4.43000011e-02, 0., 0., 4.43000011e-02, 4.43000011e-02, 0.,
    4.43000011e-02, 8.86000022e-02, 0., 4.43000011e-02, 1.32900000e-01,
    0., 4.43000011e-02, 1.77200004e-01, 0., 8.86000022e-02, 0., 0.,
    8.86000022e-02, 4.43000011e-02, 0., 8.86000022e-02, 8.86000022e-02,
    0., 8.86000022e-02, 1.32900000e-01, 0., 8.86000022e-02,
    1.77200004e-01, 0., 1.32900000e-01, 0., 0., 1.32900000e-01,
    4.43000011e-02, 0., 1.32900000e-01, 8.86000022e-02, 0.,
    1.32900000e-01, 1.32900000e-01, 0., 1.32900000e-01, 1.77200004e-01,
    0. ]
CalibrationFrameExtRotation: !!opencv-matrix
   rows: 3
   cols: 1
   dt: d
   data: [ -1.5882537863085824e+00, -2.2625354066902212e+00,
       1.5419647011860083e-01 ]
CalibrationFrameExtTranslation: !!opencv-matrix
   rows: 3
   cols: 1
   dt: d
   data: [ 1.4729713221936516e-01, -8.3078020773484206e-03,
       1.0401532996796017e+00 ]
CalibrationFrameRMSerror: 2.8000873327255249e-01
