%YAML:1.0
---
CalibrationFramePatternImage: [ 2.09457794e+02, 8.76372375e+01,
    2.37981079e+02, 7.92644119e+01, 2.67444153e+02, 7.06593323e+01,
    2.98161377e+02, 6.20187454e+01, 3.29866852e+02, 5.31645126e+01,
    2.12378571e+02, 1.19907143e+02, 2.40987015e+02, 1.12271507e+02,
    2.70839081e+02, 1.04375587e+02, 3.01861481e+02, 9.61504974e+01,
    3.34090881e+02, 8.80496368e+01, 2.15471390e+02, 1.52661224e+02,
    2.44196106e+02, 1.45689606e+02, 2.74426849e+02, 1.38520004e+02,
    3.05848846e+02, 1.31229202e+02, 3.38416138e+02, 1.23714996e+02,
    2.19261124e+02, 1.86359924e+02, 2.48218658e+02, 1.80138260e+02,
    2.78638641e+02, 1.73770706e+02, 3.10174561e+02, 1.67087570e+02,
    3.42858978e+02, 1.60403580e+02 ]
CalibrationFramePatternWorld: [ 0., 0., 0., 0., 4.43000011e-02, 0., 0.,
    8.86000022e-02, 0., 0., 1.32900000e-01, 0., 0., 1.77200004e-01, 0.,
    4.43000011e-02, 0., 0., 4.43000011e-02, 4.43000011e-02, 0.,
    4.43000011e-02, 8.86000022e-02, 0., 4.43000011e-02, 1.32900000e-01,
    0., 4.43000011e-02, 1.77200004e-01, 0., 8.86000022e-02, 0., 0.,
    8.86000022e-02, 4.43000011e-02, 0., 8.86000022e-02, 8.86000022e-02,
    0., 8.86000022e-02, 1.32900000e-01, 0., 8.86000022e-02,
    1.77200004e-01, 0., 1.32900000e-01, 0., 0., 1.32900000e-01,
    4.43000011e-02, 0., 1.32900000e-01, 8.86000022e-02, 0.,
    1.32900000e-01, 1.32900000e-01, 0., 1.32900000e-01, 1.77200004e-01,
    0. ]
CalibrationFrameExtRotation: !!opencv-matrix
   rows: 3
   cols: 1
   dt: d
   data: [ -2.0913167185487729e+00, -1.8303938094859200e+00,
       5.3826426975994757e-01 ]
CalibrationFrameExtTranslation: !!opencv-matrix
   rows: 3
   cols: 1
   dt: d
   data: [ -1.4245965563363747e-01, -2.1706151238866120e-01,
       1.0516407948268063e+00 ]
CalibrationFrameRMSerror: 2.4201487004756927e-01
