%YAML:1.0
---
CalibrationFramePatternImage: [ 1.80173492e+02, 7.72796783e+01,
    2.37203461e+02, 6.77689743e+01, 2.92016754e+02, 5.95355873e+01,
    3.43874084e+02, 5.22285004e+01, 3.92571655e+02, 4.58494148e+01,
    1.85227585e+02, 1.35000870e+02, 2.41171799e+02, 1.24436539e+02,
    2.94825592e+02, 1.14714806e+02, 3.45414948e+02, 1.05883942e+02,
    3.92960052e+02, 9.78275757e+01, 1.90827621e+02, 1.89909210e+02,
    2.45417938e+02, 1.78414047e+02, 2.97546387e+02, 1.67664154e+02,
    3.46904388e+02, 1.57383606e+02, 3.93624695e+02, 1.47950409e+02,
    1.96630371e+02, 2.42000702e+02, 2.49330429e+02, 2.29748840e+02,
    3.00006348e+02, 2.17861191e+02, 3.48069153e+02, 2.06694946e+02,
    3.93789642e+02, 1.96179642e+02 ]
CalibrationFramePatternWorld: [ 0., 0., 0., 0., 4.43000011e-02, 0., 0.,
    8.86000022e-02, 0., 0., 1.32900000e-01, 0., 0., 1.77200004e-01, 0.,
    4.43000011e-02, 0., 0., 4.43000011e-02, 4.43000011e-02, 0.,
    4.43000011e-02, 8.86000022e-02, 0., 4.43000011e-02, 1.32900000e-01,
    0., 4.43000011e-02, 1.77200004e-01, 0., 8.86000022e-02, 0., 0.,
    8.86000022e-02, 4.43000011e-02, 0., 8.86000022e-02, 8.86000022e-02,
    0., 8.86000022e-02, 1.32900000e-01, 0., 8.86000022e-02,
    1.77200004e-01, 0., 1.32900000e-01, 0., 0., 1.32900000e-01,
    4.43000011e-02, 0., 1.32900000e-01, 8.86000022e-02, 0.,
    1.32900000e-01, 1.32900000e-01, 0., 1.32900000e-01, 1.77200004e-01,
    0. ]
CalibrationFrameExtRotation: !!opencv-matrix
   rows: 3
   cols: 1
   dt: d
   data: [ 2.2681990125628562e+00, 1.9581233310648647e+00,
       9.7610201573246103e-01 ]
CalibrationFrameExtTranslation: !!opencv-matrix
   rows: 3
   cols: 1
   dt: d
   data: [ -1.0023056192555535e-01, -1.2730540641955024e-01,
       5.7878633749358865e-01 ]
CalibrationFrameRMSerror: 2.0412781834602356e-01
