%YAML:1.0
---
CalibrationFramePatternImage: [ 3.22296387e+02, 2.21033051e+02,
    3.74678955e+02, 2.27425858e+02, 4.24558929e+02, 2.33415375e+02,
    4.71371429e+02, 2.39103561e+02, 5.15254517e+02, 2.44568771e+02,
    3.16691864e+02, 2.78868073e+02, 3.69548004e+02, 2.83496918e+02,
    4.19537659e+02, 2.87870117e+02, 4.66174957e+02, 2.91791931e+02,
    5.09991394e+02, 2.95680603e+02, 3.11132324e+02, 3.35885071e+02,
    3.63952148e+02, 3.39088287e+02, 4.13812500e+02, 3.41738251e+02,
    4.60472748e+02, 3.44033356e+02, 5.04252533e+02, 3.46297943e+02,
    3.05322449e+02, 3.92122620e+02, 3.57711395e+02, 3.93604462e+02,
    4.07180878e+02, 3.94658264e+02, 4.53852631e+02, 3.95376404e+02,
    4.97525665e+02, 3.95909210e+02 ]
CalibrationFramePatternWorld: [ 0., 0., 0., 0., 4.43000011e-02, 0., 0.,
    8.86000022e-02, 0., 0., 1.32900000e-01, 0., 0., 1.77200004e-01, 0.,
    4.43000011e-02, 0., 0., 4.43000011e-02, 4.43000011e-02, 0.,
    4.43000011e-02, 8.86000022e-02, 0., 4.43000011e-02, 1.32900000e-01,
    0., 4.43000011e-02, 1.77200004e-01, 0., 8.86000022e-02, 0., 0.,
    8.86000022e-02, 4.43000011e-02, 0., 8.86000022e-02, 8.86000022e-02,
    0., 8.86000022e-02, 1.32900000e-01, 0., 8.86000022e-02,
    1.77200004e-01, 0., 1.32900000e-01, 0., 0., 1.32900000e-01,
    4.43000011e-02, 0., 1.32900000e-01, 8.86000022e-02, 0.,
    1.32900000e-01, 1.32900000e-01, 0., 1.32900000e-01, 1.77200004e-01,
    0. ]
CalibrationFrameExtRotation: !!opencv-matrix
   rows: 3
   cols: 1
   dt: d
   data: [ 1.9295489696144754e+00, 2.1343612365793376e+00,
       3.8668082671192755e-01 ]
CalibrationFrameExtTranslation: !!opencv-matrix
   rows: 3
   cols: 1
   dt: d
   data: [ 2.3812809351373191e-03, -2.4480989884980518e-02,
       6.3132754231016230e-01 ]
CalibrationFrameRMSerror: 3.3160564303398132e-01
