%YAML:1.0
---
CalibrationFramePatternImage: [ 3.52013611e+02, 1.24865120e+02,
    3.80546936e+02, 1.25114914e+02, 4.10045532e+02, 1.25706100e+02,
    4.41461243e+02, 1.26264107e+02, 4.74282776e+02, 1.26717598e+02,
    3.44455353e+02, 1.59521179e+02, 3.72605560e+02, 1.60958969e+02,
    4.02272339e+02, 1.62483276e+02, 4.33751038e+02, 1.63987076e+02,
    4.66930603e+02, 1.65986603e+02, 3.37229767e+02, 1.95080963e+02,
    3.65095001e+02, 1.97377502e+02, 3.94850708e+02, 1.99948257e+02,
    4.26310303e+02, 2.02760239e+02, 4.59489594e+02, 2.05936874e+02,
    3.30503754e+02, 2.30883881e+02, 3.58471649e+02, 2.34503937e+02,
    3.88019928e+02, 2.38237366e+02, 4.19277222e+02, 2.42215988e+02,
    4.52217316e+02, 2.46679413e+02 ]
CalibrationFramePatternWorld: [ 0., 0., 0., 0., 4.43000011e-02, 0., 0.,
    8.86000022e-02, 0., 0., 1.32900000e-01, 0., 0., 1.77200004e-01, 0.,
    4.43000011e-02, 0., 0., 4.43000011e-02, 4.43000011e-02, 0.,
    4.43000011e-02, 8.86000022e-02, 0., 4.43000011e-02, 1.32900000e-01,
    0., 4.43000011e-02, 1.77200004e-01, 0., 8.86000022e-02, 0., 0.,
    8.86000022e-02, 4.43000011e-02, 0., 8.86000022e-02, 8.86000022e-02,
    0., 8.86000022e-02, 1.32900000e-01, 0., 8.86000022e-02,
    1.77200004e-01, 0., 1.32900000e-01, 0., 0., 1.32900000e-01,
    4.43000011e-02, 0., 1.32900000e-01, 8.86000022e-02, 0.,
    1.32900000e-01, 1.32900000e-01, 0., 1.32900000e-01, 1.77200004e-01,
    0. ]
CalibrationFrameExtRotation: !!opencv-matrix
   rows: 3
   cols: 1
   dt: d
   data: [ -1.6482925222416069e+00, -1.9785503343351556e+00,
       8.3562473931082193e-01 ]
CalibrationFrameExtTranslation: !!opencv-matrix
   rows: 3
   cols: 1
   dt: d
   data: [ 3.9450446630441942e-02, -1.5709338169977050e-01,
       9.9364222011922898e-01 ]
CalibrationFrameRMSerror: 3.4882006049156189e-01
