%YAML:1.0
---
CalibrationFramePatternImage: [ 3.79355087e+01, 1.68288055e+02,
    7.25566711e+01, 1.74191116e+02, 1.07059189e+02, 1.80293076e+02,
    1.41383301e+02, 1.86361359e+02, 1.75279861e+02, 1.92368500e+02,
    3.15980148e+01, 2.03851608e+02, 6.61240997e+01, 2.09470490e+02,
    1.00620270e+02, 2.15263443e+02, 1.34718430e+02, 2.20895142e+02,
    1.68499039e+02, 2.26509048e+02, 2.58961868e+01, 2.38613571e+02,
    6.02728577e+01, 2.44094986e+02, 9.45678177e+01, 2.49539413e+02,
    1.28462158e+02, 2.54713684e+02, 1.62158340e+02, 2.60006836e+02,
    2.06585598e+01, 2.73028198e+02, 5.48734512e+01, 2.78137451e+02,
    8.88449020e+01, 2.83320160e+02, 1.22582771e+02, 2.88239563e+02,
    1.55986282e+02, 2.93036652e+02 ]
CalibrationFramePatternWorld: [ 0., 0., 0., 0., 4.43000011e-02, 0., 0.,
    8.86000022e-02, 0., 0., 1.32900000e-01, 0., 0., 1.77200004e-01, 0.,
    4.43000011e-02, 0., 0., 4.43000011e-02, 4.43000011e-02, 0.,
    4.43000011e-02, 8.86000022e-02, 0., 4.43000011e-02, 1.32900000e-01,
    0., 4.43000011e-02, 1.77200004e-01, 0., 8.86000022e-02, 0., 0.,
    8.86000022e-02, 4.43000011e-02, 0., 8.86000022e-02, 8.86000022e-02,
    0., 8.86000022e-02, 1.32900000e-01, 0., 8.86000022e-02,
    1.77200004e-01, 0., 1.32900000e-01, 0., 0., 1.32900000e-01,
    4.43000011e-02, 0., 1.32900000e-01, 8.86000022e-02, 0.,
    1.32900000e-01, 1.32900000e-01, 0., 1.32900000e-01, 1.77200004e-01,
    0. ]
CalibrationFrameExtRotation: !!opencv-matrix
   rows: 3
   cols: 1
   dt: d
   data: [ -2.0702626228270273e+00, -2.5009909590521593e+00,
       -6.1736697710406063e-01 ]
CalibrationFrameExtTranslation: !!opencv-matrix
   rows: 3
   cols: 1
   dt: d
   data: [ -3.4408104516074772e-01, -1.0441870077813269e-01,
       9.6574721117413609e-01 ]
CalibrationFrameRMSerror: 1.5599465370178223e-01
