%YAML:1.0
---
CalibrationFramePatternImage: [ 3.79831055e+02, 4.97511787e+01,
    4.29199280e+02, 6.34786339e+01, 4.80681702e+02, 7.85429459e+01,
    5.34501648e+02, 9.50696793e+01, 5.90322449e+02, 1.12856033e+02,
    3.70206696e+02, 1.02329727e+02, 4.17789154e+02, 1.17431221e+02,
    4.68145721e+02, 1.33855820e+02, 5.20769958e+02, 1.51370544e+02,
    5.75308960e+02, 1.70223770e+02, 3.60774658e+02, 1.53199982e+02,
    4.07260803e+02, 1.69668884e+02, 4.56120850e+02, 1.87291153e+02,
    5.07376373e+02, 2.05785507e+02, 5.60371643e+02, 2.25364807e+02,
    3.52549011e+02, 2.02370682e+02, 3.97571198e+02, 2.19765518e+02,
    4.45073334e+02, 2.38204987e+02, 4.94506226e+02, 2.57701721e+02,
    5.45700378e+02, 2.78205017e+02 ]
CalibrationFramePatternWorld: [ 0., 0., 0., 0., 4.43000011e-02, 0., 0.,
    8.86000022e-02, 0., 0., 1.32900000e-01, 0., 0., 1.77200004e-01, 0.,
    4.43000011e-02, 0., 0., 4.43000011e-02, 4.43000011e-02, 0.,
    4.43000011e-02, 8.86000022e-02, 0., 4.43000011e-02, 1.32900000e-01,
    0., 4.43000011e-02, 1.77200004e-01, 0., 8.86000022e-02, 0., 0.,
    8.86000022e-02, 4.43000011e-02, 0., 8.86000022e-02, 8.86000022e-02,
    0., 8.86000022e-02, 1.32900000e-01, 0., 8.86000022e-02,
    1.77200004e-01, 0., 1.32900000e-01, 0., 0., 1.32900000e-01,
    4.43000011e-02, 0., 1.32900000e-01, 8.86000022e-02, 0.,
    1.32900000e-01, 1.32900000e-01, 0., 1.32900000e-01, 1.77200004e-01,
    0. ]
CalibrationFrameExtRotation: !!opencv-matrix
   rows: 3
   cols: 1
   dt: d
   data: [ -1.4883268560978640e+00, -1.9865410170104365e+00,
       1.6601018629846984e-01 ]
CalibrationFrameExtTranslation: !!opencv-matrix
   rows: 3
   cols: 1
   dt: d
   data: [ 4.7710430929923352e-02, -1.6236428872731742e-01,
       6.3876473689945090e-01 ]
CalibrationFrameRMSerror: 3.1188231706619263e-01
