%YAML:1.0
---
CalibrationFramePatternImage: [ 4.00368835e+02, 1.13393463e+02,
    4.36019012e+02, 1.20982086e+02, 4.71907654e+02, 1.28831085e+02,
    5.08012177e+02, 1.36837921e+02, 5.44177063e+02, 1.45061615e+02,
    3.91716217e+02, 1.48091446e+02, 4.27375793e+02, 1.55960022e+02,
    4.63391754e+02, 1.64027740e+02, 4.99703522e+02, 1.72320129e+02,
    5.36158813e+02, 1.80948837e+02, 3.83093750e+02, 1.83089676e+02,
    4.18783417e+02, 1.91288956e+02, 4.54881592e+02, 1.99766617e+02,
    4.91200623e+02, 2.08299301e+02, 5.27688293e+02, 2.17102051e+02,
    3.74491913e+02, 2.18668411e+02, 4.10190613e+02, 2.27224350e+02,
    4.46150940e+02, 2.35914825e+02, 4.82495697e+02, 2.44609314e+02,
    5.18854370e+02, 2.53507919e+02 ]
CalibrationFramePatternWorld: [ 0., 0., 0., 0., 4.43000011e-02, 0., 0.,
    8.86000022e-02, 0., 0., 1.32900000e-01, 0., 0., 1.77200004e-01, 0.,
    4.43000011e-02, 0., 0., 4.43000011e-02, 4.43000011e-02, 0.,
    4.43000011e-02, 8.86000022e-02, 0., 4.43000011e-02, 1.32900000e-01,
    0., 4.43000011e-02, 1.77200004e-01, 0., 8.86000022e-02, 0., 0.,
    8.86000022e-02, 4.43000011e-02, 0., 8.86000022e-02, 8.86000022e-02,
    0., 8.86000022e-02, 1.32900000e-01, 0., 8.86000022e-02,
    1.77200004e-01, 0., 1.32900000e-01, 0., 0., 1.32900000e-01,
    4.43000011e-02, 0., 1.32900000e-01, 8.86000022e-02, 0.,
    1.32900000e-01, 1.32900000e-01, 0., 1.32900000e-01, 1.77200004e-01,
    0. ]
CalibrationFrameExtRotation: !!opencv-matrix
   rows: 3
   cols: 1
   dt: d
   data: [ -1.8360389619487256e+00, -2.3564895327223732e+00,
       2.9504743532525185e-01 ]
CalibrationFrameExtTranslation: !!opencv-matrix
   rows: 3
   cols: 1
   dt: d
   data: [ 9.7944128488937035e-02, -1.7037852313082044e-01,
       9.8484840877457225e-01 ]
CalibrationFrameRMSerror: 1.6269269585609436e-01
