%YAML:1.0
---
CalibrationFramePatternImage: [ 2.13683151e+02, 1.24217690e+02,
    2.48784958e+02, 1.33789322e+02, 2.84582520e+02, 1.43654510e+02,
    3.21078156e+02, 1.53787552e+02, 3.58291016e+02, 1.64302917e+02,
    2.03261612e+02, 1.60156494e+02, 2.38146652e+02, 1.70235443e+02,
    2.73962219e+02, 1.80475220e+02, 3.10413818e+02, 1.90973053e+02,
    3.47437958e+02, 2.01670197e+02, 1.93448288e+02, 1.95938400e+02,
    2.28009384e+02, 2.06333740e+02, 2.63634125e+02, 2.16982407e+02,
    2.99926453e+02, 2.27811157e+02, 3.36777100e+02, 2.38815643e+02,
    1.84057983e+02, 2.31623077e+02, 2.18483047e+02, 2.42285812e+02,
    2.53771057e+02, 2.53244232e+02, 2.89663940e+02, 2.64327026e+02,
    3.26154541e+02, 2.75533417e+02 ]
CalibrationFramePatternWorld: [ 0., 0., 0., 0., 4.43000011e-02, 0., 0.,
    8.86000022e-02, 0., 0., 1.32900000e-01, 0., 0., 1.77200004e-01, 0.,
    4.43000011e-02, 0., 0., 4.43000011e-02, 4.43000011e-02, 0.,
    4.43000011e-02, 8.86000022e-02, 0., 4.43000011e-02, 1.32900000e-01,
    0., 4.43000011e-02, 1.77200004e-01, 0., 8.86000022e-02, 0., 0.,
    8.86000022e-02, 4.43000011e-02, 0., 8.86000022e-02, 8.86000022e-02,
    0., 8.86000022e-02, 1.32900000e-01, 0., 8.86000022e-02,
    1.77200004e-01, 0., 1.32900000e-01, 0., 0., 1.32900000e-01,
    4.43000011e-02, 0., 1.32900000e-01, 8.86000022e-02, 0.,
    1.32900000e-01, 1.32900000e-01, 0., 1.32900000e-01, 1.77200004e-01,
    0. ]
CalibrationFrameExtRotation: !!opencv-matrix
   rows: 3
   cols: 1
   dt: d
   data: [ -1.7735400818673641e+00, -2.3744086892150551e+00,
       5.3397692476491870e-02 ]
CalibrationFrameExtTranslation: !!opencv-matrix
   rows: 3
   cols: 1
   dt: d
   data: [ -1.2407879587115903e-01, -1.5252158707860602e-01,
       9.5468228486445239e-01 ]
CalibrationFrameRMSerror: 1.6721850633621216e-01
