%YAML:1.0
---
CalibrationFramePatternImage: [ 7.04783783e+01, 3.00376953e+02,
    1.04336868e+02, 2.86620270e+02, 1.37604111e+02, 2.73377716e+02,
    1.70153091e+02, 2.60754028e+02, 2.01913284e+02, 2.48118515e+02,
    7.86243286e+01, 3.30659668e+02, 1.11775467e+02, 3.17199036e+02,
    1.44204666e+02, 3.03902863e+02, 1.76004898e+02, 2.90725861e+02,
    2.06928543e+02, 2.78068695e+02, 8.63836441e+01, 3.58948792e+02,
    1.18799911e+02, 3.45645447e+02, 1.50400757e+02, 3.32385193e+02,
    1.81353958e+02, 3.19105560e+02, 2.11429443e+02, 3.06247437e+02,
    9.35684280e+01, 3.85388062e+02, 1.24945679e+02, 3.72147644e+02,
    1.55664185e+02, 3.59032837e+02, 1.85961533e+02, 3.45704620e+02,
    2.15308472e+02, 3.33131744e+02 ]
CalibrationFramePatternWorld: [ 0., 0., 0., 0., 4.43000011e-02, 0., 0.,
    8.86000022e-02, 0., 0., 1.32900000e-01, 0., 0., 1.77200004e-01, 0.,
    4.43000011e-02, 0., 0., 4.43000011e-02, 4.43000011e-02, 0.,
    4.43000011e-02, 8.86000022e-02, 0., 4.43000011e-02, 1.32900000e-01,
    0., 4.43000011e-02, 1.77200004e-01, 0., 8.86000022e-02, 0., 0.,
    8.86000022e-02, 4.43000011e-02, 0., 8.86000022e-02, 8.86000022e-02,
    0., 8.86000022e-02, 1.32900000e-01, 0., 8.86000022e-02,
    1.77200004e-01, 0., 1.32900000e-01, 0., 0., 1.32900000e-01,
    4.43000011e-02, 0., 1.32900000e-01, 8.86000022e-02, 0.,
    1.32900000e-01, 1.32900000e-01, 0., 1.32900000e-01, 1.77200004e-01,
    0. ]
CalibrationFrameExtRotation: !!opencv-matrix
   rows: 3
   cols: 1
   dt: d
   data: [ -2.3011448138349500e+00, -1.8178339718729779e+00,
       -1.2216433844137440e+00 ]
CalibrationFrameExtTranslation: !!opencv-matrix
   rows: 3
   cols: 1
   dt: d
   data: [ -2.8800979242826619e-01, 5.4931035416813517e-02,
       9.2475794813439072e-01 ]
CalibrationFrameRMSerror: 3.5436892509460449e-01
