%YAML:1.0
---
CalibrationFramePatternImage: [ 2.58238831e+02, 1.32616928e+02,
    2.93781006e+02, 1.41897507e+02, 3.29396973e+02, 1.51555435e+02,
    3.65185547e+02, 1.61085327e+02, 4.00870300e+02, 1.70893417e+02,
    2.51682220e+02, 1.64965454e+02, 2.86280029e+02, 1.74200226e+02,
    3.21232300e+02, 1.83646057e+02, 3.56261719e+02, 1.93049179e+02,
    3.91284393e+02, 2.02426331e+02, 2.45351364e+02, 1.95564392e+02,
    2.79274811e+02, 2.04714554e+02, 3.13601746e+02, 2.13925964e+02,
    3.47856445e+02, 2.23043320e+02, 3.82155487e+02, 2.32263733e+02,
    2.39488312e+02, 2.24428574e+02, 2.72658875e+02, 2.33429565e+02,
    3.06193329e+02, 2.42331604e+02, 3.39827423e+02, 2.51407898e+02,
    3.73208069e+02, 2.60604889e+02 ]
CalibrationFramePatternWorld: [ 0., 0., 0., 0., 4.43000011e-02, 0., 0.,
    8.86000022e-02, 0., 0., 1.32900000e-01, 0., 0., 1.77200004e-01, 0.,
    4.43000011e-02, 0., 0., 4.43000011e-02, 4.43000011e-02, 0.,
    4.43000011e-02, 8.86000022e-02, 0., 4.43000011e-02, 1.32900000e-01,
    0., 4.43000011e-02, 1.77200004e-01, 0., 8.86000022e-02, 0., 0.,
    8.86000022e-02, 4.43000011e-02, 0., 8.86000022e-02, 8.86000022e-02,
    0., 8.86000022e-02, 1.32900000e-01, 0., 8.86000022e-02,
    1.77200004e-01, 0., 1.32900000e-01, 0., 0., 1.32900000e-01,
    4.43000011e-02, 0., 1.32900000e-01, 8.86000022e-02, 0.,
    1.32900000e-01, 1.32900000e-01, 0., 1.32900000e-01, 1.77200004e-01,
    0. ]
CalibrationFrameExtRotation: !!opencv-matrix
   rows: 3
   cols: 1
   dt: d
   data: [ -1.6129974178771367e+00, -2.1044628091474169e+00,
       -4.5483696081880071e-01 ]
CalibrationFrameExtTranslation: !!opencv-matrix
   rows: 3
   cols: 1
   dt: d
   data: [ -7.3598114233995315e-02, -1.4565384139131454e-01,
       9.8376874625537569e-01 ]
CalibrationFrameRMSerror: 2.7391687035560608e-01
