%YAML:1.0
---
CalibrationFramePatternImage: [ 2.57719574e+02, 1.48194397e+02,
    2.83888062e+02, 1.46815292e+02, 3.10264465e+02, 1.45125534e+02,
    3.36953918e+02, 1.43812088e+02, 3.63934418e+02, 1.42480621e+02,
    2.57616638e+02, 1.74300842e+02, 2.83805237e+02, 1.73007492e+02,
    3.10395996e+02, 1.71826035e+02, 3.37162720e+02, 1.70586807e+02,
    3.64526306e+02, 1.69390060e+02, 2.57290405e+02, 2.00392670e+02,
    2.83635864e+02, 1.99505661e+02, 3.10264252e+02, 1.98508713e+02,
    3.37375000e+02, 1.97558212e+02, 3.64683228e+02, 1.96640411e+02,
    2.57208557e+02, 2.27096634e+02, 2.83762177e+02, 2.26298050e+02,
    3.10422424e+02, 2.25795273e+02, 3.37559235e+02, 2.24968643e+02,
    3.64788635e+02, 2.24395172e+02 ]
CalibrationFramePatternWorld: [ 0., 0., 0., 0., 4.43000011e-02, 0., 0.,
    8.86000022e-02, 0., 0., 1.32900000e-01, 0., 0., 1.77200004e-01, 0.,
    4.43000011e-02, 0., 0., 4.43000011e-02, 4.43000011e-02, 0.,
    4.43000011e-02, 8.86000022e-02, 0., 4.43000011e-02, 1.32900000e-01,
    0., 4.43000011e-02, 1.77200004e-01, 0., 8.86000022e-02, 0., 0.,
    8.86000022e-02, 4.43000011e-02, 0., 8.86000022e-02, 8.86000022e-02,
    0., 8.86000022e-02, 1.32900000e-01, 0., 8.86000022e-02,
    1.77200004e-01, 0., 1.32900000e-01, 0., 0., 1.32900000e-01,
    4.43000011e-02, 0., 1.32900000e-01, 8.86000022e-02, 0.,
    1.32900000e-01, 1.32900000e-01, 0., 1.32900000e-01, 1.77200004e-01,
    0. ]
CalibrationFrameExtRotation: !!opencv-matrix
   rows: 3
   cols: 1
   dt: d
   data: [ -2.1595984650985973e+00, -2.1326738378228667e+00,
       3.2536955307276499e-01 ]
CalibrationFrameExtTranslation: !!opencv-matrix
   rows: 3
   cols: 1
   dt: d
   data: [ -1.0159477626741988e-01, -1.7511675252858111e-01,
       1.3543285321522047e+00 ]
CalibrationFrameRMSerror: 1.7070433497428894e-01
