%YAML:1.0
---
CalibrationFramePatternImage: [ 1.18061684e+02, 8.61158905e+01,
    1.49844070e+02, 9.54764557e+01, 1.81981308e+02, 1.05424591e+02,
    2.14587555e+02, 1.15625610e+02, 2.47765762e+02, 1.26115677e+02,
    1.11699272e+02, 1.16916061e+02, 1.42731796e+02, 1.26649109e+02,
    1.74259964e+02, 1.36505096e+02, 2.06568329e+02, 1.46685059e+02,
    2.39176880e+02, 1.56865784e+02, 1.05806847e+02, 1.46553207e+02,
    1.36375732e+02, 1.56392136e+02, 1.67475403e+02, 1.66130234e+02,
    1.99181808e+02, 1.76092178e+02, 2.31075790e+02, 1.86091751e+02,
    1.00890213e+02, 1.74928955e+02, 1.30713318e+02, 1.84600098e+02,
    1.61436417e+02, 1.94291580e+02, 1.92308868e+02, 2.04082184e+02,
    2.23687668e+02, 2.14141098e+02 ]
CalibrationFramePatternWorld: [ 0., 0., 0., 0., 4.43000011e-02, 0., 0.,
    8.86000022e-02, 0., 0., 1.32900000e-01, 0., 0., 1.77200004e-01, 0.,
    4.43000011e-02, 0., 0., 4.43000011e-02, 4.43000011e-02, 0.,
    4.43000011e-02, 8.86000022e-02, 0., 4.43000011e-02, 1.32900000e-01,
    0., 4.43000011e-02, 1.77200004e-01, 0., 8.86000022e-02, 0., 0.,
    8.86000022e-02, 4.43000011e-02, 0., 8.86000022e-02, 8.86000022e-02,
    0., 8.86000022e-02, 1.32900000e-01, 0., 8.86000022e-02,
    1.77200004e-01, 0., 1.32900000e-01, 0., 0., 1.32900000e-01,
    4.43000011e-02, 0., 1.32900000e-01, 8.86000022e-02, 0.,
    1.32900000e-01, 1.32900000e-01, 0., 1.32900000e-01, 1.77200004e-01,
    0. ]
CalibrationFrameExtRotation: !!opencv-matrix
   rows: 3
   cols: 1
   dt: d
   data: [ -1.5801328496369300e+00, -2.1937844460051199e+00,
       -4.5746132439428239e-01 ]
CalibrationFrameExtTranslation: !!opencv-matrix
   rows: 3
   cols: 1
   dt: d
   data: [ -2.5871090146031617e-01, -2.1597836546832069e-01,
       1.0241282775463714e+00 ]
CalibrationFrameRMSerror: 2.8968766331672668e-01
