%YAML:1.0
---
CalibrationFramePatternImage: [ 2.87530670e+02, 9.86430511e+01,
    3.22087891e+02, 9.57738953e+01, 3.58194489e+02, 9.24242401e+01,
    3.96138550e+02, 8.92982025e+01, 4.35931335e+02, 8.62342224e+01,
    2.81370392e+02, 1.36670853e+02, 3.15909515e+02, 1.34532349e+02,
    3.52414764e+02, 1.32254929e+02, 3.90806915e+02, 1.30210358e+02,
    4.31235596e+02, 1.28111557e+02, 2.75386475e+02, 1.76039658e+02,
    3.10050751e+02, 1.74824524e+02, 3.46825592e+02, 1.73613724e+02,
    3.85822357e+02, 1.72541489e+02, 4.26647552e+02, 1.71531952e+02,
    2.70114166e+02, 2.16564087e+02, 3.05073761e+02, 2.16521072e+02,
    3.42238922e+02, 2.16581116e+02, 3.81141663e+02, 2.16693665e+02,
    4.22088593e+02, 2.16772537e+02 ]
CalibrationFramePatternWorld: [ 0., 0., 0., 0., 4.43000011e-02, 0., 0.,
    8.86000022e-02, 0., 0., 1.32900000e-01, 0., 0., 1.77200004e-01, 0.,
    4.43000011e-02, 0., 0., 4.43000011e-02, 4.43000011e-02, 0.,
    4.43000011e-02, 8.86000022e-02, 0., 4.43000011e-02, 1.32900000e-01,
    0., 4.43000011e-02, 1.77200004e-01, 0., 8.86000022e-02, 0., 0.,
    8.86000022e-02, 4.43000011e-02, 0., 8.86000022e-02, 8.86000022e-02,
    0., 8.86000022e-02, 1.32900000e-01, 0., 8.86000022e-02,
    1.77200004e-01, 0., 1.32900000e-01, 0., 0., 1.32900000e-01,
    4.43000011e-02, 0., 1.32900000e-01, 8.86000022e-02, 0.,
    1.32900000e-01, 1.32900000e-01, 0., 1.32900000e-01, 1.77200004e-01,
    0. ]
CalibrationFrameExtRotation: !!opencv-matrix
   rows: 3
   cols: 1
   dt: d
   data: [ -1.8715681410700153e+00, -2.0405359994339447e+00,
       7.7049668667900184e-01 ]
CalibrationFrameExtTranslation: !!opencv-matrix
   rows: 3
   cols: 1
   dt: d
   data: [ -3.4719231784255629e-02, -1.6930069876528989e-01,
       8.8731447340027203e-01 ]
CalibrationFrameRMSerror: 3.7018716335296631e-01
