%YAML:1.0
---
CalibrationFramePatternImage: [ 2.16556137e+02, 5.53670197e+01,
    2.56632935e+02, 6.63612900e+01, 2.97716827e+02, 7.79301224e+01,
    3.40089478e+02, 9.02176361e+01, 3.83217773e+02, 1.03346710e+02,
    2.05202744e+02, 9.69112244e+01, 2.44871643e+02, 1.08517616e+02,
    2.85708649e+02, 1.20736221e+02, 3.27569519e+02, 1.33708008e+02,
    3.70357544e+02, 1.47093369e+02, 1.94061996e+02, 1.38032333e+02,
    2.33363266e+02, 1.50318512e+02, 2.73756317e+02, 1.63130249e+02,
    3.15325989e+02, 1.76452957e+02, 3.57596344e+02, 1.90435028e+02,
    1.83891037e+02, 1.78610992e+02, 2.22553253e+02, 1.91503372e+02,
    2.62448059e+02, 2.04758011e+02, 3.03325043e+02, 2.18563538e+02,
    3.45163696e+02, 2.32881729e+02 ]
CalibrationFramePatternWorld: [ 0., 0., 0., 0., 4.43000011e-02, 0., 0.,
    8.86000022e-02, 0., 0., 1.32900000e-01, 0., 0., 1.77200004e-01, 0.,
    4.43000011e-02, 0., 0., 4.43000011e-02, 4.43000011e-02, 0.,
    4.43000011e-02, 8.86000022e-02, 0., 4.43000011e-02, 1.32900000e-01,
    0., 4.43000011e-02, 1.77200004e-01, 0., 8.86000022e-02, 0., 0.,
    8.86000022e-02, 4.43000011e-02, 0., 8.86000022e-02, 8.86000022e-02,
    0., 8.86000022e-02, 1.32900000e-01, 0., 8.86000022e-02,
    1.77200004e-01, 0., 1.32900000e-01, 0., 0., 1.32900000e-01,
    4.43000011e-02, 0., 1.32900000e-01, 8.86000022e-02, 0.,
    1.32900000e-01, 1.32900000e-01, 0., 1.32900000e-01, 1.77200004e-01,
    0. ]
CalibrationFrameExtRotation: !!opencv-matrix
   rows: 3
   cols: 1
   dt: d
   data: [ -1.6695380001837952e+00, -2.2847611317384930e+00,
       2.6788392927752560e-04 ]
CalibrationFrameExtTranslation: !!opencv-matrix
   rows: 3
   cols: 1
   dt: d
   data: [ -1.0357373047384753e-01, -2.0097898509408021e-01,
       8.1066236648211965e-01 ]
CalibrationFrameRMSerror: 2.2694626450538635e-01
