%YAML:1.0
---
CalibrationFramePatternImage: [ 1.97357101e+02, 2.65255951e+02,
    2.22353622e+02, 2.62871887e+02, 2.46660019e+02, 2.60421661e+02,
    2.70155304e+02, 2.58081451e+02, 2.92633270e+02, 2.55978180e+02,
    1.98112045e+02, 2.95846497e+02, 2.23053574e+02, 2.92524994e+02,
    2.47207397e+02, 2.89533844e+02, 2.70745453e+02, 2.86585938e+02,
    2.93063232e+02, 2.83668732e+02, 1.98885117e+02, 3.25586884e+02,
    2.23925659e+02, 3.21801331e+02, 2.48081619e+02, 3.18216187e+02,
    2.71246948e+02, 3.14739441e+02, 2.93354340e+02, 3.11413879e+02,
    1.99400116e+02, 3.54839966e+02, 2.24272171e+02, 3.50694183e+02,
    2.48118820e+02, 3.46479126e+02, 2.71109558e+02, 3.42373413e+02,
    2.93394379e+02, 3.38618256e+02 ]
CalibrationFramePatternWorld: [ 0., 0., 0., 0., 4.43000011e-02, 0., 0.,
    8.86000022e-02, 0., 0., 1.32900000e-01, 0., 0., 1.77200004e-01, 0.,
    4.43000011e-02, 0., 0., 4.43000011e-02, 4.43000011e-02, 0.,
    4.43000011e-02, 8.86000022e-02, 0., 4.43000011e-02, 1.32900000e-01,
    0., 4.43000011e-02, 1.77200004e-01, 0., 8.86000022e-02, 0., 0.,
    8.86000022e-02, 4.43000011e-02, 0., 8.86000022e-02, 8.86000022e-02,
    0., 8.86000022e-02, 1.32900000e-01, 0., 8.86000022e-02,
    1.77200004e-01, 0., 1.32900000e-01, 0., 0., 1.32900000e-01,
    4.43000011e-02, 0., 1.32900000e-01, 8.86000022e-02, 0.,
    1.32900000e-01, 1.32900000e-01, 0., 1.32900000e-01, 1.77200004e-01,
    0. ]
CalibrationFrameExtRotation: !!opencv-matrix
   rows: 3
   cols: 1
   dt: d
   data: [ 1.8770470542477486e+00, 1.7952659475738388e+00,
       7.8914348023789982e-01 ]
CalibrationFrameExtTranslation: !!opencv-matrix
   rows: 3
   cols: 1
   dt: d
   data: [ -1.7527430646283912e-01, 1.7350128367118672e-02,
       1.1763456993789827e+00 ]
CalibrationFrameRMSerror: 2.1041215956211090e-01
