%YAML:1.0
---
CalibrationFramePatternImage: [ 1.86863037e+02, 2.79982178e+02,
    2.20231781e+02, 2.85888367e+02, 2.54090134e+02, 2.91464050e+02,
    2.88820526e+02, 2.97268280e+02, 3.24007965e+02, 3.03127533e+02,
    1.77875244e+02, 3.12304199e+02, 2.11344620e+02, 3.18561127e+02,
    2.45699585e+02, 3.24760284e+02, 2.80800110e+02, 3.31034973e+02,
    3.16398865e+02, 3.37207977e+02, 1.69107712e+02, 3.45492065e+02,
    2.02654968e+02, 3.52023254e+02, 2.37116074e+02, 3.58804230e+02,
    2.72704010e+02, 3.65590637e+02, 3.08771576e+02, 3.72218536e+02,
    1.60446228e+02, 3.79628754e+02, 1.94278854e+02, 3.86739655e+02,
    2.29104065e+02, 3.93926666e+02, 2.64760040e+02, 4.00971405e+02,
    3.00922211e+02, 4.08039337e+02 ]
CalibrationFramePatternWorld: [ 0., 0., 0., 0., 4.43000011e-02, 0., 0.,
    8.86000022e-02, 0., 0., 1.32900000e-01, 0., 0., 1.77200004e-01, 0.,
    4.43000011e-02, 0., 0., 4.43000011e-02, 4.43000011e-02, 0.,
    4.43000011e-02, 8.86000022e-02, 0., 4.43000011e-02, 1.32900000e-01,
    0., 4.43000011e-02, 1.77200004e-01, 0., 8.86000022e-02, 0., 0.,
    8.86000022e-02, 4.43000011e-02, 0., 8.86000022e-02, 8.86000022e-02,
    0., 8.86000022e-02, 1.32900000e-01, 0., 8.86000022e-02,
    1.77200004e-01, 0., 1.32900000e-01, 0., 0., 1.32900000e-01,
    4.43000011e-02, 0., 1.32900000e-01, 8.86000022e-02, 0.,
    1.32900000e-01, 1.32900000e-01, 0., 1.32900000e-01, 1.77200004e-01,
    0. ]
CalibrationFrameExtRotation: !!opencv-matrix
   rows: 3
   cols: 1
   dt: d
   data: [ 1.8679244607181351e+00, 2.2562973530731401e+00,
       -5.3025131126518599e-01 ]
CalibrationFrameExtTranslation: !!opencv-matrix
   rows: 3
   cols: 1
   dt: d
   data: [ -1.6716240723523307e-01, 3.3622184025248608e-02,
       1.0334895744672485e+00 ]
CalibrationFrameRMSerror: 2.0986619591712952e-01
