%YAML:1.0
---
CalibrationFramePatternImage: [ 7.74567795e+01, 2.71144592e+02,
    1.05550117e+02, 2.58871124e+02, 1.32801987e+02, 2.47106781e+02,
    1.58473465e+02, 2.36057266e+02, 1.82971756e+02, 2.25703979e+02,
    9.25066528e+01, 3.06448486e+02, 1.20444633e+02, 2.92931427e+02,
    1.47049622e+02, 2.80437866e+02, 1.72381348e+02, 2.68379486e+02,
    1.96359238e+02, 2.56969604e+02, 1.07424767e+02, 3.41188812e+02,
    1.34880234e+02, 3.26899353e+02, 1.61040100e+02, 3.13387695e+02,
    1.85868881e+02, 3.00533142e+02, 2.09377716e+02, 2.88386993e+02,
    1.21544289e+02, 3.75774292e+02, 1.48531387e+02, 3.60717224e+02,
    1.74214798e+02, 3.46333344e+02, 1.98478836e+02, 3.32661438e+02,
    2.21786774e+02, 3.19665131e+02 ]
CalibrationFramePatternWorld: [ 0., 0., 0., 0., 4.43000011e-02, 0., 0.,
    8.86000022e-02, 0., 0., 1.32900000e-01, 0., 0., 1.77200004e-01, 0.,
    4.43000011e-02, 0., 0., 4.43000011e-02, 4.43000011e-02, 0.,
    4.43000011e-02, 8.86000022e-02, 0., 4.43000011e-02, 1.32900000e-01,
    0., 4.43000011e-02, 1.77200004e-01, 0., 8.86000022e-02, 0., 0.,
    8.86000022e-02, 4.43000011e-02, 0., 8.86000022e-02, 8.86000022e-02,
    0., 8.86000022e-02, 1.32900000e-01, 0., 8.86000022e-02,
    1.77200004e-01, 0., 1.32900000e-01, 0., 0., 1.32900000e-01,
    4.43000011e-02, 0., 1.32900000e-01, 8.86000022e-02, 0.,
    1.32900000e-01, 1.32900000e-01, 0., 1.32900000e-01, 1.77200004e-01,
    0. ]
CalibrationFrameExtRotation: !!opencv-matrix
   rows: 3
   cols: 1
   dt: d
   data: [ 2.0158454326739359e+00, 1.3002482432257307e+00,
       7.3102526103442178e-01 ]
CalibrationFrameExtTranslation: !!opencv-matrix
   rows: 3
   cols: 1
   dt: d
   data: [ -2.7784793242973282e-01, 2.0689761475472069e-02,
       9.2109302437349339e-01 ]
CalibrationFrameRMSerror: 3.7005192041397095e-01
