%YAML:1.0
---
CalibrationFramePatternImage: [ 4.21289429e+02, 1.45931747e+02,
    4.54912689e+02, 1.51671295e+02, 4.88855042e+02, 1.57065338e+02,
    5.23582947e+02, 1.62697632e+02, 5.58907837e+02, 1.68644958e+02,
    4.09119446e+02, 1.69475769e+02, 4.43478088e+02, 1.75409653e+02,
    4.78519897e+02, 1.81275299e+02, 5.14194031e+02, 1.87524078e+02,
    5.50387390e+02, 1.94128693e+02, 3.96652435e+02, 1.94636398e+02,
    4.31614960e+02, 2.00900040e+02, 4.67493744e+02, 2.07426254e+02,
    5.03838379e+02, 2.14459900e+02, 5.40990784e+02, 2.21501205e+02,
    3.83485291e+02, 2.22110291e+02, 4.19176300e+02, 2.29092651e+02,
    4.55776093e+02, 2.36161545e+02, 4.93020996e+02, 2.43642883e+02,
    5.31118225e+02, 2.51037384e+02 ]
CalibrationFramePatternWorld: [ 0., 0., 0., 0., 4.43000011e-02, 0., 0.,
    8.86000022e-02, 0., 0., 1.32900000e-01, 0., 0., 1.77200004e-01, 0.,
    4.43000011e-02, 0., 0., 4.43000011e-02, 4.43000011e-02, 0.,
    4.43000011e-02, 8.86000022e-02, 0., 4.43000011e-02, 1.32900000e-01,
    0., 4.43000011e-02, 1.77200004e-01, 0., 8.86000022e-02, 0., 0.,
    8.86000022e-02, 4.43000011e-02, 0., 8.86000022e-02, 8.86000022e-02,
    0., 8.86000022e-02, 1.32900000e-01, 0., 8.86000022e-02,
    1.77200004e-01, 0., 1.32900000e-01, 0., 0., 1.32900000e-01,
    4.43000011e-02, 0., 1.32900000e-01, 8.86000022e-02, 0.,
    1.32900000e-01, 1.32900000e-01, 0., 1.32900000e-01, 1.77200004e-01,
    0. ]
CalibrationFrameExtRotation: !!opencv-matrix
   rows: 3
   cols: 1
   dt: d
   data: [ 1.5761376694629854e+00, 2.2547161472415276e+00,
       -1.0121045241561053e+00 ]
CalibrationFrameExtTranslation: !!opencv-matrix
   rows: 3
   cols: 1
   dt: d
   data: [ 1.2794394711823665e-01, -1.3596360889193396e-01,
       1.0254623497047664e+00 ]
CalibrationFrameRMSerror: 3.6156898736953735e-01
