%YAML:1.0
---
CalibrationFramePatternImage: [ 1.66369431e+02, 7.91698380e+01,
    2.04134583e+02, 8.60213776e+01, 2.41306641e+02, 9.26408005e+01,
    2.77547363e+02, 9.95497208e+01, 3.12902649e+02, 1.06247978e+02,
    1.59023148e+02, 1.17922661e+02, 1.96786255e+02, 1.24093513e+02,
    2.33928253e+02, 1.30374741e+02, 2.70273285e+02, 1.36604996e+02,
    3.05515259e+02, 1.42635300e+02, 1.52149307e+02, 1.56373260e+02,
    1.89879837e+02, 1.62062592e+02, 2.27005966e+02, 1.67662125e+02,
    2.63056885e+02, 1.73326462e+02, 2.98165680e+02, 1.78759491e+02,
    1.45448944e+02, 1.94330109e+02, 1.83048080e+02, 1.99531677e+02,
    2.19765366e+02, 2.04552963e+02, 2.55824173e+02, 2.09571777e+02,
    2.90773407e+02, 2.14467148e+02 ]
CalibrationFramePatternWorld: [ 0., 0., 0., 0., 4.43000011e-02, 0., 0.,
    8.86000022e-02, 0., 0., 1.32900000e-01, 0., 0., 1.77200004e-01, 0.,
    4.43000011e-02, 0., 0., 4.43000011e-02, 4.43000011e-02, 0.,
    4.43000011e-02, 8.86000022e-02, 0., 4.43000011e-02, 1.32900000e-01,
    0., 4.43000011e-02, 1.77200004e-01, 0., 8.86000022e-02, 0., 0.,
    8.86000022e-02, 4.43000011e-02, 0., 8.86000022e-02, 8.86000022e-02,
    0., 8.86000022e-02, 1.32900000e-01, 0., 8.86000022e-02,
    1.77200004e-01, 0., 1.32900000e-01, 0., 0., 1.32900000e-01,
    4.43000011e-02, 0., 1.32900000e-01, 8.86000022e-02, 0.,
    1.32900000e-01, 1.32900000e-01, 0., 1.32900000e-01, 1.77200004e-01,
    0. ]
CalibrationFrameExtRotation: !!opencv-matrix
   rows: 3
   cols: 1
   dt: d
   data: [ 1.9186445630378610e+00, 2.2678365921021273e+00,
       6.3891666597258012e-01 ]
CalibrationFrameExtTranslation: !!opencv-matrix
   rows: 3
   cols: 1
   dt: d
   data: [ -1.7046839186758084e-01, -1.9510757159176367e-01,
       8.9546839055132543e-01 ]
CalibrationFrameRMSerror: 1.2820231914520264e-01
