%YAML:1.0
---
CalibrationFramePatternImage: [ 1.86682388e+02, 1.56209503e+02,
    2.24097824e+02, 1.52709351e+02, 2.62456909e+02, 1.49221832e+02,
    3.01674805e+02, 1.45885529e+02, 3.41624695e+02, 1.42472824e+02,
    1.89286514e+02, 1.95328018e+02, 2.26741852e+02, 1.92349869e+02,
    2.65028046e+02, 1.89265305e+02, 3.04520325e+02, 1.86448853e+02,
    3.44611328e+02, 1.83444717e+02, 1.92216385e+02, 2.34276047e+02,
    2.29541107e+02, 2.31747849e+02, 2.68041168e+02, 2.29331085e+02,
    3.07401489e+02, 2.26904022e+02, 3.47442902e+02, 2.24317139e+02,
    1.95623901e+02, 2.73075012e+02, 2.32953323e+02, 2.71128662e+02,
    2.71270966e+02, 2.69234833e+02, 3.10477386e+02, 2.67305603e+02,
    3.50515533e+02, 2.65255463e+02 ]
CalibrationFramePatternWorld: [ 0., 0., 0., 0., 4.43000011e-02, 0., 0.,
    8.86000022e-02, 0., 0., 1.32900000e-01, 0., 0., 1.77200004e-01, 0.,
    4.43000011e-02, 0., 0., 4.43000011e-02, 4.43000011e-02, 0.,
    4.43000011e-02, 8.86000022e-02, 0., 4.43000011e-02, 1.32900000e-01,
    0., 4.43000011e-02, 1.77200004e-01, 0., 8.86000022e-02, 0., 0.,
    8.86000022e-02, 4.43000011e-02, 0., 8.86000022e-02, 8.86000022e-02,
    0., 8.86000022e-02, 1.32900000e-01, 0., 8.86000022e-02,
    1.77200004e-01, 0., 1.32900000e-01, 0., 0., 1.32900000e-01,
    4.43000011e-02, 0., 1.32900000e-01, 8.86000022e-02, 0.,
    1.32900000e-01, 1.32900000e-01, 0., 1.32900000e-01, 1.77200004e-01,
    0. ]
CalibrationFrameExtRotation: !!opencv-matrix
   rows: 3
   cols: 1
   dt: d
   data: [ -2.1410081295898307e+00, -2.0093683866129521e+00,
       1.3515578015928736e-01 ]
CalibrationFrameExtTranslation: !!opencv-matrix
   rows: 3
   cols: 1
   dt: d
   data: [ -1.4908987618190553e-01, -1.0981003253091794e-01,
       9.1609430034482087e-01 ]
CalibrationFrameRMSerror: 1.6175702214241028e-01
