%YAML:1.0
---
CalibrationFramePatternImage: [ 4.58911133e+01, 2.27532745e+02,
    7.91895981e+01, 2.24896683e+02, 1.11596855e+02, 2.22303467e+02,
    1.42757568e+02, 2.19624420e+02, 1.72988144e+02, 2.17278610e+02,
    5.30807457e+01, 2.63359375e+02, 8.67356033e+01, 2.59932953e+02,
    1.19198715e+02, 2.56377411e+02, 1.50470444e+02, 2.53050125e+02,
    1.80593185e+02, 2.50027451e+02, 6.07050591e+01, 2.99893890e+02,
    9.44389648e+01, 2.95358398e+02, 1.26960213e+02, 2.91237152e+02,
    1.58285538e+02, 2.87256439e+02, 1.88361984e+02, 2.83389313e+02,
    6.84183502e+01, 3.37181183e+02, 1.02103889e+02, 3.32029358e+02,
    1.34569702e+02, 3.26968750e+02, 1.65798447e+02, 3.21921417e+02,
    1.95983032e+02, 3.17104889e+02 ]
CalibrationFramePatternWorld: [ 0., 0., 0., 0., 4.43000011e-02, 0., 0.,
    8.86000022e-02, 0., 0., 1.32900000e-01, 0., 0., 1.77200004e-01, 0.,
    4.43000011e-02, 0., 0., 4.43000011e-02, 4.43000011e-02, 0.,
    4.43000011e-02, 8.86000022e-02, 0., 4.43000011e-02, 1.32900000e-01,
    0., 4.43000011e-02, 1.77200004e-01, 0., 8.86000022e-02, 0., 0.,
    8.86000022e-02, 4.43000011e-02, 0., 8.86000022e-02, 8.86000022e-02,
    0., 8.86000022e-02, 1.32900000e-01, 0., 8.86000022e-02,
    1.77200004e-01, 0., 1.32900000e-01, 0., 0., 1.32900000e-01,
    4.43000011e-02, 0., 1.32900000e-01, 8.86000022e-02, 0.,
    1.32900000e-01, 1.32900000e-01, 0., 1.32900000e-01, 1.77200004e-01,
    0. ]
CalibrationFrameExtRotation: !!opencv-matrix
   rows: 3
   cols: 1
   dt: d
   data: [ 1.8896724827883828e+00, 1.5493366262035442e+00,
       4.2307440732400192e-01 ]
CalibrationFrameExtTranslation: !!opencv-matrix
   rows: 3
   cols: 1
   dt: d
   data: [ -3.2029767158073230e-01, -3.0461588720261546e-02,
       9.3152925060025715e-01 ]
CalibrationFrameRMSerror: 2.4694696068763733e-01
