%YAML:1.0
---
CalibrationFramePatternImage: [ 7.84400177e+01, 1.04258301e+02,
    1.12099960e+02, 9.91627884e+01, 1.45402191e+02, 9.44224777e+01,
    1.77640533e+02, 9.00193710e+01, 2.09018967e+02, 8.60311661e+01,
    7.98389206e+01, 1.37983444e+02, 1.13122810e+02, 1.32550125e+02,
    1.45694992e+02, 1.27229630e+02, 1.77531998e+02, 1.22335114e+02,
    2.08200378e+02, 1.17606316e+02, 8.11526184e+01, 1.70441849e+02,
    1.14056213e+02, 1.64616165e+02, 1.46147644e+02, 1.58989914e+02,
    1.77278015e+02, 1.53553177e+02, 2.07813828e+02, 1.48416794e+02,
    8.25773544e+01, 2.01643661e+02, 1.14680534e+02, 1.95533524e+02,
    1.46291199e+02, 1.89617905e+02, 1.76899948e+02, 1.83681793e+02,
    2.06796890e+02, 1.78085464e+02 ]
CalibrationFramePatternWorld: [ 0., 0., 0., 0., 4.43000011e-02, 0., 0.,
    8.86000022e-02, 0., 0., 1.32900000e-01, 0., 0., 1.77200004e-01, 0.,
    4.43000011e-02, 0., 0., 4.43000011e-02, 4.43000011e-02, 0.,
    4.43000011e-02, 8.86000022e-02, 0., 4.43000011e-02, 1.32900000e-01,
    0., 4.43000011e-02, 1.77200004e-01, 0., 8.86000022e-02, 0., 0.,
    8.86000022e-02, 4.43000011e-02, 0., 8.86000022e-02, 8.86000022e-02,
    0., 8.86000022e-02, 1.32900000e-01, 0., 8.86000022e-02,
    1.77200004e-01, 0., 1.32900000e-01, 0., 0., 1.32900000e-01,
    4.43000011e-02, 0., 1.32900000e-01, 8.86000022e-02, 0.,
    1.32900000e-01, 1.32900000e-01, 0., 1.32900000e-01, 1.77200004e-01,
    0. ]
CalibrationFrameExtRotation: !!opencv-matrix
   rows: 3
   cols: 1
   dt: d
   data: [ -2.1562025229197390e+00, -2.0008217668383246e+00,
       -1.1988996304139610e+00 ]
CalibrationFrameExtTranslation: !!opencv-matrix
   rows: 3
   cols: 1
   dt: d
   data: [ -2.9176600296798166e-01, -1.8161791059662222e-01,
       9.5955173057118970e-01 ]
CalibrationFrameRMSerror: 2.0353238284587860e-01
