%YAML:1.0
---
CalibrationFramePatternImage: [ 1.07931511e+02, 1.37675369e+02,
    1.37830093e+02, 1.49236343e+02, 1.68469742e+02, 1.61176376e+02,
    1.99884659e+02, 1.73668976e+02, 2.32163147e+02, 1.86358215e+02,
    9.63223572e+01, 1.70433807e+02, 1.25603798e+02, 1.82530807e+02,
    1.55948593e+02, 1.94987289e+02, 1.87277756e+02, 2.07748047e+02,
    2.19411026e+02, 2.20770935e+02, 8.52085800e+01, 2.02909088e+02,
    1.14378464e+02, 2.15356415e+02, 1.44305954e+02, 2.28062073e+02,
    1.75396042e+02, 2.41112488e+02, 2.07136459e+02, 2.54403961e+02,
    7.52158432e+01, 2.34778503e+02, 1.03953201e+02, 2.47518890e+02,
    1.33599213e+02, 2.60563446e+02, 1.64227188e+02, 2.73943878e+02,
    1.95450516e+02, 2.87450806e+02 ]
CalibrationFramePatternWorld: [ 0., 0., 0., 0., 4.43000011e-02, 0., 0.,
    8.86000022e-02, 0., 0., 1.32900000e-01, 0., 0., 1.77200004e-01, 0.,
    4.43000011e-02, 0., 0., 4.43000011e-02, 4.43000011e-02, 0.,
    4.43000011e-02, 8.86000022e-02, 0., 4.43000011e-02, 1.32900000e-01,
    0., 4.43000011e-02, 1.77200004e-01, 0., 8.86000022e-02, 0., 0.,
    8.86000022e-02, 4.43000011e-02, 0., 8.86000022e-02, 8.86000022e-02,
    0., 8.86000022e-02, 1.32900000e-01, 0., 8.86000022e-02,
    1.77200004e-01, 0., 1.32900000e-01, 0., 0., 1.32900000e-01,
    4.43000011e-02, 0., 1.32900000e-01, 8.86000022e-02, 0.,
    1.32900000e-01, 1.32900000e-01, 0., 1.32900000e-01, 1.77200004e-01,
    0. ]
CalibrationFrameExtRotation: !!opencv-matrix
   rows: 3
   cols: 1
   dt: d
   data: [ -1.6539950250018722e+00, -2.4330483609016560e+00,
       7.2176330106184128e-02 ]
CalibrationFrameExtTranslation: !!opencv-matrix
   rows: 3
   cols: 1
   dt: d
   data: [ -2.6680014323395279e-01, -1.4680505837388655e-01,
       1.0119966185748950e+00 ]
CalibrationFrameRMSerror: 2.6072475314140320e-01
