%YAML:1.0
---
CalibrationFramePatternImage: [ 4.30189514e+02, 2.58410492e+02,
    4.58470490e+02, 2.58036835e+02, 4.85351196e+02, 2.57767151e+02,
    5.10834137e+02, 2.57786194e+02, 5.34978882e+02, 2.57554810e+02,
    4.25406586e+02, 2.95065552e+02, 4.53968353e+02, 2.93791840e+02,
    4.80867554e+02, 2.92655334e+02, 5.05856293e+02, 2.91528839e+02,
    5.29856689e+02, 2.90400238e+02, 4.20467743e+02, 3.30562469e+02,
    4.48745453e+02, 3.28746429e+02, 4.75568451e+02, 3.26524170e+02,
    5.00583466e+02, 3.24481049e+02, 5.24127441e+02, 3.22448517e+02,
    4.14808228e+02, 3.65410492e+02, 4.42635864e+02, 3.62288635e+02,
    4.69311218e+02, 3.59443359e+02, 4.94384796e+02, 3.56484283e+02,
    5.18235413e+02, 3.53739929e+02 ]
CalibrationFramePatternWorld: [ 0., 0., 0., 0., 4.43000011e-02, 0., 0.,
    8.86000022e-02, 0., 0., 1.32900000e-01, 0., 0., 1.77200004e-01, 0.,
    4.43000011e-02, 0., 0., 4.43000011e-02, 4.43000011e-02, 0.,
    4.43000011e-02, 8.86000022e-02, 0., 4.43000011e-02, 1.32900000e-01,
    0., 4.43000011e-02, 1.77200004e-01, 0., 8.86000022e-02, 0., 0.,
    8.86000022e-02, 4.43000011e-02, 0., 8.86000022e-02, 8.86000022e-02,
    0., 8.86000022e-02, 1.32900000e-01, 0., 8.86000022e-02,
    1.77200004e-01, 0., 1.32900000e-01, 0., 0., 1.32900000e-01,
    4.43000011e-02, 0., 1.32900000e-01, 8.86000022e-02, 0.,
    1.32900000e-01, 1.32900000e-01, 0., 1.32900000e-01, 1.77200004e-01,
    0. ]
CalibrationFrameExtRotation: !!opencv-matrix
   rows: 3
   cols: 1
   dt: d
   data: [ 1.9233023829172560e+00, 2.0402045735772520e+00,
       7.7413988016621393e-01 ]
CalibrationFrameExtTranslation: !!opencv-matrix
   rows: 3
   cols: 1
   dt: d
   data: [ 1.2939431603416801e-01, 6.0344493869009235e-03,
       9.5749154444577655e-01 ]
CalibrationFrameRMSerror: 3.3363169431686401e-01
