%YAML:1.0
---
CalibrationFramePatternImage: [ 1.77900604e+02, 1.05368202e+02,
    2.15013489e+02, 9.25728683e+01, 2.52495117e+02, 7.96262741e+01,
    2.89920380e+02, 6.69789200e+01, 3.27700562e+02, 5.46810837e+01,
    1.88315720e+02, 1.41084396e+02, 2.25954056e+02, 1.28438110e+02,
    2.63877747e+02, 1.15384834e+02, 3.01890106e+02, 1.02563881e+02,
    3.40051392e+02, 9.00837479e+01, 1.98994629e+02, 1.77575012e+02,
    2.37027390e+02, 1.64724945e+02, 2.75387146e+02, 1.51930832e+02,
    3.13964447e+02, 1.39073639e+02, 3.52661652e+02, 1.26538124e+02,
    2.10148331e+02, 2.15159088e+02, 2.48552155e+02, 2.02473068e+02,
    2.87262817e+02, 1.89644714e+02, 3.26307526e+02, 1.76931290e+02,
    3.65220947e+02, 1.64157349e+02 ]
CalibrationFramePatternWorld: [ 0., 0., 0., 0., 4.43000011e-02, 0., 0.,
    8.86000022e-02, 0., 0., 1.32900000e-01, 0., 0., 1.77200004e-01, 0.,
    4.43000011e-02, 0., 0., 4.43000011e-02, 4.43000011e-02, 0.,
    4.43000011e-02, 8.86000022e-02, 0., 4.43000011e-02, 1.32900000e-01,
    0., 4.43000011e-02, 1.77200004e-01, 0., 8.86000022e-02, 0., 0.,
    8.86000022e-02, 4.43000011e-02, 0., 8.86000022e-02, 8.86000022e-02,
    0., 8.86000022e-02, 1.32900000e-01, 0., 8.86000022e-02,
    1.77200004e-01, 0., 1.32900000e-01, 0., 0., 1.32900000e-01,
    4.43000011e-02, 0., 1.32900000e-01, 8.86000022e-02, 0.,
    1.32900000e-01, 1.32900000e-01, 0., 1.32900000e-01, 1.77200004e-01,
    0. ]
CalibrationFrameExtRotation: !!opencv-matrix
   rows: 3
   cols: 1
   dt: d
   data: [ 2.5132791388261144e+00, 1.8306244456013407e+00,
       -2.0312947593661024e-01 ]
CalibrationFrameExtTranslation: !!opencv-matrix
   rows: 3
   cols: 1
   dt: d
   data: [ -1.5885387475350132e-01, -1.6753452971575697e-01,
       9.0982870320493014e-01 ]
CalibrationFrameRMSerror: 1.5952844917774200e-01
