%YAML:1.0
---
CalibrationFramePatternImage: [ 2.39783249e+02, 1.93319748e+02,
    2.66103516e+02, 1.85712860e+02, 2.92044647e+02, 1.78737503e+02,
    3.17388885e+02, 1.71839569e+02, 3.41947693e+02, 1.65248260e+02,
    2.44872742e+02, 2.20784012e+02, 2.70904663e+02, 2.13267029e+02,
    2.96566406e+02, 2.05890350e+02, 3.21675568e+02, 1.98704132e+02,
    3.45970367e+02, 1.91796631e+02, 2.49802032e+02, 2.47756714e+02,
    2.75755676e+02, 2.40073044e+02, 3.01147949e+02, 2.32454437e+02,
    3.25718140e+02, 2.24917496e+02, 3.49811707e+02, 2.17889114e+02,
    2.54337051e+02, 2.74011139e+02, 2.80018951e+02, 2.66129425e+02,
    3.05205536e+02, 2.58198273e+02, 3.29439270e+02, 2.50544540e+02,
    3.53140350e+02, 2.43104568e+02 ]
CalibrationFramePatternWorld: [ 0., 0., 0., 0., 4.43000011e-02, 0., 0.,
    8.86000022e-02, 0., 0., 1.32900000e-01, 0., 0., 1.77200004e-01, 0.,
    4.43000011e-02, 0., 0., 4.43000011e-02, 4.43000011e-02, 0.,
    4.43000011e-02, 8.86000022e-02, 0., 4.43000011e-02, 1.32900000e-01,
    0., 4.43000011e-02, 1.77200004e-01, 0., 8.86000022e-02, 0., 0.,
    8.86000022e-02, 4.43000011e-02, 0., 8.86000022e-02, 8.86000022e-02,
    0., 8.86000022e-02, 1.32900000e-01, 0., 8.86000022e-02,
    1.77200004e-01, 0., 1.32900000e-01, 0., 0., 1.32900000e-01,
    4.43000011e-02, 0., 1.32900000e-01, 8.86000022e-02, 0.,
    1.32900000e-01, 1.32900000e-01, 0., 1.32900000e-01, 1.77200004e-01,
    0. ]
CalibrationFrameExtRotation: !!opencv-matrix
   rows: 3
   cols: 1
   dt: d
   data: [ 2.3013609280531231e+00, 1.8246424146677060e+00,
       8.0269187196293679e-01 ]
CalibrationFrameExtTranslation: !!opencv-matrix
   rows: 3
   cols: 1
   dt: d
   data: [ -1.1979085456821492e-01, -9.0966578208684271e-02,
       1.2346075365066576e+00 ]
CalibrationFrameRMSerror: 1.7652207612991333e-01
