%YAML:1.0
---
CalibrationFramePatternImage: [ 1.94569946e+02, 2.86357819e+02,
    2.25263382e+02, 2.92816559e+02, 2.56659302e+02, 2.99489868e+02,
    2.89083893e+02, 3.06330627e+02, 3.22589630e+02, 3.13292664e+02,
    1.89567032e+02, 3.19880585e+02, 2.19625473e+02, 3.26933105e+02,
    2.51002579e+02, 3.34146454e+02, 2.83436218e+02, 3.41439240e+02,
    3.16757172e+02, 3.48881073e+02, 1.84868896e+02, 3.52949432e+02,
    2.14928162e+02, 3.60498169e+02, 2.46020340e+02, 3.68005585e+02,
    2.78218445e+02, 3.75649139e+02, 3.11367950e+02, 3.83488678e+02,
    1.81122971e+02, 3.85171631e+02, 2.11166458e+02, 3.93061493e+02,
    2.41832718e+02, 4.01057556e+02, 2.73657257e+02, 4.09159546e+02,
    3.06455475e+02, 4.17236725e+02 ]
CalibrationFramePatternWorld: [ 0., 0., 0., 0., 4.43000011e-02, 0., 0.,
    8.86000022e-02, 0., 0., 1.32900000e-01, 0., 0., 1.77200004e-01, 0.,
    4.43000011e-02, 0., 0., 4.43000011e-02, 4.43000011e-02, 0.,
    4.43000011e-02, 8.86000022e-02, 0., 4.43000011e-02, 1.32900000e-01,
    0., 4.43000011e-02, 1.77200004e-01, 0., 8.86000022e-02, 0., 0.,
    8.86000022e-02, 4.43000011e-02, 0., 8.86000022e-02, 8.86000022e-02,
    0., 8.86000022e-02, 1.32900000e-01, 0., 8.86000022e-02,
    1.77200004e-01, 0., 1.32900000e-01, 0., 0., 1.32900000e-01,
    4.43000011e-02, 0., 1.32900000e-01, 8.86000022e-02, 0.,
    1.32900000e-01, 1.32900000e-01, 0., 1.32900000e-01, 1.77200004e-01,
    0. ]
CalibrationFrameExtRotation: !!opencv-matrix
   rows: 3
   cols: 1
   dt: d
   data: [ -1.8427937566510146e+00, -2.1780381733321406e+00,
       3.0143828430864028e-01 ]
CalibrationFrameExtTranslation: !!opencv-matrix
   rows: 3
   cols: 1
   dt: d
   data: [ -1.6072315604530482e-01, 4.2953389350177569e-02,
       1.0525842544277357e+00 ]
CalibrationFrameRMSerror: 3.2066538929939270e-01
