%YAML:1.0
---
CalibrationFramePatternImage: [ 3.82970520e+02, 1.54633255e+02,
    4.15297485e+02, 1.50970657e+02, 4.46539948e+02, 1.47764603e+02,
    4.76297943e+02, 1.44765366e+02, 5.04531830e+02, 1.41925308e+02,
    3.79993103e+02, 1.89367035e+02, 4.12289124e+02, 1.85048981e+02,
    4.42926331e+02, 1.81059387e+02, 4.72373779e+02, 1.77115494e+02,
    5.00180298e+02, 1.73432388e+02, 3.77069366e+02, 2.22582138e+02,
    4.08653748e+02, 2.17849701e+02, 4.38952026e+02, 2.13103775e+02,
    4.67787537e+02, 2.08561493e+02, 4.95188904e+02, 2.04246109e+02,
    3.74007660e+02, 2.54442947e+02, 4.04908386e+02, 2.48808487e+02,
    4.34713776e+02, 2.43565353e+02, 4.63059052e+02, 2.38634995e+02,
    4.90117157e+02, 2.33895874e+02 ]
CalibrationFramePatternWorld: [ 0., 0., 0., 0., 4.43000011e-02, 0., 0.,
    8.86000022e-02, 0., 0., 1.32900000e-01, 0., 0., 1.77200004e-01, 0.,
    4.43000011e-02, 0., 0., 4.43000011e-02, 4.43000011e-02, 0.,
    4.43000011e-02, 8.86000022e-02, 0., 4.43000011e-02, 1.32900000e-01,
    0., 4.43000011e-02, 1.77200004e-01, 0., 8.86000022e-02, 0., 0.,
    8.86000022e-02, 4.43000011e-02, 0., 8.86000022e-02, 8.86000022e-02,
    0., 8.86000022e-02, 1.32900000e-01, 0., 8.86000022e-02,
    1.77200004e-01, 0., 1.32900000e-01, 0., 0., 1.32900000e-01,
    4.43000011e-02, 0., 1.32900000e-01, 8.86000022e-02, 0.,
    1.32900000e-01, 1.32900000e-01, 0., 1.32900000e-01, 1.77200004e-01,
    0. ]
CalibrationFrameExtRotation: !!opencv-matrix
   rows: 3
   cols: 1
   dt: d
   data: [ 2.1963723291141224e+00, 2.0738370709803418e+00,
       1.0247076138390387e+00 ]
CalibrationFrameExtTranslation: !!opencv-matrix
   rows: 3
   cols: 1
   dt: d
   data: [ 7.4142403589338948e-02, -1.1559121988916575e-01,
       9.5652414291993604e-01 ]
CalibrationFrameRMSerror: 2.4423427879810333e-01
