%YAML:1.0
---
CalibrationFramePatternImage: [ 1.34567307e+02, 1.46137558e+02,
    1.78639923e+02, 1.43252655e+02, 2.21751007e+02, 1.40589905e+02,
    2.63539856e+02, 1.38273773e+02, 3.03618561e+02, 1.36277756e+02,
    1.36836441e+02, 1.91669205e+02, 1.80767609e+02, 1.87965302e+02,
    2.23572342e+02, 1.84639343e+02, 2.64992859e+02, 1.81449677e+02,
    3.04765381e+02, 1.78554276e+02, 1.39428223e+02, 2.36082764e+02,
    1.82965256e+02, 2.31818253e+02, 2.25425034e+02, 2.27795486e+02,
    2.66263428e+02, 2.23902420e+02, 3.05849701e+02, 2.20158997e+02,
    1.41911438e+02, 2.79670166e+02, 1.84926376e+02, 2.74802124e+02,
    2.26822647e+02, 2.69996185e+02, 2.67154449e+02, 2.65297974e+02,
    3.06486694e+02, 2.60966888e+02 ]
CalibrationFramePatternWorld: [ 0., 0., 0., 0., 4.43000011e-02, 0., 0.,
    8.86000022e-02, 0., 0., 1.32900000e-01, 0., 0., 1.77200004e-01, 0.,
    4.43000011e-02, 0., 0., 4.43000011e-02, 4.43000011e-02, 0.,
    4.43000011e-02, 8.86000022e-02, 0., 4.43000011e-02, 1.32900000e-01,
    0., 4.43000011e-02, 1.77200004e-01, 0., 8.86000022e-02, 0., 0.,
    8.86000022e-02, 4.43000011e-02, 0., 8.86000022e-02, 8.86000022e-02,
    0., 8.86000022e-02, 1.32900000e-01, 0., 8.86000022e-02,
    1.77200004e-01, 0., 1.32900000e-01, 0., 0., 1.32900000e-01,
    4.43000011e-02, 0., 1.32900000e-01, 8.86000022e-02, 0.,
    1.32900000e-01, 1.32900000e-01, 0., 1.32900000e-01, 1.77200004e-01,
    0. ]
CalibrationFrameExtRotation: !!opencv-matrix
   rows: 3
   cols: 1
   dt: d
   data: [ 2.1277530761037164e+00, 1.9969015883816006e+00,
       6.5565415859070819e-01 ]
CalibrationFrameExtTranslation: !!opencv-matrix
   rows: 3
   cols: 1
   dt: d
   data: [ -1.7760907878975321e-01, -1.0363123056929256e-01,
       7.7649396695684936e-01 ]
CalibrationFrameRMSerror: 2.1165342628955841e-01
