%YAML:1.0
---
CalibrationFramePatternImage: [ 3.88529175e+02, 1.06401169e+02,
    4.23842865e+02, 1.09024658e+02, 4.58395935e+02, 1.11720078e+02,
    4.92084900e+02, 1.14485703e+02, 5.24785339e+02, 1.17387405e+02,
    3.86747650e+02, 1.42628738e+02, 4.22180695e+02, 1.44999008e+02,
    4.56828949e+02, 1.47209122e+02, 4.90556213e+02, 1.49669006e+02,
    5.23305420e+02, 1.52225601e+02, 3.84688293e+02, 1.78674408e+02,
    4.20169952e+02, 1.80555618e+02, 4.54717407e+02, 1.82794815e+02,
    4.88388763e+02, 1.84892792e+02, 5.21196472e+02, 1.87120850e+02,
    3.82180847e+02, 2.14462845e+02, 4.17487671e+02, 2.16422256e+02,
    4.52011902e+02, 2.18128189e+02, 4.85815155e+02, 2.20048721e+02,
    5.18559021e+02, 2.21841934e+02 ]
CalibrationFramePatternWorld: [ 0., 0., 0., 0., 4.43000011e-02, 0., 0.,
    8.86000022e-02, 0., 0., 1.32900000e-01, 0., 0., 1.77200004e-01, 0.,
    4.43000011e-02, 0., 0., 4.43000011e-02, 4.43000011e-02, 0.,
    4.43000011e-02, 8.86000022e-02, 0., 4.43000011e-02, 1.32900000e-01,
    0., 4.43000011e-02, 1.77200004e-01, 0., 8.86000022e-02, 0., 0.,
    8.86000022e-02, 4.43000011e-02, 0., 8.86000022e-02, 8.86000022e-02,
    0., 8.86000022e-02, 1.32900000e-01, 0., 8.86000022e-02,
    1.77200004e-01, 0., 1.32900000e-01, 0., 0., 1.32900000e-01,
    4.43000011e-02, 0., 1.32900000e-01, 8.86000022e-02, 0.,
    1.32900000e-01, 1.32900000e-01, 0., 1.32900000e-01, 1.77200004e-01,
    0. ]
CalibrationFrameExtRotation: !!opencv-matrix
   rows: 3
   cols: 1
   dt: d
   data: [ 2.1599416181275619e+00, 2.2624237433021546e+00,
       2.6841998032172160e-01 ]
CalibrationFrameExtTranslation: !!opencv-matrix
   rows: 3
   cols: 1
   dt: d
   data: [ 8.3527954791193432e-02, -1.7906005916859244e-01,
       9.8580183748498418e-01 ]
CalibrationFrameRMSerror: 2.2665840387344360e-01
