%YAML:1.0
---
CalibrationFramePatternImage: [ 4.45677063e+02, 1.62420624e+02,
    4.75766113e+02, 1.79740540e+02, 5.06108398e+02, 1.97368011e+02,
    5.36718201e+02, 2.15514786e+02, 5.67543396e+02, 2.33895370e+02,
    4.28420074e+02, 1.92542389e+02, 4.58051147e+02, 2.10156219e+02,
    4.88262634e+02, 2.28097046e+02, 5.18718384e+02, 2.46476074e+02,
    5.49315979e+02, 2.65095581e+02, 4.11250000e+02, 2.22466431e+02,
    4.40598358e+02, 2.40293076e+02, 4.70560181e+02, 2.58590057e+02,
    5.00783722e+02, 2.77131256e+02, 5.31160339e+02, 2.95875671e+02,
    3.94304962e+02, 2.52329468e+02, 4.23444366e+02, 2.70346069e+02,
    4.53008942e+02, 2.88816925e+02, 4.82825745e+02, 3.07384460e+02,
    5.13008850e+02, 3.26319153e+02 ]
CalibrationFramePatternWorld: [ 0., 0., 0., 0., 4.43000011e-02, 0., 0.,
    8.86000022e-02, 0., 0., 1.32900000e-01, 0., 0., 1.77200004e-01, 0.,
    4.43000011e-02, 0., 0., 4.43000011e-02, 4.43000011e-02, 0.,
    4.43000011e-02, 8.86000022e-02, 0., 4.43000011e-02, 1.32900000e-01,
    0., 4.43000011e-02, 1.77200004e-01, 0., 8.86000022e-02, 0., 0.,
    8.86000022e-02, 4.43000011e-02, 0., 8.86000022e-02, 8.86000022e-02,
    0., 8.86000022e-02, 1.32900000e-01, 0., 8.86000022e-02,
    1.77200004e-01, 0., 1.32900000e-01, 0., 0., 1.32900000e-01,
    4.43000011e-02, 0., 1.32900000e-01, 8.86000022e-02, 0.,
    1.32900000e-01, 1.32900000e-01, 0., 1.32900000e-01, 1.77200004e-01,
    0. ]
CalibrationFrameExtRotation: !!opencv-matrix
   rows: 3
   cols: 1
   dt: d
   data: [ -1.3840964882368683e+00, -2.4245922370217596e+00,
       2.0386910461547050e-01 ]
CalibrationFrameExtTranslation: !!opencv-matrix
   rows: 3
   cols: 1
   dt: d
   data: [ 1.5721918056887357e-01, -1.1475284354192848e-01,
       1.0175578912771530e+00 ]
CalibrationFrameRMSerror: 2.4315360188484192e-01
