%YAML:1.0
---
CalibrationFramePatternImage: [ 2.56894073e+02, 2.01353897e+02,
    2.81516479e+02, 2.03169724e+02, 3.06476532e+02, 2.05136658e+02,
    3.32171234e+02, 2.07058212e+02, 3.58462250e+02, 2.09030853e+02,
    2.54618683e+02, 2.28630844e+02, 2.79203156e+02, 2.30961685e+02,
    3.04366241e+02, 2.33230957e+02, 3.29879364e+02, 2.35547195e+02,
    3.56272827e+02, 2.37787674e+02, 2.52424713e+02, 2.55742599e+02,
    2.76827789e+02, 2.58353699e+02, 3.01897125e+02, 2.60953674e+02,
    3.27771118e+02, 2.63662567e+02, 3.54082153e+02, 2.66529724e+02,
    2.50866669e+02, 2.82636261e+02, 2.75268890e+02, 2.85639404e+02,
    3.00200104e+02, 2.88658386e+02, 3.25872345e+02, 2.91752350e+02,
    3.52054810e+02, 2.94803650e+02 ]
CalibrationFramePatternWorld: [ 0., 0., 0., 0., 4.43000011e-02, 0., 0.,
    8.86000022e-02, 0., 0., 1.32900000e-01, 0., 0., 1.77200004e-01, 0.,
    4.43000011e-02, 0., 0., 4.43000011e-02, 4.43000011e-02, 0.,
    4.43000011e-02, 8.86000022e-02, 0., 4.43000011e-02, 1.32900000e-01,
    0., 4.43000011e-02, 1.77200004e-01, 0., 8.86000022e-02, 0., 0.,
    8.86000022e-02, 4.43000011e-02, 0., 8.86000022e-02, 8.86000022e-02,
    0., 8.86000022e-02, 1.32900000e-01, 0., 8.86000022e-02,
    1.77200004e-01, 0., 1.32900000e-01, 0., 0., 1.32900000e-01,
    4.43000011e-02, 0., 1.32900000e-01, 8.86000022e-02, 0.,
    1.32900000e-01, 1.32900000e-01, 0., 1.32900000e-01, 1.77200004e-01,
    0. ]
CalibrationFrameExtRotation: !!opencv-matrix
   rows: 3
   cols: 1
   dt: d
   data: [ -1.8852348095239242e+00, -2.0586249182522049e+00,
       3.8122102357207294e-01 ]
CalibrationFrameExtTranslation: !!opencv-matrix
   rows: 3
   cols: 1
   dt: d
   data: [ -1.0124302729240896e-01, -8.4357797467293327e-02,
       1.3313505917276744e+00 ]
CalibrationFrameRMSerror: 2.1595670282840729e-01
